0.9974 0.1019 -0.1034 -2.4809 -0.0720 0.6948 -0.7156 0.0058 -0.0001 -0.7156 -0.6948 -0.0069
0.9977 0.0963 -0.0978 -3.0869 -0.0681 0.6948 -0.7160 0.0058 -0.0001 -0.7160 -0.6948 -0.0086
0.9972 0.1052 -0.1064 -3.7557 -0.0744 0.6974 -0.7128 0.0057 -0.0000 -0.7128 -0.6974 -0.0104
0.9965 0.1174 -0.1193 -4.4970 -0.0830 0.6934 -0.7158 0.0056 -0.0001 -0.7158 -0.6934 -0.0124
0.9960 0.1259 -0.1273 -5.3138 -0.0890 0.6966 -0.7120 0.0056 0.0000 -0.7120 -0.6966 -0.0147
0.9956 0.1321 -0.1337 -6.2073 -0.0934 0.6954 -0.7125 0.0055 -0.0000 -0.7125 -0.6954 -0.0171
0.9953 0.1371 -0.1388 -7.1805 -0.0970 0.6952 -0.7122 0.0055 -0.0000 -0.7122 -0.6952 -0.0198
0.9958 0.1290 -0.1305 -8.2238 -0.0912 0.6957 -0.7125 0.0056 -0.0000 -0.7125 -0.6957 -0.0226
0.9981 0.0862 -0.0872 -9.2941 -0.0609 0.6973 -0.7142 0.0057 -0.0001 -0.7142 -0.6973 -0.0255
0.9997 0.0341 -0.0345 -10.3488 -0.0241 0.6984 -0.7153 0.0059 -0.0001 -0.7153 -0.6984 -0.0284
1.0000 -0.0054 0.0055 -11.3731 0.0038 0.6986 -0.7155 0.0061 -0.0001 -0.7155 -0.6986 -0.0312
0.9998 -0.0312 0.0316 -12.3616 0.0221 0.6984 -0.7154 0.0062 -0.0001 -0.7154 -0.6984 -0.0339
0.9995 -0.0467 0.0473 -13.3126 0.0330 0.6981 -0.7152 0.0063 -0.0001 -0.7152 -0.6981 -0.0365
0.9991 -0.0595 0.0602 -15.1028 0.0420 0.6978 -0.7151 0.0063 -0.0001 -0.7151 -0.6978 -0.0413
0.9991 -0.0611 0.0618 -16.7496 0.0432 0.6977 -0.7151 0.0063 -0.0001 -0.7151 -0.6977 -0.0458
0.9991 -0.0594 0.0601 -18.2607 0.0420 0.6977 -0.7152 0.0063 -0.0001 -0.7152 -0.6977 -0.0499
0.9996 -0.0403 0.0408 -19.6615 0.0285 0.6979 -0.7156 0.0063 -0.0001 -0.7156 -0.6979 -0.0537
0.9997 0.0335 -0.0340 -21.1187 -0.0237 0.6981 -0.7156 0.0060 -0.0001 -0.7156 -0.6981 -0.0577
0.9994 0.0498 -0.0504 -22.7600 -0.0352 0.6979 -0.7153 0.0059 -0.0001 -0.7153 -0.6979 -0.0622
0.9999 -0.0242 0.0245 -25.1762 0.0171 0.6982 -0.7157 0.0062 -0.0001 -0.7157 -0.6982 -0.0688
0.9997 -0.0322 0.0326 -27.3546 0.0228 0.6980 -0.7157 0.0062 -0.0001 -0.7157 -0.6981 -0.0747
0.9987 0.0711 -0.0719 -29.6684 -0.0502 0.6974 -0.7149 0.0058 -0.0001 -0.7149 -0.6974 -0.0810
0.9961 0.1241 -0.1256 -32.5981 -0.0878 0.6959 -0.7128 0.0056 -0.0001 -0.7128 -0.6959 -0.0890
0.9963 0.1217 -0.1231 -36.1645 -0.0860 0.6962 -0.7127 0.0056 -0.0001 -0.7127 -0.6962 -0.0987
0.9969 0.1114 -0.1127 -40.3146 -0.0788 0.6968 -0.7129 0.0056 -0.0001 -0.7129 -0.6968 -0.1100
0.9999 0.0186 -0.0188 -43.2213 -0.0131 0.6989 -0.7151 0.0060 -0.0001 -0.7151 -0.6989 -0.1178
0.9993 -0.0520 0.0526 -45.9701 0.0368 0.6984 -0.7147 0.0063 -0.0001 -0.7147 -0.6984 -0.1253
0.9985 -0.0779 0.0788 -48.5167 0.0551 0.6977 -0.7143 0.0064 -0.0001 -0.7143 -0.6977 -0.1322
0.9983 -0.0820 0.0830 -51.9702 0.0580 0.6973 -0.7144 0.0064 -0.0001 -0.7144 -0.6973 -0.1416
0.9987 -0.0713 0.0732 -55.9680 0.0505 0.6878 -0.7241 0.0064 -0.0000 -0.7241 -0.6878 -0.1524
0.9994 -0.0496 0.0510 -60.1380 0.0351 0.6859 -0.7269 0.0063 -0.0000 -0.7269 -0.6859 -0.1639
0.9994 -0.0504 0.0519 -63.6351 0.0356 0.6843 -0.7283 0.0063 -0.0000 -0.7283 -0.6843 -0.1735
0.9983 0.0078 -0.0408 -67.0966 -0.0240 -0.5261 -0.8501 0.0059 -0.0527 -0.8494 0.5272 -0.2160
1.0000 -0.0001 -0.0002 -69.8095 -0.0002 -0.8896 -0.4567 0.0061 0.0010 -0.4567 0.8896 -0.3190
0.9996 -0.0025 0.0031 -75.5152 0.0018 0.4885 -0.8726 0.0061 -0.0274 -0.8725 -0.4885 -0.8561
0.9793 0.0267 -0.0233 -78.9579 -0.0192 0.7904 -0.6123 0.0060 -0.2015 -0.6153 -0.7880 -1.7355
0.9488 -0.0329 0.0993 -80.3962 -0.0543 0.3492 0.9355 0.0058 -0.3113 0.9296 -0.3650 -2.5540
0.8935 0.0558 -0.1072 -81.7886 -0.0566 -0.0159 -0.9983 0.0058 -0.4454 -0.9979 0.0411 -3.8423
0.9820 -0.0597 0.0580 -83.0836 -0.0426 -0.7269 0.6854 0.0058 -0.1838 0.6912 0.7215 -5.5131
0.9878 -0.0129 0.0271 -83.7078 -0.0137 0.0544 0.9984 0.0060 -0.1552 0.9983 -0.0565 -6.3693
0.9869 -0.0085 -0.0007 -84.2856 0.0090 0.9992 0.0401 0.0061 -0.1609 0.0416 -0.9991 -7.2209
0.9825 -0.0013 0.0177 -84.8149 0.0118 -0.6539 -0.7565 0.0062 -0.1858 -0.7579 0.6523 -8.0836
0.9741 0.0001 0.0054 -85.2997 -0.0040 0.7298 0.6837 0.0061 -0.2262 0.6830 -0.7304 -8.9905
0.9915 0.0298 -0.0468 -85.7766 -0.0244 0.2624 -0.9647 0.0059 -0.1281 -0.9655 -0.2594 -9.9490
0.9972 0.0151 -0.0354 -86.2601 -0.0179 -0.1465 -0.9890 0.0060 -0.0729 -0.9889 0.1478 -10.9231
0.9968 0.0000 -0.0008 -86.7228 -0.0006 -0.6842 -0.7293 0.0061 -0.0805 -0.7292 0.6843 -11.8890
0.9936 0.0046 -0.0039 -87.1532 0.0033 -0.8076 0.5897 0.0061 -0.1131 0.5894 0.8078 -12.8572
0.9953 0.0340 -0.0601 -87.9359 -0.0303 0.1277 -0.9913 0.0059 -0.0920 -0.9917 -0.1250 -14.9155
0.9975 -0.0000 0.0004 -88.6976 0.0003 -0.6907 -0.7231 0.0061 -0.0711 -0.7231 0.6907 -17.0449
0.9875 -0.0169 -0.0021 -89.3096 0.0182 0.9981 0.0581 0.0062 -0.1566 0.0610 -0.9980 -19.1119
0.9982 0.0205 -0.0488 -89.8412 -0.0247 -0.1572 -0.9873 0.0059 -0.0538 -0.9870 0.1585 -21.2626
0.9940 0.0015 -0.0014 -90.3221 0.0011 -0.7793 0.6266 0.0061 -0.1096 0.6266 0.7794 -23.4815
0.9739 -0.0113 0.0069 -90.6043 -0.0087 -0.9158 0.4015 0.0060 -0.2268 0.4033 0.9150 -25.7025
0.9949 0.0512 -0.0114 -90.7449 -0.0461 0.9913 -0.1234 0.0058 -0.0901 -0.1275 -0.9908 -28.1043
0.9968 0.0093 -0.0097 -90.8462 -0.0066 0.6721 -0.7404 0.0061 -0.0799 -0.7408 -0.6717 -30.5815
0.9835 -0.0071 0.0225 -90.8090 -0.0121 0.3541 0.9351 0.0060 -0.1805 0.9344 -0.3561 -33.0313
0.9838 -0.0112 0.0689 -90.5082 -0.0421 0.5664 0.8231 0.0058 -0.1744 0.8189 -0.5724 -35.6086
0.9768 -0.0075 0.0185 -89.4973 -0.0095 0.2017 0.9794 0.0060 -0.2138 0.9790 -0.2037 -40.7913
0.9947 0.0217 -0.0267 -88.7402 -0.0158 0.5300 -0.8478 0.0060 -0.1021 -0.8487 -0.5286 -43.4113
0.9885 0.0108 -0.0042 -87.9005 0.0090 -0.9721 0.2343 0.0061 -0.1507 0.2330 0.9724 -45.9492
0.9978 0.0017 -0.0037 -86.9671 0.0018 0.0438 0.9990 0.0061 -0.0660 0.9990 -0.0437 -48.4666
0.9836 0.0058 -0.0027 -85.0021 0.0047 -0.9550 0.2967 0.0061 -0.1804 0.2959 0.9552 -53.1666
0.9966 0.0029 0.0128 -83.8047 -0.0114 0.8251 0.5649 0.0060 -0.0814 0.5641 -0.8256 -55.4887
0.9904 -0.0079 0.0182 -82.5496 0.0092 -0.1354 -0.9908 0.0061 -0.1379 -0.9909 0.1341 -57.7222
0.9984 0.0007 0.0002 -81.2110 0.0008 -0.9920 -0.1260 0.0061 -0.0569 -0.1261 0.9920 -59.9265
0.9851 -0.0038 0.0073 -78.5070 0.0037 0.0362 -0.9993 0.0061 -0.1720 -0.9993 -0.0369 -64.0116
0.9916 -0.0044 -0.0061 -75.3682 0.0081 0.9260 0.3774 0.0061 -0.1288 0.3783 -0.9256 -67.8991
0.9658 0.0227 0.0049 -73.5784 -0.0262 0.9951 0.0953 0.0059 -0.2579 0.0886 -0.9957 -69.6895
0.9015 0.0312 0.0308 -68.7976 -0.0549 0.9541 0.2943 0.0058 -0.4292 0.2717 -0.9611 -72.4918
0.9362 0.0257 -0.0705 -67.3980 -0.0382 -0.3000 -0.9532 0.0059 -0.3495 -0.9492 0.3128 -72.9855
0.9577 -0.0022 -0.0079 -66.0009 -0.0077 -0.8486 -0.5290 0.0060 -0.2876 -0.5271 0.8498 -73.4129
0.9763 0.0116 0.0127 -64.6346 0.0195 -0.9444 -0.3282 0.0062 -0.2157 -0.3322 0.9430 -73.7944
0.9882 0.0249 0.0186 -63.3092 0.0359 -0.9646 -0.2611 0.0063 -0.1492 -0.2663 0.9632 -74.1469
0.9965 0.0086 -0.0088 -60.6826 0.0061 -0.6879 0.7258 0.0061 -0.0836 0.7254 0.6883 -74.7914
0.9971 -0.0121 0.0238 -57.9518 -0.0119 -0.0127 0.9998 0.0060 -0.0751 0.9999 0.0119 -75.4250
0.9964 0.0198 -0.0309 -55.1716 -0.0161 0.2717 -0.9622 0.0060 -0.0837 -0.9626 -0.2704 -75.9538
0.9988 -0.0132 0.0299 -52.3889 0.0151 -0.1157 -0.9932 0.0062 -0.0459 -0.9933 0.1150 -76.4312
0.9922 0.0390 -0.0390 -49.7336 0.0276 -0.7059 0.7077 0.0063 -0.1215 0.7054 0.7083 -76.8101
0.9985 0.0027 -0.0157 -47.0722 0.0094 0.5485 0.8361 0.0061 -0.0537 0.8364 -0.5481 -77.1017
0.9977 -0.0109 -0.0111 -44.4813 0.0174 0.9474 0.3196 0.0062 -0.0658 0.3207 -0.9470 -77.3506
0.9997 -0.0049 0.0019 -41.8741 0.0041 0.9734 -0.2292 0.0061 -0.0254 -0.2291 -0.9734 -77.5638
1.0000 0.0071 -0.0030 -38.0529 -0.0058 0.9660 -0.2584 0.0061 -0.0073 -0.2585 -0.9660 -77.8638
0.9989 0.0581 -0.0245 -35.3466 -0.0475 0.9652 -0.2573 0.0058 -0.0027 -0.2575 -0.9651 -78.0746
0.9973 0.0783 -0.1344 -32.4057 -0.0681 0.1630 -0.9843 0.0057 -0.0272 -0.9846 -0.1612 -78.2670
0.9971 0.0735 -0.1469 -30.8417 -0.0735 0.0011 -0.9973 0.0057 -0.0216 -0.9973 0.0005 -78.3598
0.9969 0.0726 -0.1531 -29.2149 -0.0766 -0.0517 -0.9957 0.0056 -0.0180 -0.9956 0.0531 -78.4519
0.9954 0.0097 -0.1194 -27.5254 -0.0780 -0.6407 -0.7638 0.0056 -0.0556 -0.7610 0.6441 -78.5317
0.9962 -0.0765 -0.0063 -23.9578 -0.0797 -0.9960 -0.0391 0.0056 -0.0348 -0.0363 0.9962 -78.6652
0.9965 -0.0861 0.0127 -20.1400 -0.0800 -0.9937 0.0789 0.0056 -0.0238 0.0808 0.9935 -78.7799
0.9971 -0.0823 0.0149 -16.0790 -0.0752 -0.9922 0.0990 0.0056 -0.0126 0.1000 0.9921 -78.8893
1.0000 -0.0057 0.0011 -11.9603 -0.0052 -0.9947 0.1029 0.0061 -0.0058 0.1029 0.9947 -78.9964
0.9994 0.0364 -0.0069 -8.0220 0.0332 -0.9940 0.1040 0.0063 -0.0024 0.1039 0.9940 -79.0976
0.9997 0.0254 -0.0048 -4.1487 0.0231 -0.9943 0.1043 0.0062 -0.0010 0.1043 0.9943 -79.1969
0.9985 0.0603 -0.0115 -0.4399 0.0549 -0.9930 0.1044 0.0064 -0.0004 0.1044 0.9930 -79.2918
0.9970 0.0884 -0.1354 3.0172 0.0708 -0.2917 0.9539 0.0065 -0.0301 0.9533 0.2938 -79.3450
0.9979 0.0627 -0.1207 6.2730 0.0604 -0.0392 0.9974 0.0064 -0.0239 0.9973 0.0406 -79.3656
0.9998 0.0170 -0.0335 9.4358 0.0168 -0.0124 0.9998 0.0062 -0.0134 0.9998 0.0126 -79.3709
0.9993 -0.0360 0.0713 12.7328 -0.0356 -0.0099 0.9993 0.0059 -0.0057 0.9993 0.0097 -79.3723
0.9980 -0.0630 0.1248 16.2500 -0.0624 -0.0098 0.9980 0.0057 -0.0022 0.9980 0.0097 -79.3731
0.9973 -0.0741 0.1467 20.0079 -0.0733 -0.0100 0.9973 0.0057 -0.0008 0.9973 0.0100 -79.3738
0.9970 -0.0780 0.1545 24.0107 -0.0773 -0.0103 0.9970 0.0056 -0.0003 0.9970 0.0103 -79.3744
0.9969 -0.0792 0.1567 28.2583 -0.0784 -0.0106 0.9969 0.0056 -0.0001 0.9969 0.0106 -79.3752
0.9973 -0.0747 0.1479 32.7450 -0.0739 -0.0109 0.9972 0.0057 -0.0001 0.9972 0.0109 -79.3760
1.0000 -0.0028 0.0055 37.2829 -0.0027 -0.0110 0.9999 0.0061 -0.0001 0.9999 0.0110 -79.3769
0.9983 0.0581 -0.1150 41.5942 0.0575 -0.0108 0.9983 0.0064 -0.0001 0.9983 0.0108 -79.3777
0.9980 0.0641 -0.1269 45.6383 0.0635 -0.0104 0.9979 0.0065 -0.0001 0.9979 0.0105 -79.3785
0.9993 0.0365 -0.0722 49.5904 0.0361 -0.0103 0.9993 0.0063 -0.0001 0.9993 0.0103 -79.3792
0.9982 0.0608 -0.1205 53.3690 0.0602 -0.0101 0.9981 0.0064 -0.0001 0.9981 0.0101 -79.3799
0.9971 0.0763 -0.1512 56.8888 0.0756 -0.0098 0.9971 0.0065 -0.0001 0.9971 0.0098 -79.3805
0.9962 0.0222 -0.1286 60.1466 0.0769 0.5468 0.8337 0.0065 -0.0399 0.8354 -0.5443 -79.3687
0.9963 -0.0155 0.0577 63.2611 0.0319 -0.4219 -0.9061 0.0063 -0.0796 -0.9072 0.4196 -79.2461
0.9981 0.0063 0.0404 66.3231 0.0334 -0.7955 -0.6050 0.0063 -0.0524 -0.6064 0.7945 -79.0602
0.9986 0.0130 -0.0092 69.3087 0.0096 -0.8761 0.4820 0.0061 -0.0527 0.4816 0.8764 -78.8169
0.9993 0.0374 -0.0337 72.2591 0.0266 -0.7739 0.6328 0.0062 -0.0272 0.6322 0.7743 -78.5492
0.9981 0.0398 -0.0620 75.0581 0.0322 -0.2705 0.9622 0.0063 -0.0526 0.9617 0.2721 -78.2734
0.9997 0.0076 -0.0229 77.8428 0.0121 0.3214 0.9469 0.0062 -0.0226 0.9470 -0.3211 -77.9626
0.9992 0.0226 -0.0735 80.5151 0.0394 0.3582 0.9328 0.0063 -0.0115 0.9330 -0.3578 -77.6544
0.9941 -0.0502 0.0592 83.0176 0.0361 0.5707 -0.8204 0.0063 -0.1024 -0.8182 -0.5737 -77.3056
0.9991 -0.0020 0.0174 85.5070 0.0110 -0.6081 -0.7938 0.0062 -0.0408 -0.7941 0.6078 -76.8815
0.9982 0.0110 0.0098 87.9249 0.0166 -0.9559 -0.2933 0.0062 -0.0568 -0.2943 0.9556 -76.4415
0.9976 0.0001 0.0330 90.3826 -0.0235 0.7093 0.7045 0.0060 -0.0650 0.7034 -0.7104 -75.8913
0.9976 -0.0043 0.0007 92.8721 0.0040 0.9963 -0.0855 0.0061 -0.0696 -0.0853 -0.9963 -75.2864
0.9833 -0.0097 0.0146 95.2876 -0.0077 -0.3020 0.9533 0.0060 -0.1817 0.9537 0.3007 -74.5532
0.9964 0.0210 -0.0121 97.7625 -0.0161 0.9262 -0.3768 0.0060 -0.0836 -0.3780 -0.9257 -73.6569
0.9901 0.0037 0.0065 100.1573 0.0078 -0.9062 -0.4228 0.0061 -0.1398 -0.4238 0.9057 -72.6899
0.9360 0.0167 -0.0651 103.6560 -0.0382 -0.4734 -0.8800 0.0059 -0.3500 -0.8737 0.4852 -70.7347
0.9568 -0.0110 -0.0367 106.9012 -0.0363 -0.8554 -0.5166 0.0059 -0.2884 -0.5077 0.8609 -67.7969
0.9622 0.0000 -0.0040 108.8318 0.0030 0.7181 0.6959 0.0061 -0.2724 0.6965 -0.7176 -65.6061
0.9875 -0.0106 0.0253 111.4369 -0.0129 0.1687 0.9856 0.0060 -0.1570 0.9852 -0.1707 -61.9791
0.9924 -0.0080 -0.0321 113.0354 0.0292 0.8333 0.5521 0.0063 -0.1195 0.5550 -0.8313 -59.5448
0.9993 -0.0109 0.0012 115.2901 0.0103 0.9982 -0.0586 0.0062 -0.0347 -0.0582 -0.9983 -55.9501
0.9930 -0.0014 0.0304 116.6899 0.0207 -0.6748 -0.7378 0.0062 -0.1162 -0.7394 0.6730 -53.5842
0.9783 0.0191 0.0256 118.4343 -0.0353 0.9294 0.3673 0.0059 -0.2044 0.3606 -0.9321 -49.7188
0.9922 -0.0039 0.0037 119.4272 0.0027 0.7388 -0.6739 0.0061 -0.1248 -0.6736 -0.7390 -46.9732
0.9865 0.0219 0.0037 120.2673 0.0241 -0.9968 -0.0768 0.0062 -0.1617 -0.0807 0.9965 -44.3182
0.9956 -0.0054 0.0227 121.3809 -0.0129 0.4651 0.8852 0.0060 -0.0932 0.8846 -0.4661 -40.2007
0.9779 -0.0235 0.0149 121.9660 -0.0180 -0.9087 0.4170 0.0060 -0.2084 0.4204 0.9072 -37.3645
0.9927 0.0183 0.0001 122.3986 -0.0184 0.9998 0.0020 0.0060 -0.1192 -0.0002 -0.9998 -34.3919
0.9957 -0.0116 0.0183 122.7223 0.0095 0.2634 -0.9646 0.0061 -0.0917 -0.9644 -0.2643 -31.4666
0.9990 -0.0046 0.0084 123.0053 0.0042 0.0849 -0.9964 0.0061 -0.0439 -0.9964 -0.0851 -28.5346
0.9997 -0.0195 0.0363 123.2694 0.0182 0.0708 -0.9973 0.0062 -0.0183 -0.9973 -0.0712 -25.6855
0.9990 0.0471 -0.0880 123.6763 -0.0441 0.0699 -0.9966 0.0058 -0.0041 -0.9966 -0.0697 -21.2582
0.9973 -0.0314 -0.0564 123.9342 -0.0659 -0.9019 -0.4270 0.0057 -0.0308 -0.4251 0.9027 -18.0338
0.9988 -0.0337 -0.0156 124.1784 -0.0422 -0.9820 -0.1843 0.0058 -0.0229 -0.1833 0.9821 -14.6157
0.9985 0.0058 -0.0038 124.3914 0.0043 -0.8966 0.4428 0.0061 -0.0549 0.4426 0.8967 -11.2519
0.9995 0.0079 -0.0114 124.5575 0.0061 -0.3626 0.9319 0.0061 -0.0316 0.9319 0.3627 -7.9000
0.9995 0.0292 -0.0449 124.6985 0.0234 -0.2890 0.9570 0.0062 -0.0194 0.9569 0.2894 -4.6505
0.9991 0.0025 0.0188 124.7952 -0.0152 0.7861 0.6179 0.0060 -0.0388 0.6175 -0.7865 -1.3710
0.9996 -0.0078 -0.0132 124.8628 0.0158 0.9084 0.4179 0.0062 -0.0253 0.4182 -0.9082 1.9203
0.9987 -0.0258 -0.0384 124.9141 0.0489 0.9186 0.3922 0.0064 -0.0133 0.3927 -0.9183 5.0270
0.9999 -0.0073 -0.0108 124.9602 0.0138 0.9209 0.3896 0.0062 -0.0057 0.3897 -0.9208 8.0271
0.9993 0.0197 0.0289 125.0077 -0.0371 0.9204 0.3893 0.0059 -0.0022 0.3892 -0.9204 11.1631
0.9995 0.0162 0.0237 125.0576 -0.0305 0.9205 0.3895 0.0059 -0.0008 0.3895 -0.9205 14.4689
0.9996 -0.0146 -0.0214 125.1061 0.0274 0.9207 0.3894 0.0063 -0.0003 0.3894 -0.9206 17.6853
0.9993 -0.0199 -0.0292 125.1519 0.0375 0.9204 0.3892 0.0063 -0.0002 0.3892 -0.9204 20.7172
0.9999 0.0083 0.0122 125.1980 -0.0156 0.9209 0.3894 0.0060 -0.0001 0.3894 -0.9209 23.7757
0.9998 0.0109 0.0159 125.2463 -0.0205 0.9208 0.3895 0.0060 -0.0001 0.3895 -0.9208 26.9759
1.0000 0.0030 0.0044 125.3175 -0.0056 0.9210 0.3896 0.0061 -0.0001 0.3896 -0.9210 31.6888
0.9992 0.0208 0.0306 125.3669 -0.0392 0.9202 0.3894 0.0059 -0.0001 0.3894 -0.9202 34.9610
1.0000 -0.0027 -0.0040 125.4169 0.0051 0.9209 0.3897 0.0061 -0.0001 0.3897 -0.9209 38.2742
0.9987 -0.0336 0.0117 125.4516 0.0284 0.9781 -0.2064 0.0063 -0.0415 -0.2053 -0.9783 41.4352
0.9995 -0.0372 0.0429 125.4382 0.0266 0.5909 -0.8063 0.0062 -0.0188 -0.8060 -0.5913 46.1001
0.9987 -0.0029 0.0057 125.4018 0.0029 -0.0017 -1.0000 0.0061 -0.0513 -1.0000 0.0016 49.1277
0.9995 0.0007 -0.0329 125.2731 -0.0228 -0.6913 -0.7222 0.0060 -0.0217 -0.7219 0.6917 53.9111
0.9996 0.0001 0.0378 125.1234 0.0268 -0.7081 -0.7056 0.0062 -0.0074 -0.7057 0.7080 58.5613
1.0000 -0.0000 -0.0105 124.9696 -0.0074 -0.7088 -0.7054 0.0060 -0.0018 -0.7054 0.7088 63.2186
0.9988 0.0002 0.0688 124.8220 0.0488 -0.7082 -0.7044 0.0064 -0.0004 -0.7044 0.7081 67.6824
0.9977 -0.0054 -0.0204 124.5599 0.0187 0.8371 0.5468 0.0062 -0.0657 0.5478 -0.8364 71.7767
0.9989 -0.0301 -0.0173 124.1913 0.0397 0.9751 0.2183 0.0063 -0.0249 0.2192 -0.9749 75.7340
0.9981 0.0055 0.0029 123.7138 0.0071 -0.9792 -0.2026 0.0061 -0.0612 -0.2030 0.9791 79.3914
0.9998 0.0093 -0.0015 123.1260 0.0086 -0.9964 0.0846 0.0061 -0.0189 0.0845 0.9964 83.1610
0.9951 0.0089 -0.0501 122.5158 0.0299 0.5438 0.8387 0.0063 -0.0940 0.8402 -0.5415 86.6640
0.9873 0.0375 -0.0729 121.4772 -0.0367 0.0239 -0.9990 0.0059 -0.1543 -0.9992 -0.0182 90.1451
0.9971 0.0001 -0.0010 120.6110 -0.0007 -0.6532 -0.7571 0.0061 -0.0764 -0.7571 0.6533 92.5248
0.9678 -0.0244 0.0431 118.5909 -0.0221 -0.1145 0.9932 0.0060 -0.2506 0.9938 0.1091 96.9649
0.9834 0.0298 -0.0651 116.2610 -0.0330 -0.0942 -0.9950 0.0059 -0.1785 -0.9944 0.1001 100.2328
0.9954 -0.0089 0.0322 114.6023 0.0177 -0.4107 -0.9116 0.0062 -0.0944 -0.9123 0.4092 102.3098
0.9987 -0.0204 -0.0024 112.0852 -0.0217 -0.9982 -0.0555 0.0060 -0.0464 -0.0545 0.9983 105.3429
0.9983 0.0363 -0.0319 109.5018 0.0258 -0.7856 0.6181 0.0062 -0.0521 0.6171 0.7865 108.3633
0.9992 0.0461 -0.0663 107.8543 0.0356 -0.3638 0.9308 0.0063 -0.0194 0.9305 0.3644 110.2320
0.9980 0.0363 -0.0899 106.2972 0.0458 0.1905 0.9806 0.0064 -0.0440 0.9810 -0.1885 111.9716
0.9987 -0.0099 0.0125 104.7239 0.0072 0.5026 -0.8645 0.0061 -0.0509 -0.8643 -0.5029 113.5993
0.9997 0.0169 -0.0260 103.0543 -0.0136 0.2863 -0.9580 0.0060 -0.0221 -0.9581 -0.2860 115.2912
0.9865 0.0056 0.0061 100.4747 -0.0093 0.9443 0.3288 0.0060 -0.1638 0.3274 -0.9448 117.6832
0.9479 0.0175 -0.0715 98.4386 -0.0419 -0.4816 -0.8754 0.0058 -0.3158 -0.8690 0.4932 119.1119
0.9489 0.0663 -0.0303 96.0243 -0.0556 0.9587 -0.2788 0.0058 -0.3106 -0.2954 -0.9539 120.2724
0.9832 0.0032 -0.0133 93.4529 -0.0076 -0.4664 -0.8845 0.0060 -0.1825 -0.8839 0.4676 121.2712
0.9826 0.0237 -0.0348 90.9494 0.0186 -0.3332 0.9427 0.0062 -0.1848 0.9415 0.3364 122.0990
0.9956 0.0137 -0.0027 87.0474 -0.0125 0.9941 -0.1082 0.0060 -0.0925 -0.1094 -0.9939 123.2074
0.9805 0.0140 -0.0233 84.4396 0.0120 -0.1845 0.9828 0.0062 -0.1962 0.9823 0.1868 123.7817
0.9941 -0.0220 0.0325 80.4967 0.0173 0.3350 -0.9421 0.0062 -0.1067 -0.9414 -0.3368 124.3931
0.9958 -0.0001 0.0001 77.9091 -0.0001 -0.6740 0.7387 0.0061 -0.0911 0.7387 0.6740 124.6525
0.9989 0.0227 -0.0312 75.3285 0.0171 -0.4143 0.9100 0.0062 -0.0429 0.9097 0.4149 124.8693
0.9998 -0.0076 0.0106 72.7852 -0.0058 -0.4028 0.9153 0.0061 -0.0179 0.9153 0.4027 125.0709
0.9989 -0.0626 0.0869 70.0790 -0.0475 -0.4026 0.9142 0.0058 -0.0066 0.9143 0.4023 125.2835
0.9977 -0.0903 0.1253 67.1389 -0.0685 -0.4022 0.9130 0.0057 -0.0023 0.9130 0.4021 125.5141
0.9966 -0.0008 0.1088 63.9498 -0.0764 0.6999 0.7101 0.0056 -0.0297 0.7085 -0.7015 125.7264
0.9987 0.0159 0.0477 60.5612 -0.0464 0.8565 0.5141 0.0058 -0.0222 0.5132 -0.8570 125.9234
0.9999 -0.0008 -0.0022 57.2250 0.0022 0.8712 0.4909 0.0061 -0.0125 0.4909 -0.8712 126.1036
0.9990 0.0382 -0.0349 53.8469 -0.0271 0.7643 -0.6443 0.0059 -0.0362 -0.6450 -0.7637 126.2436
0.9981 0.0780 -0.0928 50.2757 -0.0561 0.5616 -0.8255 0.0058 -0.0257 -0.8263 -0.5604 126.3590
0.9963 0.0057 -0.1043 46.4728 -0.0699 -0.6636 -0.7448 0.0057 -0.0493 -0.7425 0.6662 126.4244
0.9983 0.0598 -0.0608 42.4807 -0.0423 0.6951 -0.7176 0.0058 -0.0389 -0.7188 -0.6940 126.4468
0.9995 0.0052 -0.0055 40.5086 -0.0037 0.6659 -0.7460 0.0061 -0.0314 -0.7461 -0.6658 126.4471
0.9994 -0.0374 0.0403 38.5888 0.0265 0.6515 -0.7581 0.0062 -0.0235 -0.7577 -0.6520 126.4439
0.9993 -0.0453 0.0491 36.7075 0.0321 0.6451 -0.7634 0.0063 -0.0169 -0.7631 -0.6455 126.4386
0.9997 -0.0302 0.0329 32.9643 0.0215 0.6422 -0.7663 0.0062 -0.0076 -0.7662 -0.6423 126.4251
0.9986 -0.0745 0.0812 29.3794 0.0529 0.6406 -0.7660 0.0064 -0.0030 -0.7659 -0.6407 126.4110
0.9979 -0.0902 0.0983 27.6782 0.0641 0.6400 -0.7657 0.0065 -0.0019 -0.7656 -0.6401 126.4041
0.9974 -0.1008 0.1099 24.4639 0.0716 0.6394 -0.7656 0.0065 -0.0008 -0.7655 -0.6394 126.3911
0.9984 -0.0784 0.0855 22.9234 0.0557 0.6399 -0.7664 0.0064 -0.0005 -0.7664 -0.6399 126.3848
0.9997 -0.0333 0.0363 21.3754 0.0236 0.6407 -0.7674 0.0062 -0.0003 -0.7674 -0.6407 126.3785
0.9995 0.0465 -0.0507 18.1580 -0.0330 0.6407 -0.7671 0.0059 -0.0002 -0.7671 -0.6406 126.3654
0.9987 0.0708 -0.0771 16.4688 -0.0503 0.6403 -0.7665 0.0058 -0.0001 -0.7665 -0.6403 126.3585
0.9994 0.0503 -0.0548 12.9649 -0.0357 0.6408 -0.7669 0.0059 -0.0001 -0.7669 -0.6408 126.3443
1.0000 0.0025 -0.0027 11.2341 -0.0017 0.6412 -0.7674 0.0061 -0.0001 -0.7674 -0.6412 126.3372
0.9996 -0.0384 0.0418 9.5531 0.0272 0.6409 -0.7671 0.0062 -0.0001 -0.7671 -0.6409 126.3304
0.9989 -0.0665 0.0725 7.9297 0.0472 0.6403 -0.7666 0.0064 -0.0001 -0.7666 -0.6403 126.3238
0.9989 -0.0658 0.0717 4.8330 0.0467 0.6402 -0.7668 0.0064 -0.0001 -0.7668 -0.6402 126.3112
1.0000 0.0098 -0.0106 1.7221 -0.0069 0.6409 -0.7676 0.0060 -0.0001 -0.7676 -0.6409 126.2985
0.9998 -0.0247 0.0269 -1.4009 0.0175 0.6408 -0.7675 0.0062 -0.0001 -0.7675 -0.6408 126.2858
0.9989 -0.0668 0.0728 -4.3465 0.0474 0.6401 -0.7668 0.0064 -0.0001 -0.7668 -0.6401 126.2737
0.9999 -0.0160 0.0174 -7.1957 0.0114 0.6407 -0.7677 0.0062 -0.0001 -0.7677 -0.6407 126.2622
0.9994 0.0483 -0.0526 -10.1830 -0.0343 0.6405 -0.7672 0.0059 -0.0001 -0.7672 -0.6405 126.2500
1.0000 -0.0068 0.0074 -13.2168 0.0048 0.6409 -0.7676 0.0061 -0.0001 -0.7676 -0.6409 126.2376
0.9990 -0.0624 0.0681 -16.0812 0.0443 0.6401 -0.7670 0.0063 -0.0001 -0.7670 -0.6401 126.2259
0.9984 -0.0797 0.0869 -18.7374 0.0566 0.6396 -0.7666 0.0064 -0.0001 -0.7666 -0.6396 126.2151
0.9991 -0.0130 0.0236 -21.3070 0.0119 0.0986 -0.9951 0.0062 -0.0401 -0.9950 -0.0991 126.1918
0.9998 0.0036 -0.0151 -23.9754 -0.0085 -0.4601 -0.8878 0.0060 -0.0160 -0.8878 0.4602 126.1353
0.9983 0.0163 0.0375 -27.7884 0.0397 -0.8811 -0.4712 0.0063 -0.0434 -0.4727 0.8803 126.0301
0.9998 0.0094 -0.0003 -30.2119 0.0093 -0.9999 0.0138 0.0061 -0.0146 0.0137 0.9999 125.9294
0.9947 -0.0034 0.0252 -33.8925 -0.0157 0.5911 0.8065 0.0060 -0.1015 0.8055 -0.5924 125.7111
0.9989 0.0271 -0.0157 -36.4708 -0.0208 0.9260 -0.3770 0.0060 -0.0422 -0.3778 -0.9257 125.4598
0.9973 -0.0153 0.0116 -40.2649 -0.0111 -0.8536 0.5209 0.0060 -0.0722 0.5216 0.8531 124.9371
0.9992 -0.0244 0.0262 -42.8922 -0.0173 -0.6535 0.7567 0.0060 -0.0351 0.7571 0.6531 124.5042
0.9995 -0.0033 0.0104 -46.7591 -0.0055 0.3387 0.9409 0.0061 -0.0315 0.9408 -0.3389 123.8144
0.9984 -0.0108 -0.0309 -50.5395 0.0305 0.8619 0.5061 0.0063 -0.0468 0.5074 -0.8612 123.0853
0.9982 -0.0029 0.0125 -52.9354 0.0071 -0.4691 -0.8831 0.0061 -0.0594 -0.8833 0.4687 122.5208
0.9936 0.0192 -0.0306 -56.4601 0.0158 -0.2446 0.9695 0.0062 -0.1116 0.9691 0.2463 121.5813
0.9963 -0.0362 -0.0121 -60.0156 -0.0428 -0.9891 -0.1411 0.0058 -0.0745 -0.1380 0.9895 120.2941
0.9971 -0.0054 0.0042 -62.4682 -0.0040 -0.8465 0.5323 0.0061 -0.0757 0.5326 0.8464 119.3331
0.9643 0.0106 0.0242 -66.0045 -0.0268 0.8877 0.4596 0.0059 -0.2633 0.4534 -0.8909 117.5964
0.9931 -0.0434 0.0185 -69.6435 -0.0356 -0.9650 0.2600 0.0059 -0.1113 0.2638 0.9639 115.2723
0.9955 0.0274 -0.0314 -71.9994 0.0196 -0.5974 0.8017 0.0062 -0.0924 0.8006 0.5989 113.6672
0.9899 -0.0219 0.0304 -75.2864 -0.0167 -0.4023 0.9154 0.0060 -0.1411 0.9163 0.4001 111.0662
0.9967 0.0079 -0.0218 -77.4210 0.0114 0.2677 0.9634 0.0062 -0.0798 0.9637 -0.2668 109.1924
0.9901 -0.0363 0.0430 -79.3932 0.0262 0.5668 -0.8235 0.0062 -0.1376 -0.8214 -0.5697 107.3422
0.9613 0.0169 -0.0323 -81.2158 -0.0165 0.0274 -0.9995 0.0060 -0.2750 -0.9996 -0.0229 105.3039
0.9577 -0.0527 0.0861 -82.8371 -0.0449 -0.2034 0.9781 0.0058 -0.2844 0.9807 0.1908 102.9026
0.9759 0.0051 -0.0033 -84.3049 -0.0039 0.9061 -0.4231 0.0061 -0.2183 -0.4239 -0.9057 100.3281
0.9626 -0.0030 0.0108 -85.5458 -0.0061 0.4313 0.9022 0.0061 -0.2709 0.9015 -0.4328 97.6928
0.9893 0.0125 -0.0251 -86.6487 -0.0126 -0.0087 -0.9999 0.0060 -0.1454 -0.9999 0.0105 94.8984
0.9836 0.0182 -0.0210 -87.6063 0.0131 -0.5888 0.8082 0.0062 -0.1800 0.8068 0.5907 92.1209
0.9851 -0.0124 -0.0113 -88.3603 -0.0193 -0.9548 -0.2965 0.0060 -0.1709 -0.2934 0.9558 89.2450
0.9902 0.0127 -0.0165 -89.0007 0.0094 -0.4699 0.8827 0.0061 -0.1395 0.8821 0.4710 86.3159
0.9927 -0.0013 0.0014 -89.4812 0.0009 0.6172 -0.7868 0.0061 -0.1205 -0.7867 -0.6173 83.4169
0.9978 -0.0247 0.0397 -89.8937 0.0204 0.2351 -0.9718 0.0062 -0.0636 -0.9714 -0.2364 80.5328
0.9910 0.0002 -0.0001 -90.2152 0.0001 -0.8604 0.5097 0.0061 -0.1335 0.5097 0.8604 77.6959
0.9976 -0.0038 0.0188 -90.4469 -0.0110 0.5126 0.8586 0.0060 -0.0679 0.8582 -0.5132 74.7555
0.9967 -0.0183 -0.0188 -90.6254 0.0293 0.9466 0.3211 0.0063 -0.0754 0.3232 -0.9459 71.9025
0.9994 -0.0097 0.0042 -90.7553 0.0079 0.9651 -0.2616 0.0061 -0.0327 -0.2614 -0.9652 69.1287
0.9982 -0.0509 0.0557 -90.9153 0.0362 0.6371 -0.7699 0.0063 -0.0483 -0.7688 -0.6384 65.0647
0.9998 -0.0095 0.0165 -90.9805 0.0083 0.1525 -0.9883 0.0061 -0.0185 -0.9882 -0.1527 62.4647
0.9997 -0.0249 0.0443 -91.0382 0.0223 0.1227 -0.9922 0.0062 -0.0088 -0.9922 -0.1229 59.8828
0.9990 -0.0493 0.0881 -91.0906 0.0444 0.1186 -0.9919 0.0064 -0.0035 -0.9919 -0.1188 57.4568
0.9988 -0.0552 0.0989 -91.1390 0.0498 0.1162 -0.9920 0.0064 -0.0013 -0.9920 -0.1163 55.2071
0.9992 -0.0443 0.0793 -91.1847 0.0399 0.1152 -0.9925 0.0063 -0.0005 -0.9925 -0.1152 53.0817
0.9993 -0.0020 0.0504 -91.2024 0.0343 -0.6777 -0.7345 0.0063 -0.0142 -0.7349 0.6773 51.0740
0.9993 0.0030 0.0491 -91.2136 0.0369 -0.7458 -0.6652 0.0063 -0.0054 -0.6653 0.7457 49.1700
0.9996 0.0024 0.0369 -91.2223 0.0279 -0.7493 -0.6617 0.0063 -0.0023 -0.6617 0.7492 47.3812
0.9999 0.0010 0.0153 -91.2351 0.0116 -0.7501 -0.6612 0.0062 -0.0005 -0.6612 0.7501 44.6910
0.9996 0.0025 0.0362 -91.2431 0.0274 -0.7505 -0.6603 0.0063 -0.0002 -0.6603 0.7505 42.9948
0.9996 0.0027 0.0393 -91.2544 0.0298 -0.7512 -0.6594 0.0063 -0.0001 -0.6594 0.7512 40.6200
0.9997 0.0023 0.0328 -91.2645 0.0248 -0.7512 -0.6596 0.0062 -0.0000 -0.6596 0.7512 38.4798
1.0000 0.0007 0.0098 -91.2745 0.0074 -0.7520 -0.6591 0.0061 -0.0001 -0.6591 0.7520 36.3593
1.0000 -0.0003 -0.0044 -91.2843 -0.0034 -0.7513 -0.6599 0.0061 -0.0001 -0.6599 0.7513 34.3119
1.0000 0.0001 0.0010 -91.2941 0.0008 -0.7507 -0.6607 0.0061 -0.0001 -0.6607 0.7507 32.2323
0.9997 -0.0022 -0.0343 -91.3085 -0.0259 -0.7488 -0.6623 0.0059 -0.0001 -0.6623 0.7488 29.1887
0.9979 -0.0694 0.0086 -91.2842 -0.0652 -0.9957 0.0660 0.0057 -0.0040 0.0663 0.9957 26.5217
0.9999 -0.0113 0.0017 -91.2573 -0.0105 -0.9968 0.0791 0.0060 -0.0009 0.0791 0.9968 23.6109
0.9996 -0.0290 0.0043 -91.2288 -0.0270 -0.9965 0.0788 0.0059 -0.0002 0.0788 0.9965 20.5425
0.9999 -0.0180 0.0025 -91.1997 -0.0168 -0.9971 0.0740 0.0060 -0.0001 0.0740 0.9971 17.4239
0.9980 -0.0675 0.0087 -91.1672 -0.0633 -0.9957 0.0683 0.0057 -0.0001 0.0683 0.9957 13.9336
0.9999 0.0130 -0.0018 -91.1331 0.0121 -0.9971 0.0745 0.0062 -0.0001 0.0745 0.9971 10.2723
0.9997 -0.0272 0.0035 -91.0996 -0.0255 -0.9973 0.0691 0.0059 -0.0001 0.0691 0.9973 6.6760
0.9997 0.0248 -0.0034 -91.0657 0.0231 -0.9969 0.0746 0.0062 -0.0000 0.0746 0.9969 3.0195
0.9984 0.0642 -0.0513 -91.0242 0.0463 -0.8312 0.5541 0.0064 -0.0333 0.5528 0.8320 -0.2879
1.0000 -0.0054 0.0066 -90.9452 -0.0039 -0.5393 0.8421 0.0067 0.0024 0.8421 0.5393 -3.4288
1.0000 0.0120 -0.0143 -90.8667 0.0086 -0.5607 0.8280 0.0065 0.0025 0.8280 0.5607 -6.5258
0.9998 0.0294 -0.0348 -90.7899 0.0211 -0.5675 0.8231 0.0062 -0.0012 0.8231 0.5675 -9.5962
0.9997 -0.0346 0.0409 -90.7143 -0.0249 -0.5675 0.8230 0.0059 -0.0003 0.8230 0.5675 -12.6200
0.9999 0.0231 -0.0274 -90.6364 0.0166 -0.5676 0.8231 0.0062 -0.0001 0.8231 0.5676 -15.7369
0.9992 0.0301 -0.0531 -90.5553 0.0268 -0.1315 0.9910 0.0062 -0.0305 0.9909 0.1323 -18.5837
0.9998 -0.0122 0.0333 -90.4392 -0.0172 0.2595 0.9656 0.0060 -0.0038 0.9656 -0.2595 -21.5017
0.9994 0.0007 -0.0183 -90.3133 0.0124 0.6781 0.7349 0.0062 -0.0320 0.7352 -0.6778 -24.3900
0.9999 -0.0002 0.0001 -89.9776 0.0002 0.9296 -0.3687 0.0061 -0.0127 -0.3687 -0.9296 -30.0129
0.9973 0.0009 -0.0058 -89.6165 -0.0036 -0.5795 -0.8150 0.0061 -0.0736 -0.8148 0.5797 -34.5002
0.9999 0.0126 0.0003 -89.1798 0.0128 -0.9998 -0.0135 0.0062 -0.0060 -0.0135 0.9998 -38.2183
1.0000 0.0032 -0.0033 -88.8363 0.0023 -0.6946 0.7194 0.0061 -0.0061 0.7193 0.6946 -40.8334
0.9996 0.0076 -0.0013 -88.2918 -0.0070 0.9956 -0.0939 0.0060 -0.0288 -0.0941 -0.9955 -44.3090
1.0000 0.0023 -0.0029 -87.4973 -0.0017 0.4919 -0.8707 0.0061 -0.0062 -0.8707 -0.4919 -48.5699
0.9933 -0.0096 0.0210 -86.7380 -0.0106 0.0877 0.9961 0.0060 -0.1154 0.9960 -0.0889 -51.9164
0.9999 0.0061 -0.0003 -85.9693 -0.0060 0.9997 -0.0233 0.0061 -0.0144 -0.0234 -0.9997 -54.5676
0.9940 0.0484 -0.0296 -84.9289 0.0369 -0.9152 0.4014 0.0063 -0.1032 0.3979 0.9167 -57.7860
0.9804 -0.0550 0.0466 -83.9019 0.0398 0.8058 -0.5908 0.0063 -0.1928 -0.5846 -0.8104 -59.7641
0.9922 -0.0116 -0.0081 -82.1024 0.0163 0.9685 0.2484 0.0062 -0.1235 0.2504 -0.9680 -61.6083
0.9997 -0.0040 -0.0198 -80.5671 -0.0171 -0.8143 -0.5802 0.0060 -0.0147 -0.5800 0.8144 -62.8858
0.9997 -0.0030 -0.0009 -78.9532 -0.0035 -0.9916 -0.1297 0.0061 -0.0251 -0.1296 0.9916 -64.2184
0.9996 0.0233 -0.0225 -75.2433 -0.0165 0.7307 -0.6825 0.0060 -0.0225 -0.6828 -0.7304 -66.9737
0.9996 -0.0111 -0.0001 -72.5737 -0.0112 -0.9999 -0.0055 0.0060 -0.0245 -0.0052 0.9999 -68.7683
0.9940 0.0016 0.0621 -69.7866 -0.0453 0.7257 0.6866 0.0067 -0.0997 0.6833 -0.7288 -70.4778
0.9984 -0.0158 0.0365 -66.8893 0.0184 -0.1333 -0.9909 0.0069 -0.0540 -0.9910 0.1323 -72.0962
0.9993 0.0362 -0.0442 -63.9658 0.0262 -0.5381 0.8425 0.0062 -0.0271 0.8421 0.5387 -73.5676
0.9991 -0.0366 -0.0025 -61.4044 0.0379 0.9987 0.0326 0.0063 -0.0177 0.0333 -0.9987 -74.7251
0.9989 -0.0142 0.0373 -58.2234 0.0192 -0.2332 -0.9722 0.0062 -0.0432 -0.9724 0.2324 -76.0426
0.9981 0.0178 -0.0378 -55.6934 0.0189 0.0604 0.9980 0.0062 -0.0593 0.9981 -0.0593 -76.9509
0.9993 -0.0003 0.0076 -53.4200 0.0051 -0.6746 -0.7381 0.0059 -0.0368 -0.7383 0.6745 -77.5372
0.9990 -0.0122 0.0118 -51.4755 -0.0086 -0.7334 0.6798 0.0061 -0.0441 0.6800 0.7331 -78.0049
0.9989 0.0213 -0.0211 -48.5284 -0.0150 0.7111 -0.7029 0.0060 -0.0451 -0.7034 -0.7106 -78.5403
0.9986 -0.0021 0.0044 -45.2847 -0.0022 0.0509 0.9987 0.0061 -0.0527 0.9987 -0.0510 -78.9257
0.9994 0.0235 0.0174 -40.5456 -0.0333 0.9649 0.2605 0.0059 -0.0009 0.2605 -0.9649 -79.3604
0.9993 0.0278 -0.0092 -37.1645 -0.0237 0.9808 -0.1936 0.0060 -0.0289 -0.1942 -0.9807 -79.6457
0.9991 0.0004 -0.0049 -30.0361 0.0032 0.6398 0.7685 0.0063 -0.0434 0.7686 -0.6397 -79.7778
0.9995 -0.0299 0.0609 -25.9083 0.0305 -0.0170 -0.9994 0.0062 -0.0130 -0.9994 0.0166 -79.5749
0.9998 0.0196 -0.0400 -22.2955 -0.0200 -0.0201 -0.9996 0.0060 -0.0011 -0.9996 0.0201 -79.3758
1.0000 -0.0063 0.0129 -19.2734 0.0065 -0.0201 -0.9998 0.0061 -0.0002 -0.9998 0.0201 -79.2088
0.9965 0.0822 -0.1677 -14.8825 -0.0839 -0.0197 -0.9963 0.0056 -0.0001 -0.9963 0.0197 -78.9663
0.9997 -0.0221 0.0451 -9.4989 0.0225 -0.0198 -0.9996 0.0062 -0.0001 -0.9996 0.0198 -78.6690
0.9997 -0.0241 0.0492 -4.4551 0.0246 -0.0198 -0.9995 0.0062 -0.0001 -0.9995 0.0198 -78.3904
1.0000 -0.0086 0.0175 -0.0155 0.0088 -0.0200 -0.9998 0.0061 -0.0001 -0.9998 0.0200 -78.1452
0.9994 -0.0327 0.0668 4.1197 0.0334 -0.0201 -0.9992 0.0063 -0.0001 -0.9992 0.0201 -77.9168
0.9993 -0.0367 0.0749 7.5085 0.0375 -0.0203 -0.9991 0.0063 -0.0001 -0.9991 0.0203 -77.7295
0.9998 -0.0284 0.0397 10.2076 0.0216 0.3965 -0.9178 0.0062 0.0016 -0.9178 -0.3965 -77.5924
0.9998 0.0257 -0.0350 12.7602 -0.0193 0.4237 -0.9056 0.0061 -0.0002 -0.9056 -0.4237 -77.4719
0.9991 0.0549 -0.0749 15.6224 -0.0413 0.4236 -0.9049 0.0059 -0.0001 -0.9049 -0.4236 -77.3367
0.9958 0.1211 -0.1649 19.8374 -0.0910 0.4226 -0.9017 0.0056 -0.0001 -0.9017 -0.4226 -77.1376
0.9995 -0.0417 0.0569 24.7067 0.0314 0.4240 -0.9051 0.0063 -0.0001 -0.9051 -0.4240 -76.9077
1.0000 -0.0019 0.0041 30.0781 -0.0021 0.0897 0.9960 0.0061 0.0081 0.9960 -0.0897 -76.8222
0.9997 0.0237 -0.0518 34.2514 0.0260 0.0826 0.9962 0.0062 0.0006 0.9962 -0.0827 -76.8158
0.9999 -0.0114 0.0248 38.2315 -0.0124 0.0826 0.9965 0.0060 0.0000 0.9965 -0.0826 -76.8101
1.0000 0.0067 -0.0147 42.4969 0.0074 0.0826 0.9966 0.0061 -0.0001 0.9966 -0.0826 -76.8039
1.0000 0.0081 -0.0176 46.9415 0.0088 0.0825 0.9965 0.0061 -0.0001 0.9965 -0.0825 -76.7974
