0.9973 -0.0425 0.0469 -8.7919 -0.0302 -0.6300 0.7760 0.0059 0.0670 0.7747 0.6316 -35.5242
0.9944 0.0146 -0.0382 -10.0437 -0.0197 -0.2336 -0.9721 0.0060 0.1039 -0.9726 0.2316 -37.1336
0.9872 0.0069 0.0347 -10.7371 -0.0302 0.8157 0.5777 0.0059 0.1564 0.5816 -0.8129 -37.9252
0.9953 -0.0601 0.0750 -11.4813 -0.0439 -0.5165 0.8552 0.0058 0.0858 0.8532 0.5197 -38.7398
0.9982 -0.0430 0.0409 -12.2403 -0.0305 -0.7416 0.6702 0.0059 0.0508 0.6690 0.7426 -39.5677
0.9977 -0.0085 0.0022 -12.9989 -0.0075 -0.9888 0.1493 0.0060 0.0680 0.1488 0.9888 -40.3733
0.9942 0.0003 -0.0008 -13.7712 -0.0004 -0.2501 -0.9682 0.0061 0.1072 -0.9682 0.2500 -41.1489
0.9993 0.0078 -0.0071 -15.3660 -0.0055 0.7665 -0.6422 0.0061 0.0359 -0.6420 -0.7667 -42.7056
0.9983 -0.0091 0.0022 -16.1615 0.0081 0.9911 -0.1328 0.0061 0.0584 -0.1332 -0.9911 -43.4613
0.9949 0.0065 -0.0173 -16.9678 0.0089 0.2476 0.9688 0.0061 0.1005 0.9686 -0.2485 -44.1861
0.9955 0.0392 -0.0443 -18.7202 -0.0280 0.6097 -0.7921 0.0059 0.0904 -0.7906 -0.6117 -45.5955
0.9955 0.0201 -0.0011 -19.6439 -0.0196 0.9994 -0.0280 0.0060 0.0929 -0.0262 -0.9995 -46.3013
0.9920 0.0004 -0.0007 -20.5723 0.0004 0.0305 0.9995 0.0061 0.1261 0.9995 -0.0305 -46.9678
0.9849 -0.0020 0.0182 -21.5119 0.0117 -0.6216 -0.7832 0.0062 0.1727 -0.7820 0.6232 -47.5815
0.9743 0.0137 -0.0463 -22.4597 0.0255 0.3921 0.9196 0.0062 0.2237 0.9173 -0.3974 -48.1237
0.9849 0.0434 -0.0643 -24.3553 0.0343 -0.3254 0.9450 0.0063 0.1697 0.9468 0.3199 -48.9761
0.9981 -0.0099 0.0120 -27.9967 0.0072 0.5486 -0.8361 0.0061 0.0611 -0.8363 -0.5482 -50.3590
0.9986 -0.0140 0.0069 -29.8236 0.0111 0.9503 -0.3111 0.0062 0.0525 -0.3116 -0.9501 -50.9815
0.9991 -0.0062 0.0100 -31.6542 -0.0052 -0.2351 0.9720 0.0061 0.0419 0.9719 0.2353 -51.5273
0.9960 0.0012 0.0087 -33.5156 0.0071 -0.7891 -0.6142 0.0061 0.0892 -0.6137 0.7895 -52.0247
0.9978 -0.0023 0.0105 -35.3844 -0.0060 0.4898 0.8718 0.0061 0.0665 0.8720 -0.4894 -52.3961
0.9949 -0.0068 -0.0012 -37.3046 -0.0074 -0.9969 -0.0779 0.0060 0.1005 -0.0786 0.9969 -52.7119
0.9995 0.0055 -0.0231 -39.2957 -0.0130 -0.4655 -0.8849 0.0060 0.0287 -0.8851 0.4652 -52.9859
0.9990 -0.0029 0.0055 -41.2625 0.0027 0.0515 -0.9987 0.0061 0.0440 -0.9987 -0.0514 -53.2416
0.9990 0.0111 -0.0089 -43.2681 -0.0080 0.8312 -0.5559 0.0060 0.0444 -0.5556 -0.8314 -53.4694
0.9989 -0.0207 0.0374 -45.3193 -0.0188 -0.1090 0.9939 0.0060 0.0439 0.9938 0.1098 -53.6234
0.9988 0.0062 -0.0059 -47.3991 0.0044 -0.7345 0.6786 0.0061 0.0494 0.6787 0.7344 -53.7541
0.9995 0.0359 -0.0167 -49.3675 0.0288 -0.9563 0.2909 0.0063 0.0148 0.2913 0.9562 -53.8530
0.9992 0.0005 0.0003 -51.2843 0.0006 -0.9753 -0.2208 0.0061 0.0389 -0.2208 0.9753 -53.9362
0.9986 -0.0114 -0.0611 -53.3747 -0.0519 -0.8075 -0.5876 0.0058 0.0090 -0.5880 0.8072 -54.0054
0.9970 0.0796 -0.1472 -55.7278 -0.0738 0.0812 -0.9940 0.0057 0.0228 -0.9938 -0.0829 -54.0499
0.9967 0.0951 -0.1572 -58.3419 -0.0803 0.2045 -0.9756 0.0056 0.0105 -0.9754 -0.2053 -54.0873
0.9966 0.0974 -0.1598 -61.2138 -0.0818 0.2134 -0.9735 0.0056 0.0047 -0.9735 -0.2137 -54.1241
0.9966 0.0975 -0.1597 -64.3410 -0.0818 0.2145 -0.9733 0.0056 0.0018 -0.9733 -0.2146 -54.1632
0.9970 0.0916 -0.1500 -67.7170 -0.0768 0.2149 -0.9736 0.0056 0.0006 -0.9736 -0.2150 -54.2053
0.9999 0.0142 -0.0232 -71.1635 -0.0119 0.2156 -0.9764 0.0060 0.0002 -0.9764 -0.2156 -54.2481
1.0000 0.0103 -0.0170 -74.5519 -0.0087 0.2156 -0.9765 0.0060 0.0000 -0.9765 -0.2156 -54.2902
0.9991 0.0518 -0.0848 -78.0761 -0.0434 0.2155 -0.9755 0.0058 -0.0000 -0.9755 -0.2155 -54.3340
0.9995 0.0371 -0.0607 -81.7650 -0.0311 0.2158 -0.9760 0.0059 -0.0000 -0.9760 -0.2158 -54.3798
0.9995 -0.0366 0.0599 -85.3523 0.0307 0.2157 -0.9760 0.0063 -0.0001 -0.9760 -0.2157 -54.4244
0.9982 -0.0720 0.1179 -88.7066 0.0604 0.2151 -0.9747 0.0064 -0.0001 -0.9747 -0.2151 -54.4661
0.9998 -0.0255 0.0417 -91.9313 0.0214 0.2154 -0.9763 0.0062 -0.0001 -0.9763 -0.2154 -54.5061
1.0000 0.0003 -0.0005 -95.2268 -0.0002 0.2155 -0.9765 0.0061 -0.0001 -0.9765 -0.2155 -54.5471
0.9992 -0.0463 0.0759 -98.4111 0.0388 0.2152 -0.9758 0.0063 -0.0001 -0.9758 -0.2152 -54.5866
0.9982 -0.0722 0.1183 -101.3782 0.0606 0.2148 -0.9748 0.0064 -0.0001 -0.9748 -0.2148 -54.6235
0.9983 -0.0146 0.0897 -104.1427 0.0541 -0.5590 -0.8274 0.0064 0.0232 -0.8267 0.5600 -54.6249
0.9984 -0.0256 0.0987 -106.7487 0.0548 -0.4334 -0.8996 0.0064 0.0131 -0.8992 0.4340 -54.6097
0.9992 -0.0188 0.0706 -109.1949 0.0390 -0.4225 -0.9055 0.0063 0.0060 -0.9054 0.4227 -54.5900
0.9999 0.0075 -0.0283 -111.6916 -0.0156 -0.4251 -0.9050 0.0060 0.0022 -0.9050 0.4251 -54.5687
1.0000 -0.0030 0.0110 -114.2296 0.0061 -0.4209 -0.9071 0.0061 0.0007 -0.9071 0.4209 -54.5471
0.9999 0.0049 -0.0184 -116.7387 -0.0102 -0.4251 -0.9051 0.0060 0.0002 -0.9051 0.4251 -54.5256
0.9990 0.0215 -0.0813 -119.4102 -0.0449 -0.4253 -0.9040 0.0058 0.0000 -0.9040 0.4253 -54.5028
1.0000 0.0019 -0.0073 -122.1438 -0.0040 -0.4257 -0.9049 0.0061 -0.0000 -0.9049 0.4257 -54.4795
0.9999 0.0061 -0.0230 -124.8467 -0.0127 -0.4256 -0.9048 0.0060 -0.0001 -0.9048 0.4256 -54.4564
0.9988 0.0234 -0.0883 -127.7094 -0.0488 -0.4250 -0.9039 0.0058 -0.0001 -0.9039 0.4250 -54.4319
0.9980 0.0306 -0.1154 -130.7994 -0.0638 -0.4245 -0.9032 0.0057 -0.0001 -0.9032 0.4245 -54.4055
1.0000 0.0029 -0.0111 -133.9556 -0.0061 -0.4253 -0.9050 0.0061 -0.0001 -0.9050 0.4253 -54.3785
0.9992 -0.0189 0.0715 -136.9433 0.0395 -0.4251 -0.9043 0.0063 -0.0001 -0.9043 0.4251 -54.3530
1.0000 -0.0044 0.0166 -139.8340 0.0092 -0.4255 -0.9049 0.0061 -0.0001 -0.9049 0.4255 -54.3283
0.9992 0.0189 -0.0713 -142.8658 -0.0394 -0.4250 -0.9043 0.0059 -0.0001 -0.9043 0.4250 -54.3024
0.9995 0.0152 -0.0574 -146.0701 -0.0317 -0.4250 -0.9046 0.0059 -0.0001 -0.9046 0.4250 -54.2750
1.0000 0.0003 -0.0011 -147.6526 -0.0006 -0.4253 -0.9050 0.0061 -0.0001 -0.9050 0.4253 -54.2614
0.9990 -0.0212 0.0802 -150.6710 0.0443 -0.4250 -0.9041 0.0063 -0.0001 -0.9041 0.4250 -54.2356
0.9985 -0.0265 0.1002 -152.0978 0.0554 -0.4249 -0.9036 0.0064 -0.0001 -0.9036 0.4249 -54.2234
0.9990 -0.0212 0.0802 -154.8173 0.0443 -0.4253 -0.9040 0.0063 -0.0001 -0.9040 0.4252 -54.2002
0.9999 -0.0075 0.0285 -157.5239 0.0157 -0.4256 -0.9048 0.0062 -0.0001 -0.9048 0.4256 -54.1771
0.9992 -0.0189 0.0715 -160.1216 0.0395 -0.4254 -0.9041 0.0063 -0.0001 -0.9041 0.4254 -54.1549
0.9986 -0.0254 0.0960 -162.5341 0.0530 -0.4253 -0.9035 0.0064 -0.0001 -0.9035 0.4253 -54.1343
0.9985 -0.0264 0.0998 -164.7608 0.0551 -0.4251 -0.9034 0.0064 -0.0001 -0.9034 0.4251 -54.1152
0.9986 -0.0253 0.0955 -166.8181 0.0528 -0.4253 -0.9035 0.0064 -0.0001 -0.9035 0.4253 -54.0977
0.9989 -0.0370 0.0712 -168.7381 0.0356 0.0396 -0.9986 0.0063 0.0310 -0.9986 -0.0385 -54.0712
1.0000 -0.0094 0.0128 -170.6651 0.0070 0.4261 -0.9047 0.0061 0.0062 -0.9047 -0.4261 -54.0260
0.9999 -0.0198 0.0266 -171.6138 0.0148 0.4385 -0.8986 0.0062 0.0041 -0.8987 -0.4384 -54.0035
0.9991 -0.0428 0.0374 -173.4225 0.0305 0.7903 -0.6120 0.0063 0.0307 -0.6127 -0.7897 -53.9504
0.9996 -0.0357 0.0166 -175.1356 0.0286 0.9567 -0.2897 0.0063 0.0053 -0.2898 -0.9567 -53.8843
0.9976 0.0164 -0.0446 -176.7554 0.0231 0.2572 0.9661 0.0062 0.0659 0.9657 -0.2587 -53.7826
0.9993 -0.0013 0.0011 -178.3926 -0.0009 -0.8274 0.5617 0.0061 0.0380 0.5616 0.8274 -53.6391
0.9994 0.0131 -0.0345 -180.0684 -0.0177 -0.2325 -0.9724 0.0060 0.0290 -0.9725 0.2320 -53.4328
0.9993 0.0023 -0.0033 -181.7851 -0.0017 0.3559 -0.9345 0.0061 0.0361 -0.9345 -0.3559 -53.2099
0.9999 -0.0180 0.0191 -183.4527 0.0128 0.6636 -0.7480 0.0062 0.0072 -0.7480 -0.6635 -52.9773
0.9977 -0.0009 -0.0226 -185.0364 0.0166 0.7331 0.6799 0.0062 0.0660 0.6791 -0.7339 -52.7171
0.9993 -0.0021 0.0029 -186.6353 -0.0016 -0.3860 0.9225 0.0061 0.0373 0.9225 0.3861 -52.4141
0.9996 0.0012 0.0116 -188.1973 0.0091 -0.7704 -0.6375 0.0061 0.0266 -0.6373 0.7706 -52.0625
0.9993 -0.0130 0.0394 -189.6944 0.0208 -0.3210 -0.9468 0.0062 0.0321 -0.9466 0.3217 -51.7157
0.9954 0.0056 -0.0366 -191.0989 0.0224 0.5731 0.8192 0.0062 0.0929 0.8180 -0.5748 -51.3121
0.9868 -0.0021 -0.0018 -192.4272 0.0031 0.9588 0.2840 0.0061 0.1622 0.2835 -0.9590 -50.7759
0.9760 0.0217 -0.0227 -193.6691 0.0155 -0.6713 0.7410 0.0062 0.2171 0.7433 0.6688 -50.0479
0.9927 -0.0165 0.0452 -194.7163 0.0235 -0.2640 -0.9642 0.0062 0.1180 -0.9635 0.2667 -49.1815
0.9997 -0.0239 0.0152 -195.7214 0.0180 0.9061 -0.4226 0.0062 0.0186 -0.4229 -0.9060 -48.3373
0.9998 -0.0117 -0.0060 -196.6832 0.0150 0.9798 0.1993 0.0062 0.0095 0.1992 -0.9798 -47.5141
0.9999 -0.0098 -0.0063 -197.6142 0.0133 0.9716 0.2362 0.0062 0.0015 0.2362 -0.9716 -46.7204
0.9999 -0.0000 -0.0177 -198.5041 0.0125 0.7086 0.7055 0.0062 0.0047 0.7055 -0.7086 -45.9420
0.9999 0.0089 -0.0233 -199.3564 0.0120 0.2265 0.9739 0.0062 0.0036 0.9739 -0.2265 -45.1807
0.9999 0.0145 -0.0219 -200.1731 0.0115 -0.3081 0.9513 0.0062 0.0028 0.9513 0.3081 -44.4368
0.9999 0.0157 -0.0149 -200.9557 0.0111 -0.7434 0.6688 0.0062 0.0022 0.6688 0.7434 -43.7102
0.9999 0.0129 -0.0048 -201.7058 0.0107 -0.9750 0.2221 0.0062 0.0017 0.2221 0.9750 -43.0010
0.9998 0.0138 -0.0235 -203.1734 -0.0119 0.1723 -0.9850 0.0060 0.0173 -0.9849 -0.1725 -41.5255
0.9998 0.0037 -0.0040 -203.9345 -0.0026 0.6472 -0.7623 0.0061 0.0173 -0.7623 -0.6472 -40.7426
0.9974 -0.0118 0.0261 -204.6625 -0.0132 0.1014 0.9948 0.0060 0.0702 0.9949 -0.1005 -39.9129
0.9927 0.0133 -0.0029 -205.3426 -0.0120 0.9928 -0.1193 0.0060 0.1198 -0.1178 -0.9930 -38.9726
0.9996 -0.0295 0.0397 -206.0453 -0.0221 -0.4357 0.8998 0.0060 0.0201 0.8996 0.4361 -37.9381
0.9995 -0.0136 -0.0247 -206.7691 -0.0288 -0.9027 -0.4293 0.0059 0.0092 -0.4295 0.9026 -36.8303
0.9998 0.0092 -0.0316 -207.5264 -0.0172 -0.3876 -0.9217 0.0060 0.0053 -0.9217 0.3875 -35.6536
1.0000 0.0007 -0.0011 -208.2664 -0.0006 0.2752 -0.9614 0.0061 0.0065 -0.9614 -0.2752 -34.4750
0.9996 -0.0207 0.0225 -208.9755 0.0147 0.6405 -0.7679 0.0062 0.0235 -0.7681 -0.6402 -33.3341
0.9996 -0.0222 0.0093 -209.6379 0.0181 0.9661 -0.2577 0.0062 0.0231 -0.2581 -0.9659 -32.2378
0.9997 0.0105 -0.0361 -210.2294 0.0196 0.3878 0.9215 0.0062 0.0111 0.9215 -0.3880 -31.1836
0.9999 0.0190 -0.0312 -210.7884 0.0160 -0.2139 0.9767 0.0062 0.0034 0.9767 0.2139 -30.1717
0.9999 0.0189 -0.0194 -211.3175 0.0134 -0.6905 0.7232 0.0062 0.0028 0.7232 0.6905 -29.1921
0.9999 0.0148 -0.0066 -211.8193 0.0119 -0.9609 0.2767 0.0062 0.0023 0.2768 0.9609 -28.2416
0.9999 0.0083 0.0051 -212.2956 0.0111 -0.9733 -0.2291 0.0062 0.0018 -0.2291 0.9733 -27.3187
0.9990 -0.0002 0.0005 -212.7414 0.0003 -0.1234 -0.9924 0.0061 0.0436 -0.9924 0.1234 -26.3999
0.9984 -0.0614 0.0216 -213.3696 -0.0518 -0.9768 0.2078 0.0058 0.0208 0.2068 0.9770 -24.7616
0.9986 0.0158 -0.0396 -213.8256 -0.0202 -0.1968 -0.9802 0.0060 0.0479 -0.9804 0.1958 -23.5049
0.9996 -0.0007 0.0285 -214.2184 -0.0196 0.6890 0.7245 0.0060 0.0220 0.7248 -0.6887 -22.2130
0.9995 -0.0133 0.0332 -214.6320 -0.0169 0.1979 0.9801 0.0060 0.0263 0.9802 -0.1975 -20.8622
0.9989 -0.0442 0.0010 -215.0286 -0.0436 -0.9990 0.0119 0.0058 0.0196 0.0111 0.9990 -19.3794
0.9994 -0.0055 -0.0163 -215.4453 -0.0159 -0.8585 -0.5126 0.0060 0.0305 -0.5130 0.8582 -17.8041
0.9991 0.0173 -0.0053 -215.9834 -0.0149 0.9838 -0.1786 0.0060 0.0389 -0.1781 -0.9839 -15.3841
0.9989 -0.0270 0.0263 -216.4401 -0.0191 -0.7254 0.6881 0.0060 0.0439 0.6875 0.7259 -12.8114
0.9986 0.0252 -0.0366 -216.7994 -0.0196 0.3529 -0.9355 0.0060 0.0490 -0.9351 -0.3538 -10.0762
0.9998 -0.0056 -0.0007 -217.0974 0.0060 0.9984 0.0555 0.0061 0.0206 0.0554 -0.9984 -7.3041
0.9992 0.0311 -0.0248 -217.2784 0.0224 -0.8334 0.5522 0.0062 0.0320 0.5528 0.8330 -4.6833
1.0000 -0.0069 0.0042 -217.4157 -0.0053 -0.9153 0.4028 0.0061 0.0059 0.4027 0.9153 -2.1794
0.9972 -0.0991 0.0604 -217.6306 -0.0752 -0.9132 0.4005 0.0056 0.0007 0.4005 0.9132 1.7980
1.0000 -0.0116 0.0071 -217.8102 -0.0088 -0.9158 0.4016 0.0060 0.0001 0.4016 0.9158 5.1262
0.9984 -0.0739 0.0450 -218.0002 -0.0561 -0.9144 0.4008 0.0058 -0.0000 0.4008 0.9144 8.6443
0.9990 -0.0585 0.0357 -218.2166 -0.0444 -0.9151 0.4009 0.0058 -0.0001 0.4009 0.9151 12.6535
0.9999 -0.0211 0.0129 -218.4348 -0.0161 -0.9158 0.4012 0.0060 -0.0001 0.4012 0.9158 16.6949
0.9992 0.0035 0.0015 -218.6479 0.0043 -0.9846 -0.1750 0.0061 0.0395 -0.1748 0.9846 20.8759
0.9991 0.0000 0.0566 -218.7926 0.0401 -0.7067 -0.7064 0.0063 0.0128 -0.7061 0.7070 24.8404
0.9986 -0.0009 0.0763 -218.8733 0.0533 -0.6972 -0.7149 0.0064 0.0059 -0.7147 0.6974 27.2616
0.9986 -0.0013 0.0756 -218.9470 0.0526 -0.6941 -0.7179 0.0064 0.0021 -0.7179 0.6942 29.5011
1.0000 -0.0002 0.0132 -219.0184 0.0092 -0.6979 -0.7161 0.0061 0.0007 -0.7161 0.6979 31.6719
0.9989 0.0006 -0.0656 -219.0952 -0.0460 -0.7002 -0.7125 0.0058 0.0002 -0.7125 0.7002 34.0101
0.9972 0.0010 -0.1072 -219.2259 -0.0752 -0.6987 -0.7114 0.0056 0.0000 -0.7114 0.6987 37.9838
0.9968 0.0010 -0.1138 -219.3234 -0.0798 -0.6984 -0.7113 0.0056 -0.0000 -0.7113 0.6984 40.9514
0.9967 0.0011 -0.1155 -219.4293 -0.0809 -0.6982 -0.7114 0.0056 -0.0000 -0.7114 0.6982 44.1730
0.9967 0.0011 -0.1155 -219.5434 -0.0809 -0.6980 -0.7115 0.0056 -0.0001 -0.7115 0.6980 47.6465
0.9989 0.0006 -0.0674 -219.6640 -0.0472 -0.6994 -0.7131 0.0058 -0.0001 -0.7131 0.6994 51.3172
0.9997 -0.0003 0.0352 -219.7816 0.0247 -0.7001 -0.7137 0.0062 -0.0001 -0.7137 0.7001 54.8954
0.9982 -0.0008 0.0866 -219.8915 0.0607 -0.6991 -0.7124 0.0064 -0.0001 -0.7124 0.6991 58.2403
0.9974 -0.0009 0.1036 -220.0412 0.0726 -0.6988 -0.7116 0.0065 -0.0001 -0.7116 0.6988 62.7938
0.9975 -0.0009 0.1008 -220.1313 0.0706 -0.6990 -0.7116 0.0065 -0.0001 -0.7116 0.6990 65.5379
0.9983 -0.0653 0.1062 -220.1835 0.0545 0.2240 -0.9731 0.0064 0.0207 -0.9733 -0.2229 68.0908
0.9986 -0.0664 0.0976 -220.2199 0.0519 0.3383 -0.9396 0.0064 0.0102 -0.9398 -0.3378 70.4992
0.9951 0.0004 -0.0534 -220.1991 0.0376 0.7022 0.7110 0.0063 0.0912 0.7086 -0.7046 72.7588
0.9995 0.0092 -0.0133 -220.1158 0.0071 -0.3619 0.9322 0.0061 0.0309 0.9323 0.3617 75.0225
0.9994 -0.0149 0.0052 -219.9914 -0.0126 -0.9779 0.2088 0.0060 0.0321 0.2084 0.9780 77.3119
0.9988 0.0036 0.0063 -219.8427 0.0074 -0.9069 -0.4214 0.0061 0.0483 -0.4211 0.9070 79.6175
0.9986 0.0059 -0.0025 -219.6074 -0.0048 0.9661 -0.2581 0.0061 0.0535 -0.2579 -0.9662 81.8831
0.9982 0.0017 0.0049 -219.3332 -0.0048 0.8587 0.5124 0.0061 0.0594 0.5126 -0.8586 84.1747
0.9997 -0.0033 0.0160 -219.0192 -0.0092 0.5043 0.8635 0.0060 0.0211 0.8636 -0.5041 86.5155
0.9995 0.0183 -0.0246 -218.6785 0.0137 -0.4362 0.8997 0.0062 0.0270 0.8999 0.4359 88.7983
0.9995 0.0426 -0.0518 -218.3419 0.0308 -0.5424 0.8395 0.0063 0.0118 0.8397 0.5421 90.9774
1.0000 0.0072 -0.0087 -218.0106 0.0052 -0.5478 0.8366 0.0061 0.0049 0.8366 0.5478 93.0998
1.0000 -0.0032 0.0039 -217.6745 -0.0023 -0.5471 0.8370 0.0061 0.0018 0.8370 0.5472 95.2489
0.9993 -0.0513 0.0623 -217.3218 -0.0371 -0.5427 0.8391 0.0059 0.0006 0.8391 0.5428 97.5033
1.0000 -0.0028 0.0034 -216.9594 -0.0020 -0.5477 0.8367 0.0061 0.0002 0.8367 0.5477 99.8201
0.9996 0.0226 -0.0025 -216.5860 0.0214 -0.9981 0.0579 0.0062 0.0170 0.0583 0.9981 102.0252
0.9986 0.0105 0.0360 -216.2119 0.0337 -0.8455 -0.5329 0.0063 0.0404 -0.5317 0.8462 104.1177
0.9990 -0.0087 0.0042 -215.7703 0.0069 0.9530 -0.3030 0.0061 0.0431 -0.3033 -0.9529 106.1355
0.9995 0.0001 -0.0053 -215.2820 0.0037 0.6930 0.7209 0.0061 0.0320 0.7209 -0.6931 108.1650
0.9987 0.0185 -0.0441 -214.7880 0.0224 0.1604 0.9868 0.0062 0.0448 0.9866 -0.1614 110.1263
0.9987 0.0382 -0.0394 -214.2853 0.0270 -0.6845 0.7285 0.0062 0.0430 0.7293 0.6836 111.9905
0.9989 -0.0193 0.0544 -213.7444 0.0283 -0.2801 -0.9595 0.0063 0.0366 -0.9593 0.2811 113.7341
0.9965 -0.0190 -0.0012 -213.1769 0.0197 0.9993 0.0317 0.0062 0.0814 0.0301 -0.9994 115.3914
0.9989 -0.0020 0.0051 -212.5531 -0.0026 0.1890 0.9820 0.0061 0.0478 0.9820 -0.1889 117.0583
0.9991 -0.0116 -0.0106 -211.8514 -0.0178 -0.9540 -0.2992 0.0060 0.0374 -0.2998 0.9538 118.7409
0.9997 0.0063 -0.0174 -211.0997 -0.0090 -0.2657 -0.9640 0.0060 0.0244 -0.9641 0.2654 120.4622
0.9992 -0.0186 0.0287 -210.3525 0.0150 0.2808 -0.9596 0.0062 0.0382 -0.9598 -0.2803 122.1340
0.9991 -0.0274 0.0176 -209.6122 0.0206 0.9031 -0.4288 0.0062 0.0372 -0.4295 -0.9028 123.7234
0.9995 -0.0010 0.0022 -208.8263 -0.0011 0.0533 0.9986 0.0061 0.0305 0.9986 -0.0532 125.2611
0.9968 -0.0048 -0.0034 -207.9801 -0.0067 -0.9672 -0.2538 0.0060 0.0796 -0.2543 0.9671 126.8130
0.9987 0.0169 -0.0318 -207.0566 -0.0160 0.0599 -0.9981 0.0060 0.0480 -0.9980 -0.0606 128.4013
0.9969 -0.0026 -0.0188 -205.6225 0.0153 0.7873 0.6164 0.0062 0.0777 0.6154 -0.7880 130.7285
0.9987 0.0298 -0.0398 -204.6644 0.0222 -0.4447 0.8954 0.0062 0.0454 0.8959 0.4438 132.1650
0.9935 -0.0297 0.0385 -203.6867 0.0220 0.4765 -0.8789 0.0062 0.1115 -0.8801 -0.4744 133.4761
0.9988 0.0001 0.0015 -202.6484 -0.0011 0.7508 0.6605 0.0061 0.0490 0.6606 -0.7508 134.7654
0.9923 0.0032 -0.0318 -201.5137 -0.0205 -0.6265 -0.7791 0.0060 0.1222 -0.7807 0.6246 136.0333
0.9993 0.0412 -0.0423 -200.2356 -0.0292 0.6874 -0.7257 0.0059 0.0250 -0.7252 -0.6880 137.3711
0.9966 -0.0015 0.0079 -198.9293 -0.0047 0.5376 0.8432 0.0061 0.0823 0.8434 -0.5372 138.6776
0.9998 -0.0127 0.0184 -197.5643 -0.0098 -0.3619 0.9322 0.0060 0.0197 0.9321 0.3621 139.9813
0.9967 0.0010 0.0046 -196.1878 0.0040 -0.8229 -0.5682 0.0061 0.0812 -0.5679 0.8231 141.2325
0.9987 0.0109 -0.0145 -194.7492 -0.0081 0.4431 -0.8965 0.0060 0.0506 -0.8963 -0.4434 142.4671
0.9900 -0.0313 0.0260 -193.2105 -0.0225 -0.8141 0.5803 0.0060 0.1392 0.5778 0.8159 143.6485
0.9969 0.0297 -0.0613 -191.4964 -0.0307 -0.0324 -0.9990 0.0059 0.0724 -0.9991 0.0301 144.8467
0.9979 -0.0002 0.0393 -189.6859 -0.0277 0.7047 0.7090 0.0059 0.0588 0.7101 -0.7035 146.0074
0.9939 -0.0157 0.0035 -187.7937 -0.0141 -0.9921 0.1244 0.0060 0.1095 0.1228 0.9923 147.1354
0.9944 -0.0050 0.0600 -185.7349 -0.0392 0.6412 0.7664 0.0059 0.0978 0.7688 -0.6383 148.1739
0.9912 -0.0023 -0.0015 -183.5793 -0.0032 -0.9710 -0.2392 0.0061 0.1325 -0.2396 0.9709 149.1521
0.9938 -0.0053 0.0146 -181.3906 -0.0076 0.2687 0.9632 0.0060 0.1106 0.9634 -0.2679 149.9602
0.9905 0.0018 0.0148 -179.1677 0.0119 -0.7813 -0.6240 0.0062 0.1372 -0.6228 0.7823 150.6726
0.9938 -0.0022 0.0040 -176.9384 -0.0020 -0.1116 0.9938 0.0061 0.1110 0.9937 0.1118 151.2102
0.9907 -0.0045 0.0226 -174.6872 0.0133 -0.5219 -0.8529 0.0062 0.1351 -0.8519 0.5235 151.6516
0.9984 -0.0350 0.0390 -172.5066 0.0250 0.6232 -0.7817 0.0062 0.0508 -0.7825 -0.6222 152.0040
0.9976 -0.0102 -0.0517 -169.4816 0.0444 0.8124 0.5814 0.0064 0.0534 0.5795 -0.8138 152.4189
0.9987 0.0579 -0.0889 -166.7925 0.0464 -0.2886 0.9563 0.0064 0.0209 0.9566 0.2877 152.7198
0.9985 0.0439 -0.0005 -164.4192 0.0437 -0.9990 0.0052 0.0063 0.0333 0.0067 0.9990 152.9280
0.9992 -0.0102 0.0658 -162.3368 0.0400 -0.5676 -0.8224 0.0063 0.0094 -0.8221 0.5679 153.0699
0.9994 -0.0491 0.0583 -159.9708 0.0353 0.5642 -0.8249 0.0063 0.0046 -0.8250 -0.5640 153.1808
0.9996 -0.0182 0.0020 -158.4365 0.0173 0.9982 -0.0570 0.0061 0.0213 -0.0574 -0.9982 153.2224
1.0000 -0.0099 0.0163 -156.4101 -0.0083 -0.2080 0.9781 0.0061 0.0039 0.9781 0.2081 153.2175
0.9971 -0.0875 0.0354 -154.5193 -0.0721 -0.9668 0.2452 0.0057 0.0256 0.2434 0.9672 153.1724
0.9960 -0.1108 0.0710 -152.9175 -0.0833 -0.9014 0.4249 0.0056 -0.0310 0.4272 0.9003 153.1351
0.9983 -0.0815 0.0820 -151.0775 -0.0576 -0.7014 0.7104 0.0058 -0.0045 0.7106 0.7013 153.1111
0.9998 -0.0102 0.0212 -149.2332 -0.0106 0.0377 0.9992 0.0060 -0.0138 0.9992 -0.0378 153.1100
0.9999 0.0143 -0.0324 -147.4577 0.0163 0.1175 0.9929 0.0062 -0.0045 0.9930 -0.1174 153.1125
0.9997 0.0196 -0.0445 -145.7637 0.0224 0.1207 0.9924 0.0062 -0.0018 0.9924 -0.1207 153.1159
0.9998 0.0170 -0.0388 -144.1550 0.0195 0.1209 0.9925 0.0062 -0.0007 0.9925 -0.1209 153.1193
0.9996 -0.0247 0.0562 -142.4801 -0.0283 0.1208 0.9923 0.0059 -0.0003 0.9923 -0.1208 153.1228
0.9994 -0.0312 0.0710 -140.6188 -0.0357 0.1207 0.9920 0.0059 -0.0001 0.9920 -0.1207 153.1267
1.0000 -0.0075 0.0170 -138.7523 -0.0086 0.1208 0.9926 0.0060 -0.0001 0.9926 -0.1208 153.1306
0.9991 -0.0369 0.0839 -136.7923 -0.0423 0.1206 0.9918 0.0058 -0.0001 0.9918 -0.1206 153.1348
0.9974 -0.0629 0.1431 -134.5800 -0.0721 0.1202 0.9901 0.0057 -0.0001 0.9901 -0.1202 153.1395
0.9971 -0.0660 0.1502 -132.1070 -0.0757 0.1200 0.9899 0.0056 -0.0001 0.9899 -0.1200 153.1447
0.9999 0.0118 -0.0269 -128.3202 0.0136 0.1203 0.9926 0.0062 -0.0001 0.9926 -0.1203 153.1527
0.9991 0.0372 -0.0846 -125.9934 0.0426 0.1202 0.9918 0.0063 -0.0001 0.9918 -0.1202 153.1576
0.9988 0.0434 -0.0988 -123.8404 0.0498 0.1205 0.9915 0.0064 -0.0001 0.9915 -0.1205 153.1621
0.9987 0.0439 -0.0999 -121.8531 0.0503 0.1207 0.9914 0.0064 -0.0001 0.9914 -0.1207 153.1663
0.9989 0.0406 -0.0925 -120.0203 0.0466 0.1208 0.9916 0.0064 -0.0001 0.9916 -0.1208 153.1702
1.0000 0.0062 -0.0142 -118.2456 0.0071 0.1209 0.9926 0.0061 -0.0001 0.9926 -0.1209 153.1739
0.9990 -0.0389 0.0887 -116.3077 -0.0447 0.1207 0.9917 0.0058 -0.0001 0.9917 -0.1207 153.1780
1.0000 -0.0087 0.0198 -114.2755 -0.0100 0.1208 0.9926 0.0060 -0.0001 0.9926 -0.1208 153.1823
0.9997 0.0215 -0.0491 -112.3467 0.0247 0.1208 0.9924 0.0062 -0.0001 0.9924 -0.1208 153.1864
0.9997 0.0213 -0.0486 -110.5373 0.0245 0.1209 0.9924 0.0062 -0.0001 0.9924 -0.1209 153.1902
1.0000 0.0005 -0.0010 -108.7135 0.0005 0.1209 0.9927 0.0061 -0.0001 0.9927 -0.1209 153.1941
0.9998 -0.0187 0.0427 -106.8438 -0.0215 0.1208 0.9924 0.0060 -0.0001 0.9924 -0.1208 153.1980
0.9980 -0.0550 0.1253 -104.7673 -0.0631 0.1205 0.9907 0.0057 -0.0001 0.9907 -0.1205 153.2024
0.9969 -0.0683 0.1556 -102.4206 -0.0784 0.1201 0.9897 0.0056 -0.0001 0.9897 -0.1202 153.2074
0.9970 -0.0674 0.1533 -99.8164 -0.0772 0.1200 0.9898 0.0056 -0.0001 0.9898 -0.1200 153.2129
0.9999 -0.0123 0.0279 -97.1311 -0.0141 0.1203 0.9926 0.0060 -0.0001 0.9926 -0.1203 153.2185
0.9994 0.0295 -0.0671 -94.5930 0.0338 0.1203 0.9922 0.0063 -0.0001 0.9922 -0.1203 153.2238
0.9987 0.0445 -0.1014 -92.2431 0.0511 0.1204 0.9914 0.0064 -0.0001 0.9914 -0.1204 153.2288
0.9993 0.0317 -0.0722 -90.0470 0.0364 0.1205 0.9920 0.0063 -0.0001 0.9920 -0.1205 153.2334
0.9997 -0.0202 0.0460 -87.7924 -0.0232 0.1205 0.9924 0.0060 -0.0001 0.9924 -0.1205 153.2382
0.9981 -0.0531 0.1208 -85.3112 -0.0608 0.1201 0.9909 0.0057 -0.0001 0.9909 -0.1201 153.2435
0.9991 -0.0373 0.0849 -82.6301 -0.0428 0.1201 0.9918 0.0058 -0.0001 0.9918 -0.1201 153.2491
0.9999 0.0149 -0.0339 -80.0128 0.0171 0.1203 0.9926 0.0062 -0.0001 0.9926 -0.1203 153.2546
0.9990 0.0399 -0.0909 -77.5746 0.0458 0.1203 0.9917 0.0064 -0.0001 0.9917 -0.1203 153.2597
0.9999 0.0105 -0.0239 -74.1513 0.0120 0.1205 0.9926 0.0062 -0.0001 0.9926 -0.1205 153.2670
0.9995 0.0263 -0.0600 -70.7997 0.0302 0.1205 0.9923 0.0063 -0.0001 0.9923 -0.1205 153.2740
0.9989 0.0401 -0.0913 -67.7777 0.0460 0.1206 0.9916 0.0064 -0.0001 0.9916 -0.1206 153.2804
1.0000 0.0058 -0.0132 -65.0077 0.0066 0.1208 0.9927 0.0061 -0.0001 0.9927 -0.1208 153.2863
1.0000 -0.0005 0.0012 -62.0838 -0.0006 0.1208 0.9927 0.0061 -0.0001 0.9927 -0.1208 153.2924
0.9992 0.0320 -0.0473 -60.2248 0.0251 -0.3337 0.9423 0.0062 0.0298 0.9426 0.3330 153.2866
0.9995 0.0443 -0.0462 -57.6194 0.0314 -0.6770 0.7353 0.0063 0.0033 0.7354 0.6769 153.2537
0.9996 0.0299 -0.0031 -55.2469 0.0284 -0.9981 0.0555 0.0063 0.0041 0.0556 0.9981 153.1920
0.9981 -0.0193 0.0474 -53.0865 0.0241 -0.1828 -0.9829 0.0062 0.0574 -0.9826 0.1841 153.0999
1.0000 -0.0097 0.0126 -50.9449 0.0072 0.4767 -0.8791 0.0061 0.0019 -0.8791 -0.4766 152.9592
0.9999 -0.0010 0.0104 -48.8823 -0.0067 0.6321 0.7748 0.0061 0.0154 0.7749 -0.6320 152.7642
0.9973 -0.0405 0.0322 -46.6109 -0.0293 -0.8341 0.5508 0.0061 0.0674 0.5491 0.8352 152.4981
0.9970 0.0026 0.0169 -44.1781 0.0139 -0.7951 -0.6063 0.0065 0.0763 -0.6054 0.7958 152.1413
0.9999 0.0142 -0.0103 -41.7362 -0.0104 0.8684 -0.4958 0.0060 0.0103 -0.4957 -0.8684 151.6921
0.9978 0.0051 -0.0213 -39.3544 0.0121 0.4635 0.8860 0.0062 0.0656 0.8856 -0.4642 151.2123
0.9995 0.0064 -0.0066 -36.9864 0.0045 -0.6861 0.7275 0.0061 0.0326 0.7276 0.6860 150.6602
0.9999 0.0039 -0.0145 -34.6283 -0.0079 -0.4135 -0.9105 0.0060 0.0104 -0.9105 0.4134 150.0174
0.9978 -0.0161 0.0097 -32.3314 0.0122 0.9175 -0.3975 0.0062 0.0646 -0.3983 -0.9172 149.3503
0.9975 -0.0102 0.0140 -30.0439 -0.0077 -0.4147 0.9099 0.0060 0.0705 0.9097 0.4152 148.5784
0.9993 0.0424 -0.0462 -27.6055 -0.0301 0.6416 -0.7664 0.0059 0.0208 -0.7660 -0.6421 147.5631
0.9992 -0.0206 0.0377 -25.1285 -0.0189 -0.0915 0.9956 0.0060 0.0350 0.9956 0.0922 146.4339
0.9961 -0.0072 -0.0232 -22.4834 -0.0222 -0.8521 -0.5228 0.0060 0.0856 -0.5244 0.8512 145.1293
0.9989 0.0024 -0.0030 -19.7752 -0.0017 0.5052 -0.8630 0.0061 0.0476 -0.8630 -0.5053 143.6679
0.9831 -0.0400 0.0309 -17.3179 0.0294 0.8470 -0.5308 0.0063 0.1809 -0.5353 -0.8442 142.0743
0.9530 -0.0101 -0.0511 -15.4401 0.0461 0.8228 0.5664 0.0064 0.2995 0.5550 -0.8307 140.1953
0.9777 -0.0329 0.0882 -14.3725 0.0461 -0.2577 -0.9651 0.0064 0.2048 -0.9627 0.2668 138.1401
0.9987 -0.0328 0.0251 -13.7992 0.0238 0.8495 -0.5270 0.0062 0.0456 -0.5279 -0.8490 136.8025
0.9984 0.0730 -0.0893 -12.8580 -0.0529 0.5350 -0.8432 0.0058 -0.0215 -0.8438 -0.5340 134.6134
0.9963 0.1018 -0.1694 -11.6440 -0.0864 0.1964 -0.9767 0.0056 -0.0006 -0.9767 -0.1964 131.8666
0.9965 0.1058 -0.0590 -10.7250 -0.0818 0.9297 -0.3592 0.0056 0.0187 -0.3578 -0.9302 129.7056
0.9987 0.0129 0.0123 -9.7910 -0.0200 0.9515 0.3070 0.0060 0.0467 0.3079 -0.9512 127.4516
0.9982 -0.0175 0.0073 -8.9565 -0.0143 -0.9672 0.2538 0.0060 0.0575 0.2530 0.9674 125.1858
0.9980 0.0036 0.0131 -8.1606 0.0121 -0.8400 -0.5425 0.0062 0.0624 -0.5418 0.8404 122.9082
0.9994 -0.0124 0.0487 -7.4368 0.0272 -0.4422 -0.8965 0.0062 0.0236 -0.8962 0.4428 120.7335
0.9992 -0.0189 0.0695 -6.7564 0.0382 -0.4142 -0.9094 0.0063 0.0104 -0.9092 0.4145 118.6677
0.9992 -0.0478 0.0647 -6.1448 0.0359 0.4311 -0.9016 0.0063 0.0183 -0.9019 -0.4305 116.7232
0.9993 -0.0523 0.0650 -5.5718 0.0380 0.5185 -0.8542 0.0063 0.0069 -0.8544 -0.5183 114.8805
0.9995 -0.0346 0.0132 -5.0578 0.0288 0.9730 -0.2290 0.0063 0.0143 -0.2294 -0.9729 113.1435
1.0000 -0.0046 0.0012 -4.5438 0.0040 0.9881 -0.1537 0.0061 0.0045 -0.1537 -0.9881 111.3942
0.9973 0.0084 -0.0169 -4.0808 0.0085 0.0047 1.0000 0.0061 0.0724 1.0000 -0.0053 109.6633
0.9999 -0.0101 0.0090 -3.6467 -0.0072 -0.7813 0.6241 0.0060 0.0149 0.6240 0.7814 107.8880
0.9962 0.0125 -0.0435 -3.2469 -0.0237 -0.3932 -0.9192 0.0060 0.0836 -0.9199 0.3914 106.0539
0.9993 0.0438 -0.0546 -2.8607 -0.0319 0.5165 -0.8557 0.0059 0.0199 -0.8553 -0.5171 104.0608
0.9991 0.0383 -0.0084 -2.4897 -0.0343 0.9919 -0.1220 0.0059 0.0231 -0.1212 -0.9920 101.9941
0.9984 0.0130 0.0334 -2.1105 -0.0341 0.8717 0.4888 0.0059 0.0445 0.4901 -0.8710 99.7713
0.9981 -0.0382 0.0113 -1.8100 -0.0331 -0.9848 0.1704 0.0059 0.0523 0.1687 0.9851 97.4768
0.9908 0.0830 -0.0851 -1.5700 -0.0589 0.6883 -0.7230 0.0057 0.1220 -0.7180 -0.6935 94.9844
0.9958 0.0131 0.0899 -1.3985 -0.0735 0.7887 0.6104 0.0057 0.0552 0.6136 -0.7862 92.2436
0.9964 0.0011 0.1107 -1.2398 -0.0791 0.7121 0.6976 0.0056 0.0290 0.6992 -0.7105 89.2475
0.9967 -0.0003 0.1143 -1.0774 -0.0806 0.7033 0.7063 0.0056 0.0126 0.7071 -0.7025 85.9978
0.9988 -0.0003 0.0677 -0.9072 -0.0477 0.7035 0.7091 0.0058 0.0049 0.7093 -0.7033 82.5490
0.9997 0.0001 -0.0321 -0.7416 0.0226 0.7040 0.7098 0.0062 0.0018 0.7098 -0.7040 79.1864
0.9984 0.0003 -0.0815 -0.5870 0.0574 0.7032 0.7087 0.0064 0.0006 0.7087 -0.7032 76.0453
0.9977 0.0004 -0.0962 -0.4441 0.0678 0.7029 0.7081 0.0065 0.0002 0.7081 -0.7029 73.1399
0.9978 0.0003 -0.0946 -0.2502 0.0667 0.7031 0.7080 0.0065 -0.0000 0.7080 -0.7031 69.1985
0.9982 0.0003 -0.0855 -0.1333 0.0602 0.7035 0.7081 0.0064 -0.0001 0.7081 -0.7035 66.8238
1.0000 0.0000 -0.0130 -0.0198 0.0092 0.7046 0.7095 0.0061 -0.0001 0.7095 -0.7046 64.5175
0.9991 -0.0002 0.0612 0.1018 -0.0431 0.7040 0.7089 0.0058 -0.0001 0.7089 -0.7040 62.0473
0.9977 -0.0003 0.0960 0.2351 -0.0676 0.7029 0.7080 0.0057 -0.0001 0.7080 -0.7029 59.3401
0.9970 -0.0004 0.1092 0.3806 -0.0769 0.7023 0.7077 0.0056 -0.0001 0.7077 -0.7024 56.3820
0.9972 -0.0004 0.1070 0.5384 -0.0753 0.7023 0.7079 0.0056 -0.0001 0.7079 -0.7023 53.1755
1.0000 -0.0001 0.0138 0.6997 -0.0097 0.7042 0.7099 0.0060 -0.0001 0.7099 -0.7042 49.8989
0.9991 0.0002 -0.0599 0.8523 0.0422 0.7038 0.7092 0.0063 -0.0001 0.7092 -0.7038 46.7974
0.9981 0.0003 -0.0877 0.9938 0.0618 0.7032 0.7083 0.0065 -0.0001 0.7083 -0.7032 43.9207
0.9980 0.0003 -0.0896 1.1246 0.0631 0.7032 0.7081 0.0065 -0.0001 0.7082 -0.7032 41.2627
0.9988 0.0002 -0.0708 1.2479 0.0499 0.7039 0.7085 0.0064 -0.0001 0.7085 -0.7039 38.7573
0.9987 0.0002 -0.0727 1.3632 0.0512 0.7039 0.7085 0.0064 -0.0001 0.7085 -0.7039 36.4151
0.9999 0.0001 -0.0179 1.4750 0.0126 0.7048 0.7093 0.0062 -0.0001 0.7093 -0.7048 34.1441
0.9993 0.0098 -0.0262 1.6300 0.0136 0.2482 0.9686 0.0062 0.0349 0.9685 -0.2487 30.7660
0.9999 -0.0005 0.0009 1.7053 -0.0004 -0.2221 0.9750 0.0061 0.0101 0.9750 0.2221 28.5076
0.9996 0.0324 -0.0518 1.7748 0.0267 -0.2447 0.9692 0.0062 0.0048 0.9693 0.2446 26.3225
0.9991 0.0367 -0.0378 1.8283 0.0260 -0.6862 0.7270 0.0063 0.0337 0.7276 0.6855 24.2629
0.9996 -0.0349 0.0202 1.8617 -0.0268 -0.9258 0.3772 0.0059 0.0082 0.3770 0.9258 22.1435
0.9980 -0.0825 0.0462 1.8968 -0.0638 -0.9302 0.3614 0.0057 0.0036 0.3612 0.9303 19.7896
0.9971 -0.0991 0.0553 1.9349 -0.0766 -0.9298 0.3601 0.0056 0.0014 0.3600 0.9298 17.1792
0.9971 -0.0981 0.0548 1.9766 -0.0759 -0.9299 0.3598 0.0056 0.0005 0.3598 0.9299 14.3165
0.9999 -0.0155 0.0086 2.0194 -0.0120 -0.9326 0.3608 0.0060 0.0001 0.3608 0.9326 11.3778
0.9993 0.0486 -0.0271 2.0598 0.0376 -0.9319 0.3607 0.0063 0.0000 0.3607 0.9319 8.5988
0.9993 0.0468 -0.0261 2.0977 0.0362 -0.9319 0.3609 0.0063 -0.0001 0.3609 0.9319 5.9931
0.9998 -0.0256 0.0143 2.1364 -0.0198 -0.9324 0.3610 0.0060 -0.0001 0.3610 0.9324 3.3396
0.9984 -0.0730 0.0407 2.1780 -0.0564 -0.9311 0.3603 0.0058 -0.0001 0.3603 0.9311 0.4795
0.9966 -0.0514 -0.0360 2.2099 -0.0717 -0.9655 -0.2503 0.0057 0.0414 -0.2531 0.9648 -2.6227
0.9997 0.0032 -0.0143 2.1905 -0.0082 -0.4860 -0.8739 0.0060 0.0216 -0.8740 0.4859 -7.5524
0.9923 -0.0301 -0.0200 2.1016 0.0416 0.9698 0.2403 0.0063 0.1164 0.2356 -0.9710 -10.6646
0.9966 0.0592 -0.0931 1.9176 0.0483 -0.2602 0.9644 0.0064 0.0665 0.9652 0.2571 -13.5990
0.9890 -0.0201 0.1028 1.6522 0.0607 -0.5243 -0.8494 0.0064 0.1351 -0.8451 0.5313 -16.3306
0.9904 0.0740 -0.0773 1.2235 0.0526 -0.6739 0.7369 0.0064 0.1276 0.7414 0.6690 -18.8434
0.9968 0.0651 -0.0348 0.7538 0.0509 -0.9384 0.3418 0.0064 0.0617 0.3448 0.9373 -21.2027
0.9925 -0.0561 0.1039 0.2516 0.0523 0.0761 -0.9957 0.0064 0.1104 -0.9962 -0.0703 -23.3784
0.9759 -0.0074 0.0242 -0.4113 0.0132 -0.3741 -0.9273 0.0062 0.2177 -0.9262 0.3767 -25.4259
0.9968 0.0013 0.0154 -1.2464 -0.0119 0.7594 0.6505 0.0060 0.0792 0.6512 -0.7588 -27.5296
0.9974 0.0168 -0.0437 -2.0892 0.0224 0.2253 0.9740 0.0062 0.0685 0.9737 -0.2268 -29.5682
0.9885 -0.0357 0.0514 -2.9849 0.0277 0.3579 -0.9334 0.0063 0.1488 -0.9348 -0.3540 -31.4383
0.9618 0.0137 0.0084 -4.1175 -0.0192 0.9747 0.2227 0.0060 0.2730 0.2278 -0.9735 -33.2252
0.9941 -0.0031 -0.0361 -5.4988 -0.0279 -0.7614 -0.6476 0.0059 0.1046 -0.6499 0.7596 -35.0491
0.9967 -0.0120 0.0296 -6.8835 0.0151 -0.1887 -0.9819 0.0062 0.0804 -0.9817 0.1899 -36.8113
0.9862 -0.0040 0.0048 -8.3299 -0.0029 -0.5640 0.8258 0.0061 0.1653 0.8255 0.5644 -38.4526
0.9530 0.0175 -0.0706 -10.0716 -0.0411 -0.4749 -0.8791 0.0058 0.3002 -0.8849 0.4640 -40.0082
0.9893 -0.0483 0.0609 -12.0970 -0.0354 -0.5032 0.8634 0.0059 0.1412 0.8609 0.5076 -41.5054
0.9975 0.0210 -0.0216 -14.1140 0.0149 -0.6864 0.7271 0.0062 0.0690 0.7278 0.6857 -42.9240
0.9659 0.0481 -0.0800 -18.3779 -0.0414 0.1850 -0.9819 0.0058 0.2557 -0.9799 -0.1954 -45.4692
0.9937 0.0249 -0.0132 -24.9728 0.0195 -0.9403 0.3398 0.0062 0.1101 0.3418 0.9396 -47.6535
0.9960 -0.0064 0.0021 -28.7761 0.0055 0.9807 -0.1955 0.0061 0.0891 -0.1960 -0.9806 -48.5787
0.9936 -0.0158 -0.0610 -32.9129 -0.0557 -0.8348 -0.5477 0.0058 0.0986 -0.5523 0.8318 -49.3211
0.9992 0.0026 -0.0110 -37.4205 -0.0062 -0.4623 -0.8867 0.0061 0.0402 -0.8868 0.4621 -49.9649
0.9982 -0.0367 0.0649 -41.6463 0.0327 0.1284 -0.9912 0.0063 0.0510 -0.9914 -0.1268 -50.5248
0.9984 -0.0093 0.0154 -45.9001 -0.0079 -0.2029 0.9792 0.0060 0.0559 0.9791 0.2033 -50.8932
0.9958 -0.0455 0.0584 -50.0147 0.0335 0.4856 -0.8736 0.0063 0.0852 -0.8750 -0.4831 -51.0506
0.9976 -0.0011 0.0037 -53.9130 0.0020 -0.3974 -0.9176 0.0061 0.0690 -0.9176 0.3976 -51.0614
0.9983 -0.0092 -0.0722 -58.1237 -0.0579 -0.7807 -0.6223 0.0057 -0.0058 -0.6220 0.7809 -51.0278
0.9978 0.0522 -0.0908 -62.8259 -0.0459 0.1466 -0.9881 0.0058 -0.0484 -0.9884 -0.1444 -51.0431
0.9997 -0.0024 0.0155 -67.5371 0.0094 -0.5707 -0.8211 0.0061 -0.0223 -0.8212 0.5706 -51.1411
0.9992 0.0088 -0.0640 -72.3515 -0.0395 -0.5862 -0.8092 0.0059 -0.0073 -0.8091 0.5864 -51.2684
0.9995 -0.0067 0.0486 -77.2278 0.0300 -0.5870 -0.8091 0.0063 -0.0018 -0.8091 0.5869 -51.4006
0.9987 -0.0113 0.0827 -81.6642 0.0511 -0.5867 -0.8082 0.0064 -0.0004 -0.8082 0.5867 -51.5212
0.9975 -0.0557 0.1182 -85.7027 0.0592 -0.0580 -0.9966 0.0064 0.0379 -0.9964 0.0602 -51.6189
0.9991 -0.0557 0.0721 -89.3240 0.0410 0.4780 -0.8774 0.0063 0.0103 -0.8776 -0.4777 -51.6558
0.9991 0.0582 -0.0753 -93.0483 -0.0429 0.4779 -0.8774 0.0058 0.0027 -0.8773 -0.4780 -51.6844
0.9973 0.0996 -0.1289 -97.2959 -0.0734 0.4774 -0.8756 0.0057 0.0005 -0.8756 -0.4774 -51.7163
0.9989 0.0637 -0.0824 -102.0578 -0.0469 0.4784 -0.8769 0.0058 0.0001 -0.8769 -0.4784 -51.7521
0.9991 -0.0563 0.0728 -106.6920 0.0415 0.4784 -0.8772 0.0063 -0.0000 -0.8772 -0.4784 -51.7868
0.9980 -0.0863 0.1118 -110.8394 0.0636 0.4776 -0.8763 0.0065 -0.0001 -0.8763 -0.4776 -51.8179
0.9980 -0.0847 0.1097 -114.5135 0.0625 0.4774 -0.8765 0.0065 -0.0001 -0.8765 -0.4774 -51.8455
0.9992 -0.0532 0.0689 -116.7546 0.0392 0.4779 -0.8776 0.0063 -0.0001 -0.8776 -0.4779 -51.8624
0.9990 0.0598 -0.0774 -120.2956 -0.0441 0.4779 -0.8773 0.0058 -0.0001 -0.8773 -0.4779 -51.8890
0.9991 0.0564 -0.0730 -124.3096 -0.0416 0.4782 -0.8773 0.0058 -0.0001 -0.8773 -0.4782 -51.9191
0.9998 -0.0243 0.0315 -126.9651 0.0179 0.4784 -0.8779 0.0062 -0.0001 -0.8779 -0.4784 -51.9391
0.9989 -0.0631 0.0818 -129.4390 0.0466 0.4779 -0.8772 0.0064 -0.0001 -0.8772 -0.4779 -51.9576
0.9985 -0.0740 0.0958 -131.7231 0.0545 0.4776 -0.8769 0.0064 -0.0001 -0.8769 -0.4776 -51.9748
0.9993 -0.0500 0.0647 -133.8576 0.0369 0.4778 -0.8777 0.0063 -0.0001 -0.8777 -0.4778 -51.9908
0.9998 0.0246 -0.0319 -136.0457 -0.0181 0.4781 -0.8781 0.0060 -0.0001 -0.8781 -0.4781 -52.0073
0.9998 -0.0279 0.0362 -139.3680 0.0206 0.4780 -0.8781 0.0062 -0.0001 -0.8781 -0.4780 -52.0322
0.9992 -0.0542 0.0702 -141.4113 0.0399 0.4777 -0.8776 0.0063 -0.0001 -0.8776 -0.4777 -52.0476
