0.9979 -0.0264 0.0033 -0.0990 0.0249 0.9975 -0.0664 0.0062 0.0591 -0.0679 -0.9974 -10.8236
0.9996 -0.0077 -0.0231 -0.1438 0.0225 0.8580 0.5131 0.0062 0.0188 0.5128 -0.8582 -11.5323
0.9997 -0.0047 -0.0275 -0.1841 0.0230 0.8015 0.5976 0.0062 0.0058 0.5975 -0.8016 -12.2238
0.9982 0.0381 -0.0527 -0.2921 0.0288 -0.4062 0.9133 0.0063 0.0525 0.9139 0.4049 -13.5308
0.9996 0.0347 -0.0291 -0.3544 0.0249 -0.8103 0.5855 0.0062 0.0137 0.5857 0.8101 -14.1533
0.9997 0.0328 -0.0248 -0.4110 0.0239 -0.8547 0.5186 0.0062 0.0023 0.5187 0.8546 -14.7594
0.9987 0.0022 0.0236 -0.5477 0.0183 -0.7639 -0.6451 0.0062 0.0473 -0.6445 0.7644 -15.9150
1.0000 -0.0006 0.0022 -0.6253 0.0012 -0.4043 -0.9146 0.0061 0.0089 -0.9146 0.4043 -16.4992
0.9996 0.0186 -0.0539 -1.3971 -0.0282 -0.2961 -0.9547 0.0059 0.0001 -0.9547 0.2961 -20.1447
0.9997 0.0152 -0.0275 -1.5626 -0.0138 0.1078 -0.9941 0.0060 0.0216 -0.9940 -0.1081 -20.8032
0.9956 -0.0151 0.0401 -1.9612 -0.0207 0.2403 0.9705 0.0060 0.0912 0.9709 -0.2385 -22.1224
0.9992 0.0332 -0.0644 -2.9924 -0.0322 0.0289 -0.9991 0.0059 0.0238 -0.9990 -0.0297 -25.0685
0.9971 0.0148 0.0106 -3.6072 -0.0208 0.9671 0.2536 0.0060 0.0733 0.2551 -0.9667 -26.6274
0.9976 -0.0202 -0.0389 -4.3688 -0.0442 -0.8973 -0.4393 0.0058 0.0527 -0.4414 0.8962 -28.2526
0.9960 0.0168 -0.0141 -5.2124 -0.0121 0.8107 -0.5854 0.0060 0.0885 -0.5845 -0.8113 -29.9320
0.9978 -0.0170 0.0076 -6.1587 -0.0138 -0.9616 0.2740 0.0060 0.0644 0.2731 0.9619 -31.5473
0.9986 0.0011 0.0028 -7.1389 0.0028 -0.8734 -0.4869 0.0061 0.0523 -0.4868 0.8735 -33.1701
0.9907 -0.0019 0.0173 -8.1996 -0.0110 0.6183 0.7859 0.0060 0.1353 0.7868 -0.6171 -34.7244
0.9872 0.0069 0.0347 -10.7371 -0.0302 0.8157 0.5777 0.0059 0.1564 0.5816 -0.8129 -37.9252
0.9982 -0.0430 0.0409 -12.2403 -0.0305 -0.7416 0.6702 0.0059 0.0508 0.6690 0.7426 -39.5677
0.9942 0.0003 -0.0008 -13.7712 -0.0004 -0.2501 -0.9682 0.0061 0.1072 -0.9682 0.2500 -41.1489
0.9993 0.0078 -0.0071 -15.3660 -0.0055 0.7665 -0.6422 0.0061 0.0359 -0.6420 -0.7667 -42.7056
0.9949 0.0065 -0.0173 -16.9678 0.0089 0.2476 0.9688 0.0061 0.1005 0.9686 -0.2485 -44.1861
0.9955 0.0392 -0.0443 -18.7202 -0.0280 0.6097 -0.7921 0.0059 0.0904 -0.7906 -0.6117 -45.5955
0.9920 0.0004 -0.0007 -20.5723 0.0004 0.0305 0.9995 0.0061 0.1261 0.9995 -0.0305 -46.9678
0.9743 0.0137 -0.0463 -22.4597 0.0255 0.3921 0.9196 0.0062 0.2237 0.9173 -0.3974 -48.1237
0.9849 0.0434 -0.0643 -24.3553 0.0343 -0.3254 0.9450 0.0063 0.1697 0.9468 0.3199 -48.9761
0.9945 0.0363 -0.0005 -26.1859 0.0362 -0.9993 0.0075 0.0063 0.0984 0.0111 0.9993 -49.7184
0.9981 -0.0099 0.0120 -27.9967 0.0072 0.5486 -0.8361 0.0061 0.0611 -0.8363 -0.5482 -50.3590
0.9986 -0.0140 0.0069 -29.8236 0.0111 0.9503 -0.3111 0.0062 0.0525 -0.3116 -0.9501 -50.9815
0.9991 -0.0062 0.0100 -31.6542 -0.0052 -0.2351 0.9720 0.0061 0.0419 0.9719 0.2353 -51.5273
0.9985 -0.0056 0.0050 -32.5892 -0.0040 -0.7733 0.6340 0.0061 0.0540 0.6339 0.7734 -51.7909
0.9911 -0.0096 0.0043 -34.4399 0.0078 0.9613 -0.2753 0.0061 0.1331 -0.2763 -0.9610 -52.2171
0.9977 -0.0079 0.0126 -36.3407 -0.0065 -0.2432 0.9699 0.0061 0.0676 0.9698 0.2437 -52.5676
0.9949 -0.0068 -0.0012 -37.3046 -0.0074 -0.9969 -0.0779 0.0060 0.1005 -0.0786 0.9969 -52.7119
0.9985 0.0035 -0.0295 -38.2946 -0.0186 -0.6075 -0.7941 0.0060 0.0508 -0.7946 0.6068 -52.8482
0.9998 -0.0004 0.0017 -40.2829 0.0009 -0.4336 -0.9011 0.0061 0.0185 -0.9011 0.4336 -53.1199
0.9997 0.0120 -0.0168 -42.2600 -0.0091 0.3957 -0.9183 0.0060 0.0211 -0.9182 -0.3959 -53.3601
0.9961 -0.0003 0.0116 -44.2811 -0.0080 0.6867 0.7269 0.0060 0.0879 0.7274 -0.6862 -53.5515
0.9996 -0.0157 0.0242 -46.3680 -0.0126 -0.2835 0.9589 0.0060 0.0252 0.9588 0.2838 -53.6957
0.9995 0.0256 -0.0144 -48.4000 0.0198 -0.9315 0.3632 0.0062 0.0255 0.3637 0.9313 -53.8046
0.9997 0.0280 -0.0125 -50.3177 0.0226 -0.9609 0.2758 0.0062 0.0095 0.2760 0.9609 -53.8997
0.9995 -0.0084 -0.0297 -52.2972 -0.0276 -0.8429 -0.5374 0.0059 0.0172 -0.5378 0.8426 -53.9695
0.9969 0.0393 -0.1238 -54.5184 -0.0660 -0.3432 -0.9369 0.0057 0.0438 -0.9379 0.3405 -54.0304
0.9968 0.0909 -0.1537 -57.0024 -0.0781 0.1799 -0.9806 0.0056 0.0146 -0.9804 -0.1810 -54.0690
0.9967 0.0968 -0.1590 -59.7458 -0.0814 0.2113 -0.9740 0.0056 0.0072 -0.9739 -0.2118 -54.1056
0.9966 0.0976 -0.1599 -62.7456 -0.0819 0.2141 -0.9734 0.0056 0.0030 -0.9733 -0.2144 -54.1433
0.9967 0.0973 -0.1594 -65.9997 -0.0816 0.2147 -0.9733 0.0056 0.0011 -0.9733 -0.2148 -54.1839
0.9988 0.0573 -0.0938 -69.4530 -0.0480 0.2154 -0.9754 0.0058 0.0004 -0.9753 -0.2154 -54.2268
1.0000 -0.0026 0.0043 -72.8516 0.0022 0.2156 -0.9765 0.0061 0.0001 -0.9765 -0.2156 -54.2691
0.9996 0.0322 -0.0527 -76.2894 -0.0270 0.2156 -0.9761 0.0059 0.0000 -0.9761 -0.2156 -54.3118
0.9987 0.0611 -0.1000 -79.9136 -0.0512 0.2155 -0.9752 0.0058 -0.0000 -0.9752 -0.2155 -54.3568
1.0000 -0.0025 0.0041 -83.5847 0.0021 0.2158 -0.9764 0.0061 -0.0001 -0.9764 -0.2158 -54.4024
0.9987 -0.0603 0.0988 -87.0597 0.0506 0.2154 -0.9752 0.0064 -0.0001 -0.9752 -0.2154 -54.4456
0.9987 -0.0598 0.0980 -90.3161 0.0502 0.2152 -0.9753 0.0064 -0.0001 -0.9753 -0.2152 -54.4860
1.0000 0.0050 -0.0082 -93.5769 -0.0042 0.2155 -0.9765 0.0061 -0.0001 -0.9765 -0.2155 -54.5266
0.9998 -0.0235 0.0385 -96.8437 0.0197 0.2154 -0.9763 0.0062 -0.0001 -0.9763 -0.2154 -54.5672
0.9986 -0.0624 0.1023 -99.9231 0.0524 0.2150 -0.9752 0.0064 -0.0001 -0.9752 -0.2150 -54.6054
0.9973 -0.0885 0.0875 -102.7789 0.0626 0.7138 -0.6976 0.0065 0.0389 -0.6993 -0.7121 -54.6287
0.9985 -0.0224 0.0930 -105.4687 0.0524 -0.4594 -0.8867 0.0064 0.0170 -0.8863 0.4602 -54.6185
0.9985 -0.0260 0.0987 -107.9831 0.0546 -0.4264 -0.9029 0.0064 0.0092 -0.9027 0.4269 -54.6000
0.9992 -0.0188 0.0706 -109.1949 0.0390 -0.4225 -0.9055 0.0063 0.0060 -0.9054 0.4227 -54.5900
0.9999 0.0075 -0.0283 -111.6916 -0.0156 -0.4251 -0.9050 0.0060 0.0022 -0.9050 0.4251 -54.5687
1.0000 -0.0030 0.0110 -114.2296 0.0061 -0.4209 -0.9071 0.0061 0.0007 -0.9071 0.4209 -54.5471
0.9999 0.0049 -0.0184 -116.7387 -0.0102 -0.4251 -0.9051 0.0060 0.0002 -0.9051 0.4251 -54.5256
0.9990 0.0215 -0.0813 -119.4102 -0.0449 -0.4253 -0.9040 0.0058 0.0000 -0.9040 0.4253 -54.5028
1.0000 0.0019 -0.0073 -122.1438 -0.0040 -0.4257 -0.9049 0.0061 -0.0000 -0.9049 0.4257 -54.4795
0.9999 0.0061 -0.0230 -124.8467 -0.0127 -0.4256 -0.9048 0.0060 -0.0001 -0.9048 0.4256 -54.4564
0.9988 0.0234 -0.0883 -127.7094 -0.0488 -0.4250 -0.9039 0.0058 -0.0001 -0.9039 0.4250 -54.4319
0.9982 0.0290 -0.1096 -129.2262 -0.0606 -0.4247 -0.9033 0.0057 -0.0001 -0.9033 0.4247 -54.4189
0.9992 0.0195 -0.0734 -132.3907 -0.0406 -0.4250 -0.9043 0.0059 -0.0001 -0.9043 0.4250 -54.3919
1.0000 0.0029 -0.0111 -133.9556 -0.0061 -0.4253 -0.9050 0.0061 -0.0001 -0.9050 0.4253 -54.3785
0.9992 -0.0189 0.0715 -136.9433 0.0395 -0.4251 -0.9043 0.0063 -0.0001 -0.9043 0.4251 -54.3530
0.9994 -0.0164 0.0619 -138.3826 0.0342 -0.4253 -0.9044 0.0063 -0.0001 -0.9044 0.4253 -54.3407
0.9998 0.0086 -0.0324 -141.3243 -0.0179 -0.4254 -0.9048 0.0060 -0.0001 -0.9048 0.4254 -54.3155
0.9988 0.0239 -0.0903 -144.4599 -0.0499 -0.4248 -0.9039 0.0058 -0.0001 -0.9039 0.4248 -54.2887
1.0000 0.0003 -0.0011 -147.6526 -0.0006 -0.4253 -0.9050 0.0061 -0.0001 -0.9050 0.4253 -54.2614
0.9990 -0.0212 0.0802 -150.6710 0.0443 -0.4250 -0.9041 0.0063 -0.0001 -0.9041 0.4250 -54.2356
0.9985 -0.0265 0.1002 -152.0978 0.0554 -0.4249 -0.9036 0.0064 -0.0001 -0.9036 0.4249 -54.2234
0.9990 -0.0212 0.0802 -154.8173 0.0443 -0.4253 -0.9040 0.0063 -0.0001 -0.9040 0.4252 -54.2002
0.9999 -0.0075 0.0285 -157.5239 0.0157 -0.4256 -0.9048 0.0062 -0.0001 -0.9048 0.4256 -54.1771
0.9988 -0.0230 0.0871 -161.3517 0.0481 -0.4253 -0.9038 0.0064 -0.0001 -0.9038 0.4253 -54.1444
0.9985 -0.0264 0.0998 -164.7608 0.0551 -0.4251 -0.9034 0.0064 -0.0001 -0.9034 0.4251 -54.1152
0.9989 -0.0370 0.0712 -168.7381 0.0356 0.0396 -0.9986 0.0063 0.0310 -0.9986 -0.0385 -54.0712
0.9999 -0.0198 0.0266 -171.6138 0.0148 0.4385 -0.8986 0.0062 0.0041 -0.8987 -0.4384 -54.0035
0.9996 -0.0357 0.0166 -175.1356 0.0286 0.9567 -0.2897 0.0063 0.0053 -0.2898 -0.9567 -53.8843
0.9976 0.0164 -0.0446 -176.7554 0.0231 0.2572 0.9661 0.0062 0.0659 0.9657 -0.2587 -53.7826
0.9994 0.0131 -0.0345 -180.0684 -0.0177 -0.2325 -0.9724 0.0060 0.0290 -0.9725 0.2320 -53.4328
0.9993 0.0023 -0.0033 -181.7851 -0.0017 0.3559 -0.9345 0.0061 0.0361 -0.9345 -0.3559 -53.2099
0.9993 -0.0267 0.0161 -184.2531 0.0203 0.9177 -0.3968 0.0062 0.0313 -0.3974 -0.9174 -52.8567
0.9997 0.0003 -0.0008 -185.8322 0.0004 0.1555 0.9878 0.0061 0.0243 0.9878 -0.1555 -52.5695
0.9976 0.0063 0.0001 -187.4220 0.0064 -0.9999 -0.0088 0.0061 0.0689 -0.0084 0.9999 -52.2401
0.9998 -0.0006 0.0216 -188.9580 0.0149 -0.6859 -0.7275 0.0062 0.0112 -0.7274 0.6860 -51.8909
0.9978 -0.0292 0.0298 -190.4094 0.0207 0.6917 -0.7219 0.0062 0.0622 -0.7228 -0.6908 -51.5251
0.9920 0.0122 0.0089 -191.7659 0.0174 -0.9666 -0.2559 0.0062 0.1254 -0.2538 0.9671 -51.0678
0.9760 0.0217 -0.0227 -193.6691 0.0155 -0.6713 0.7410 0.0062 0.2171 0.7433 0.6688 -50.0479
0.9927 -0.0165 0.0452 -194.7163 0.0235 -0.2640 -0.9642 0.0062 0.1180 -0.9635 0.2667 -49.1815
0.9983 -0.0307 0.0303 -195.2226 0.0218 0.7178 -0.6959 0.0062 0.0544 -0.6967 -0.7170 -48.7555
0.9994 -0.0180 0.0008 -196.2065 0.0176 0.9996 -0.0214 0.0062 0.0305 -0.0219 -0.9996 -47.9229
0.9999 -0.0113 -0.0071 -197.1521 0.0152 0.9727 0.2316 0.0062 0.0032 0.2315 -0.9727 -47.1142
0.9997 -0.0040 -0.0157 -198.0628 0.0142 0.8333 0.5527 0.0062 0.0221 0.5524 -0.8334 -46.3285
0.9997 0.0068 -0.0246 -198.9336 0.0135 0.4092 0.9123 0.0062 0.0210 0.9122 -0.4095 -45.5587
0.9997 0.0145 -0.0257 -199.7679 0.0130 -0.1278 0.9917 0.0062 0.0198 0.9918 0.1275 -44.8061
0.9997 0.0176 -0.0198 -200.5674 0.0125 -0.6135 0.7896 0.0062 0.0188 0.7897 0.6133 -44.0709
0.9998 0.0158 -0.0093 -201.3336 0.0121 -0.9232 0.3840 0.0062 0.0180 0.3842 0.9232 -43.3529
0.9998 0.0084 0.0020 -202.0689 0.0095 -0.9941 -0.1078 0.0061 0.0180 -0.1076 0.9941 -42.6511
0.9999 0.0130 -0.0191 -203.5571 -0.0102 0.3463 -0.9381 0.0060 0.0001 -0.9381 -0.3463 -41.1342
0.9991 0.0023 0.0000 -204.2999 -0.0023 1.0000 0.0013 0.0061 0.0426 0.0014 -1.0000 -40.3423
0.9955 -0.0069 -0.0093 -205.0135 -0.0126 -0.9280 -0.3723 0.0060 0.0935 -0.3733 0.9276 -39.4557
0.9992 -0.0204 0.0477 -205.6850 -0.0241 0.1421 0.9896 0.0059 0.0307 0.9897 -0.1413 -38.4615
0.9986 -0.0219 0.0035 -206.3995 -0.0203 -0.9959 0.0876 0.0060 0.0479 0.0867 0.9960 -37.3971
0.9994 0.0046 -0.0389 -207.1464 -0.0245 -0.6067 -0.7945 0.0059 0.0243 -0.7949 0.6062 -36.2451
0.9997 0.0066 -0.0127 -207.8986 -0.0063 0.0328 -0.9994 0.0061 0.0249 -0.9994 -0.0330 -35.0623
1.0000 -0.0092 0.0139 -208.6293 0.0073 0.3133 -0.9496 0.0061 0.0015 -0.9496 -0.3133 -33.8984
0.9999 -0.0214 0.0186 -209.3132 0.0153 0.7946 -0.6069 0.0062 0.0059 -0.6070 -0.7945 -32.7808
0.9986 -0.0034 -0.0272 -209.9378 0.0218 0.7812 0.6240 0.0062 0.0482 0.6231 -0.7818 -31.7048
0.9996 0.0193 -0.0380 -210.5115 0.0190 -0.0136 0.9997 0.0062 0.0215 0.9997 0.0132 -30.6731
0.9997 0.0218 -0.0265 -211.0552 0.0158 -0.5439 0.8390 0.0062 0.0197 0.8392 0.5437 -29.6780
0.9997 0.0185 -0.0122 -211.5704 0.0138 -0.8962 0.4434 0.0062 0.0189 0.4436 0.8961 -28.7132
0.9998 0.0119 0.0015 -212.0592 0.0127 -0.9981 -0.0596 0.0062 0.0181 -0.0593 0.9982 -27.7766
0.9998 0.0038 0.0128 -212.5234 0.0120 -0.8460 -0.5331 0.0062 0.0173 -0.5329 0.8461 -26.8673
0.9977 0.0144 -0.0065 -212.9488 -0.0117 0.9599 -0.2800 0.0060 0.0671 -0.2793 -0.9601 -25.9094
0.9984 -0.0614 0.0216 -213.3696 -0.0518 -0.9768 0.2078 0.0058 0.0208 0.2068 0.9770 -24.7616
0.9966 0.0129 -0.0024 -214.0208 -0.0118 0.9949 -0.1002 0.0060 0.0811 -0.0993 -0.9950 -22.8698
0.9998 -0.0040 0.0286 -214.4275 -0.0176 0.5854 0.8105 0.0060 0.0031 0.8106 -0.5854 -21.5431
0.9976 -0.0413 0.0351 -214.8256 -0.0295 -0.8030 0.5953 0.0059 0.0628 0.5938 0.8041 -20.1455
0.9994 -0.0311 -0.0061 -215.2419 -0.0343 -0.9954 -0.0892 0.0059 0.0060 -0.0894 0.9954 -18.5905
0.9995 0.0245 -0.0236 -215.8068 -0.0174 0.7334 -0.6796 0.0060 0.0248 -0.6793 -0.7337 -16.2074
0.9971 -0.0053 0.0238 -216.1387 -0.0137 0.4856 0.8741 0.0060 0.0744 0.8746 -0.4847 -14.5503
0.9966 -0.0056 -0.0167 -216.5653 -0.0163 -0.8584 -0.5127 0.0060 0.0805 -0.5139 0.8577 -11.9234
0.9996 0.0163 -0.0172 -216.9081 -0.0115 0.6682 -0.7439 0.0060 0.0238 -0.7437 -0.6684 -9.1423
0.9991 -0.0042 -0.0162 -217.1780 0.0148 0.8358 0.5489 0.0062 0.0406 0.5484 -0.8361 -6.4076
0.9996 0.0307 -0.0199 -217.3248 0.0230 -0.9021 0.4310 0.0062 0.0153 0.4313 0.9019 -3.8487
0.9995 -0.0412 0.0251 -217.4640 -0.0312 -0.9152 0.4019 0.0059 0.0036 0.4017 0.9152 -1.2875
0.9972 -0.0991 0.0604 -217.6306 -0.0752 -0.9132 0.4005 0.0056 0.0007 0.4005 0.9132 1.7980
1.0000 -0.0116 0.0071 -217.8102 -0.0088 -0.9158 0.4016 0.0060 0.0001 0.4016 0.9158 5.1262
0.9984 -0.0739 0.0450 -218.0002 -0.0561 -0.9144 0.4008 0.0058 -0.0000 0.4008 0.9144 8.6443
0.9990 -0.0585 0.0357 -218.2166 -0.0444 -0.9151 0.4009 0.0058 -0.0001 0.4009 0.9151 12.6535
0.9999 -0.0211 0.0129 -218.4348 -0.0161 -0.9158 0.4012 0.0060 -0.0001 0.4012 0.9158 16.6949
0.9992 0.0035 0.0015 -218.6479 0.0043 -0.9846 -0.1750 0.0061 0.0395 -0.1748 0.9846 20.8759
0.9995 0.0011 0.0383 -218.7483 0.0279 -0.7268 -0.6863 0.0063 0.0169 -0.6859 0.7271 23.5587
0.9988 -0.0005 0.0692 -218.8340 0.0486 -0.7010 -0.7115 0.0064 0.0090 -0.7112 0.7013 26.0748
0.9985 -0.0012 0.0790 -218.9109 0.0550 -0.6948 -0.7171 0.0064 0.0036 -0.7170 0.6949 28.4022
0.9993 -0.0009 0.0543 -218.9825 0.0377 -0.6947 -0.7183 0.0063 0.0012 -0.7182 0.6948 30.5788
0.9989 0.0006 -0.0656 -219.0952 -0.0460 -0.7002 -0.7125 0.0058 0.0002 -0.7125 0.7002 34.0101
0.9976 0.0009 -0.0997 -219.1802 -0.0699 -0.6991 -0.7116 0.0057 0.0000 -0.7116 0.6991 36.5956
0.9968 0.0010 -0.1138 -219.3234 -0.0798 -0.6984 -0.7113 0.0056 -0.0000 -0.7113 0.6984 40.9514
0.9967 0.0011 -0.1155 -219.4293 -0.0809 -0.6982 -0.7114 0.0056 -0.0000 -0.7114 0.6982 44.1730
0.9967 0.0011 -0.1155 -219.5434 -0.0809 -0.6980 -0.7115 0.0056 -0.0001 -0.7115 0.6980 47.6465
0.9989 0.0006 -0.0674 -219.6640 -0.0472 -0.6994 -0.7131 0.0058 -0.0001 -0.7131 0.6994 51.3172
0.9997 -0.0003 0.0352 -219.7816 0.0247 -0.7001 -0.7137 0.0062 -0.0001 -0.7137 0.7001 54.8954
0.9989 -0.0006 0.0671 -219.8376 0.0470 -0.6996 -0.7130 0.0064 -0.0001 -0.7130 0.6996 56.5991
0.9977 -0.0009 0.0974 -219.9434 0.0682 -0.6989 -0.7120 0.0065 -0.0001 -0.7120 0.6989 59.8190
0.9974 -0.0009 0.1036 -220.0412 0.0726 -0.6988 -0.7116 0.0065 -0.0001 -0.7116 0.6988 62.7938
0.9975 -0.0009 0.1008 -220.1313 0.0706 -0.6990 -0.7116 0.0065 -0.0001 -0.7116 0.6990 65.5379
0.9971 -0.0516 0.1303 -220.1617 0.0666 -0.2037 -0.9768 0.0065 0.0382 -0.9763 0.2062 66.8310
0.9986 -0.0642 0.0963 -220.2029 0.0508 0.3155 -0.9476 0.0064 0.0140 -0.9478 -0.3148 69.3162
0.9986 -0.0664 0.0976 -220.2199 0.0519 0.3383 -0.9396 0.0064 0.0102 -0.9398 -0.3378 70.4992
0.9951 0.0004 -0.0534 -220.1991 0.0376 0.7022 0.7110 0.0063 0.0912 0.7086 -0.7046 72.7588
0.9987 0.0157 -0.0269 -220.1588 0.0136 -0.1624 0.9866 0.0062 0.0496 0.9867 0.1617 73.8881
0.9995 0.0092 -0.0133 -220.1158 0.0071 -0.3619 0.9322 0.0061 0.0309 0.9323 0.3617 75.0225
0.9994 -0.0149 0.0052 -219.9914 -0.0126 -0.9779 0.2088 0.0060 0.0321 0.2084 0.9780 77.3119
0.9988 0.0036 0.0063 -219.8427 0.0074 -0.9069 -0.4214 0.0061 0.0483 -0.4211 0.9070 79.6175
0.9986 0.0059 -0.0025 -219.6074 -0.0048 0.9661 -0.2581 0.0061 0.0535 -0.2579 -0.9662 81.8831
0.9982 0.0017 0.0049 -219.3332 -0.0048 0.8587 0.5124 0.0061 0.0594 0.5126 -0.8586 84.1747
0.9997 -0.0033 0.0160 -219.0192 -0.0092 0.5043 0.8635 0.0060 0.0211 0.8636 -0.5041 86.5155
0.9995 0.0183 -0.0246 -218.6785 0.0137 -0.4362 0.8997 0.0062 0.0270 0.8999 0.4359 88.7983
0.9995 0.0426 -0.0518 -218.3419 0.0308 -0.5424 0.8395 0.0063 0.0118 0.8397 0.5421 90.9774
1.0000 0.0072 -0.0087 -218.0106 0.0052 -0.5478 0.8366 0.0061 0.0049 0.8366 0.5478 93.0998
1.0000 -0.0032 0.0039 -217.6745 -0.0023 -0.5471 0.8370 0.0061 0.0018 0.8370 0.5472 95.2489
0.9993 -0.0513 0.0623 -217.3218 -0.0371 -0.5427 0.8391 0.0059 0.0006 0.8391 0.5428 97.5033
1.0000 -0.0028 0.0034 -216.9594 -0.0020 -0.5477 0.8367 0.0061 0.0002 0.8367 0.5477 99.8201
0.9996 0.0226 -0.0025 -216.5860 0.0214 -0.9981 0.0579 0.0062 0.0170 0.0583 0.9981 102.0252
0.9986 0.0105 0.0360 -216.2119 0.0337 -0.8455 -0.5329 0.0063 0.0404 -0.5317 0.8462 104.1177
0.9983 -0.0014 -0.0019 -215.5294 0.0025 0.9258 0.3779 0.0061 0.0583 0.3778 -0.9259 107.1529
0.9997 0.0020 -0.0201 -215.0373 0.0128 0.6230 0.7821 0.0062 0.0198 0.7820 -0.6232 109.1607
0.9987 0.0382 -0.0394 -214.2853 0.0270 -0.6845 0.7285 0.0062 0.0430 0.7293 0.6836 111.9905
0.9989 -0.0193 0.0544 -213.7444 0.0283 -0.2801 -0.9595 0.0063 0.0366 -0.9593 0.2811 113.7341
0.9965 -0.0190 -0.0012 -213.1769 0.0197 0.9993 0.0317 0.0062 0.0814 0.0301 -0.9994 115.3914
0.9989 -0.0020 0.0051 -212.5531 -0.0026 0.1890 0.9820 0.0061 0.0478 0.9820 -0.1889 117.0583
0.9991 -0.0116 -0.0106 -211.8514 -0.0178 -0.9540 -0.2992 0.0060 0.0374 -0.2998 0.9538 118.7409
0.9997 0.0063 -0.0174 -211.0997 -0.0090 -0.2657 -0.9640 0.0060 0.0244 -0.9641 0.2654 120.4622
0.9992 -0.0186 0.0287 -210.3525 0.0150 0.2808 -0.9596 0.0062 0.0382 -0.9598 -0.2803 122.1340
0.9991 -0.0274 0.0176 -209.6122 0.0206 0.9031 -0.4288 0.0062 0.0372 -0.4295 -0.9028 123.7234
0.9995 -0.0010 0.0022 -208.8263 -0.0011 0.0533 0.9986 0.0061 0.0305 0.9986 -0.0532 125.2611
0.9968 -0.0048 -0.0034 -207.9801 -0.0067 -0.9672 -0.2538 0.0060 0.0796 -0.2543 0.9671 126.8130
0.9987 0.0169 -0.0318 -207.0566 -0.0160 0.0599 -0.9981 0.0060 0.0480 -0.9980 -0.0606 128.4013
0.9991 -0.0043 0.0035 -206.1062 0.0031 0.8216 -0.5701 0.0061 0.0424 -0.5702 -0.8215 129.9804
0.9993 0.0150 -0.0348 -205.1412 0.0176 0.1357 0.9906 0.0062 0.0343 0.9905 -0.1363 131.4575
0.9968 0.0241 0.0058 -204.1842 0.0272 -0.9940 -0.1056 0.0062 0.0757 -0.1036 0.9943 132.8370
0.9988 0.0001 0.0015 -202.6484 -0.0011 0.7508 0.6605 0.0061 0.0490 0.6606 -0.7508 134.7654
0.9978 0.0517 -0.0651 -200.8808 -0.0378 0.5070 -0.8611 0.0059 0.0543 -0.8601 -0.5088 136.6927
0.9966 -0.0015 0.0079 -198.9293 -0.0047 0.5376 0.8432 0.0061 0.0823 0.8434 -0.5372 138.6776
0.9998 -0.0127 0.0184 -197.5643 -0.0098 -0.3619 0.9322 0.0060 0.0197 0.9321 0.3621 139.9813
0.9967 0.0010 0.0046 -196.1878 0.0040 -0.8229 -0.5682 0.0061 0.0812 -0.5679 0.8231 141.2325
0.9987 0.0109 -0.0145 -194.7492 -0.0081 0.4431 -0.8965 0.0060 0.0506 -0.8963 -0.4434 142.4671
0.9900 -0.0313 0.0260 -193.2105 -0.0225 -0.8141 0.5803 0.0060 0.1392 0.5778 0.8159 143.6485
0.9969 0.0297 -0.0613 -191.4964 -0.0307 -0.0324 -0.9990 0.0059 0.0724 -0.9991 0.0301 144.8467
0.9979 -0.0002 0.0393 -189.6859 -0.0277 0.7047 0.7090 0.0059 0.0588 0.7101 -0.7035 146.0074
0.9939 -0.0157 0.0035 -187.7937 -0.0141 -0.9921 0.1244 0.0060 0.1095 0.1228 0.9923 147.1354
0.9944 -0.0050 0.0600 -185.7349 -0.0392 0.6412 0.7664 0.0059 0.0978 0.7688 -0.6383 148.1739
0.9912 -0.0023 -0.0015 -183.5793 -0.0032 -0.9710 -0.2392 0.0061 0.1325 -0.2396 0.9709 149.1521
0.9938 -0.0053 0.0146 -181.3906 -0.0076 0.2687 0.9632 0.0060 0.1106 0.9634 -0.2679 149.9602
0.9905 0.0018 0.0148 -179.1677 0.0119 -0.7813 -0.6240 0.0062 0.1372 -0.6228 0.7823 150.6726
0.9938 -0.0022 0.0040 -176.9384 -0.0020 -0.1116 0.9938 0.0061 0.1110 0.9937 0.1118 151.2102
0.9907 -0.0045 0.0226 -174.6872 0.0133 -0.5219 -0.8529 0.0062 0.1351 -0.8519 0.5235 151.6516
0.9984 -0.0350 0.0390 -172.5066 0.0250 0.6232 -0.7817 0.0062 0.0508 -0.7825 -0.6222 152.0040
0.9985 -0.0381 -0.0042 -170.4524 0.0403 0.9978 0.0525 0.0063 0.0371 0.0510 -0.9979 152.2958
0.9979 0.0446 -0.0936 -167.6525 0.0469 0.0467 0.9978 0.0064 0.0448 0.9977 -0.0488 152.6300
0.9982 0.0648 -0.0644 -165.9675 0.0458 -0.7103 0.7024 0.0064 0.0384 0.7037 0.7091 152.7973
0.9987 0.0045 0.0537 -163.0001 0.0413 -0.7587 -0.6501 0.0063 0.0289 -0.6492 0.7595 153.0283
0.9989 -0.0301 0.0761 -161.7030 0.0389 -0.2057 -0.9778 0.0063 0.0250 -0.9776 0.2066 153.1036
0.9994 -0.0491 0.0583 -159.9708 0.0353 0.5642 -0.8249 0.0063 0.0046 -0.8250 -0.5640 153.1808
1.0000 -0.0083 -0.0024 -157.9332 0.0096 0.9917 0.1281 0.0061 0.0012 0.1281 -0.9917 153.2329
1.0000 -0.0099 0.0163 -156.4101 -0.0083 -0.2080 0.9781 0.0061 0.0039 0.9781 0.2081 153.2175
0.9971 -0.0875 0.0354 -154.5193 -0.0721 -0.9668 0.2452 0.0057 0.0256 0.2434 0.9672 153.1724
0.9960 -0.1108 0.0710 -152.9175 -0.0833 -0.9014 0.4249 0.0056 -0.0310 0.4272 0.9003 153.1351
0.9983 -0.0815 0.0820 -151.0775 -0.0576 -0.7014 0.7104 0.0058 -0.0045 0.7106 0.7013 153.1111
0.9998 -0.0102 0.0212 -149.2332 -0.0106 0.0377 0.9992 0.0060 -0.0138 0.9992 -0.0378 153.1100
0.9999 0.0143 -0.0324 -147.4577 0.0163 0.1175 0.9929 0.0062 -0.0045 0.9930 -0.1174 153.1125
0.9997 0.0196 -0.0445 -145.7637 0.0224 0.1207 0.9924 0.0062 -0.0018 0.9924 -0.1207 153.1159
0.9998 0.0170 -0.0388 -144.1550 0.0195 0.1209 0.9925 0.0062 -0.0007 0.9925 -0.1209 153.1193
0.9996 -0.0247 0.0562 -142.4801 -0.0283 0.1208 0.9923 0.0059 -0.0003 0.9923 -0.1208 153.1228
0.9994 -0.0312 0.0710 -140.6188 -0.0357 0.1207 0.9920 0.0059 -0.0001 0.9920 -0.1207 153.1267
1.0000 -0.0075 0.0170 -138.7523 -0.0086 0.1208 0.9926 0.0060 -0.0001 0.9926 -0.1208 153.1306
0.9981 -0.0535 0.1217 -135.7199 -0.0613 0.1204 0.9908 0.0057 -0.0001 0.9908 -0.1204 153.1370
0.9970 -0.0677 0.1541 -133.3740 -0.0776 0.1200 0.9897 0.0056 -0.0001 0.9897 -0.1200 153.1420
0.9988 -0.0432 0.0982 -130.8183 -0.0495 0.1201 0.9915 0.0058 -0.0001 0.9915 -0.1201 153.1474
0.9999 0.0118 -0.0269 -128.3202 0.0136 0.1203 0.9926 0.0062 -0.0001 0.9926 -0.1203 153.1527
0.9991 0.0372 -0.0846 -125.9934 0.0426 0.1202 0.9918 0.0063 -0.0001 0.9918 -0.1202 153.1576
0.9988 0.0434 -0.0988 -123.8404 0.0498 0.1205 0.9915 0.0064 -0.0001 0.9915 -0.1205 153.1621
0.9987 0.0439 -0.0999 -121.8531 0.0503 0.1207 0.9914 0.0064 -0.0001 0.9914 -0.1207 153.1663
0.9989 0.0406 -0.0925 -120.0203 0.0466 0.1208 0.9916 0.0064 -0.0001 0.9916 -0.1208 153.1702
1.0000 0.0062 -0.0142 -118.2456 0.0071 0.1209 0.9926 0.0061 -0.0001 0.9926 -0.1209 153.1739
0.9990 -0.0389 0.0887 -116.3077 -0.0447 0.1207 0.9917 0.0058 -0.0001 0.9917 -0.1207 153.1780
1.0000 -0.0087 0.0198 -114.2755 -0.0100 0.1208 0.9926 0.0060 -0.0001 0.9926 -0.1208 153.1823
0.9997 0.0215 -0.0491 -112.3467 0.0247 0.1208 0.9924 0.0062 -0.0001 0.9924 -0.1208 153.1864
0.9997 0.0213 -0.0486 -110.5373 0.0245 0.1209 0.9924 0.0062 -0.0001 0.9924 -0.1209 153.1902
1.0000 0.0005 -0.0010 -108.7135 0.0005 0.1209 0.9927 0.0061 -0.0001 0.9927 -0.1209 153.1941
0.9998 -0.0187 0.0427 -106.8438 -0.0215 0.1208 0.9924 0.0060 -0.0001 0.9924 -0.1208 153.1980
0.9980 -0.0550 0.1253 -104.7673 -0.0631 0.1205 0.9907 0.0057 -0.0001 0.9907 -0.1205 153.2024
0.9969 -0.0683 0.1556 -102.4206 -0.0784 0.1201 0.9897 0.0056 -0.0001 0.9897 -0.1202 153.2074
0.9970 -0.0674 0.1533 -99.8164 -0.0772 0.1200 0.9898 0.0056 -0.0001 0.9898 -0.1200 153.2129
0.9999 -0.0123 0.0279 -97.1311 -0.0141 0.1203 0.9926 0.0060 -0.0001 0.9926 -0.1203 153.2185
0.9994 0.0295 -0.0671 -94.5930 0.0338 0.1203 0.9922 0.0063 -0.0001 0.9922 -0.1203 153.2238
0.9987 0.0445 -0.1014 -92.2431 0.0511 0.1204 0.9914 0.0064 -0.0001 0.9914 -0.1204 153.2288
0.9987 0.0443 -0.1009 -91.1347 0.0508 0.1205 0.9914 0.0064 -0.0001 0.9914 -0.1205 153.2311
1.0000 0.0070 -0.0159 -88.9431 0.0080 0.1206 0.9927 0.0061 -0.0001 0.9927 -0.1206 153.2358
0.9997 -0.0202 0.0460 -87.7924 -0.0232 0.1205 0.9924 0.0060 -0.0001 0.9924 -0.1205 153.2382
0.9989 -0.0403 0.0917 -86.5827 -0.0462 0.1203 0.9917 0.0058 -0.0001 0.9917 -0.1203 153.2408
0.9981 -0.0531 0.1208 -85.3112 -0.0608 0.1201 0.9909 0.0057 -0.0001 0.9909 -0.1201 153.2435
0.9979 -0.0568 0.1293 -83.9809 -0.0651 0.1200 0.9906 0.0057 -0.0001 0.9906 -0.1200 153.2462
0.9991 -0.0373 0.0849 -82.6301 -0.0428 0.1201 0.9918 0.0058 -0.0001 0.9918 -0.1201 153.2491
1.0000 -0.0086 0.0196 -81.3016 -0.0099 0.1202 0.9927 0.0060 -0.0001 0.9927 -0.1202 153.2519
0.9994 0.0306 -0.0697 -78.7700 0.0351 0.1203 0.9921 0.0063 -0.0001 0.9921 -0.1203 153.2572
0.9988 0.0425 -0.0969 -76.4236 0.0488 0.1204 0.9915 0.0064 -0.0001 0.9915 -0.1204 153.2622
0.9999 0.0105 -0.0239 -74.1513 0.0120 0.1205 0.9926 0.0062 -0.0001 0.9926 -0.1205 153.2670
0.9998 0.0165 -0.0375 -71.8858 0.0189 0.1205 0.9925 0.0062 -0.0001 0.9925 -0.1205 153.2717
0.9993 0.0335 -0.0764 -69.7526 0.0385 0.1206 0.9920 0.0063 -0.0001 0.9920 -0.1206 153.2762
0.9989 0.0401 -0.0913 -67.7777 0.0460 0.1206 0.9916 0.0064 -0.0001 0.9916 -0.1206 153.2804
0.9995 0.0283 -0.0645 -65.9348 0.0325 0.1208 0.9921 0.0063 -0.0001 0.9921 -0.1208 153.2843
0.9998 -0.0158 0.0360 -64.0408 -0.0181 0.1208 0.9925 0.0060 -0.0001 0.9925 -0.1208 153.2883
0.9999 0.0131 -0.0299 -61.1386 0.0150 0.1208 0.9926 0.0062 -0.0001 0.9926 -0.1208 153.2944
0.9996 0.0348 -0.0389 -59.3319 0.0248 -0.6193 0.7848 0.0062 0.0115 0.7850 0.6190 153.2750
0.9990 0.0443 -0.0263 -56.8084 0.0338 -0.9205 0.3893 0.0063 0.0294 0.3902 0.9201 153.2343
0.9995 0.0320 -0.0028 -54.5025 0.0306 -0.9985 0.0459 0.0063 0.0023 0.0460 0.9985 153.1723
0.9998 -0.0071 0.0101 -52.3752 0.0055 0.3825 -0.9240 0.0061 0.0169 -0.9240 -0.3824 153.0505
0.9996 -0.0204 0.0185 -50.2550 0.0145 0.7706 -0.6371 0.0062 0.0251 -0.6374 -0.7704 152.9074
0.9996 -0.0067 0.0442 -48.1444 -0.0269 0.5712 0.8204 0.0059 0.0033 0.8205 -0.5711 152.6902
0.9993 -0.0287 -0.0049 -45.8055 -0.0312 -0.9964 -0.0789 0.0059 0.0218 -0.0795 0.9963 152.3807
0.9977 0.0001 -0.0002 -43.3792 -0.0001 0.2447 -0.9696 0.0062 0.0683 -0.9696 -0.2447 151.9977
1.0000 -0.0026 0.0019 -40.9210 0.0020 0.8805 -0.4741 0.0061 0.0060 -0.4741 -0.8805 151.5415
0.9997 -0.0028 0.0046 -38.5671 -0.0024 -0.1853 0.9827 0.0061 0.0241 0.9827 0.1854 151.0299
0.9977 0.0025 0.0028 -36.2146 0.0042 -0.9394 -0.3429 0.0061 0.0673 -0.3427 0.9394 150.4528
1.0000 -0.0017 0.0059 -33.8410 0.0032 -0.3914 -0.9202 0.0061 0.0060 -0.9202 0.3914 149.8026
0.9997 0.0017 0.0011 -31.5738 -0.0023 0.9694 0.2455 0.0061 0.0233 0.2456 -0.9694 149.1066
0.9932 0.0029 -0.0342 -29.2662 -0.0223 -0.6401 -0.7679 0.0060 0.1143 -0.7696 0.6382 148.2609
0.9991 0.0153 -0.0085 -26.7752 -0.0119 0.9329 -0.3599 0.0060 0.0418 -0.3594 -0.9331 147.2058
0.9992 -0.0422 0.0687 -24.2548 -0.0352 -0.2236 0.9741 0.0059 0.0176 0.9739 0.2242 146.0211
0.9987 0.0228 -0.0556 -21.5814 -0.0283 -0.1786 -0.9835 0.0059 0.0418 -0.9837 0.1774 144.6471
0.9961 -0.0045 -0.0050 -18.9089 0.0075 0.9427 0.3335 0.0061 0.0881 0.3329 -0.9429 143.1605
0.9735 0.0241 0.0121 -16.6131 0.0316 -0.9806 -0.1935 0.0063 0.2265 -0.1864 0.9820 141.4816
0.9444 -0.0479 -0.0059 -14.9964 0.0540 0.9970 0.0562 0.0064 0.3244 0.0387 -0.9979 139.5185
0.9777 -0.0329 0.0882 -14.3725 0.0461 -0.2577 -0.9651 0.0064 0.2048 -0.9627 0.2668 138.1401
0.9987 -0.0328 0.0251 -13.7992 0.0238 0.8495 -0.5270 0.0062 0.0456 -0.5279 -0.8490 136.8025
0.9974 0.0876 -0.1384 -12.4822 -0.0716 0.2563 -0.9639 0.0057 -0.0051 -0.9640 -0.2560 133.7655
0.9955 0.1230 -0.1243 -11.1937 -0.0870 0.6969 -0.7119 0.0056 0.0373 -0.7096 -0.6992 130.8160
0.9985 0.0663 -0.0296 -10.2483 -0.0536 0.9598 -0.2754 0.0058 0.0120 -0.2748 -0.9600 128.5733
0.9950 -0.0094 0.0143 -9.3686 -0.0075 -0.3017 0.9534 0.0060 0.0999 0.9532 0.3024 126.3295
0.9993 -0.0063 0.0003 -8.5469 -0.0062 -0.9996 0.0273 0.0061 0.0376 0.0270 0.9996 124.0374
0.9990 -0.0080 0.0432 -7.7938 0.0255 -0.5318 -0.8465 0.0062 0.0365 -0.8460 0.5326 121.8095
0.9994 -0.0155 0.0579 -7.0905 0.0319 -0.4200 -0.9070 0.0063 0.0159 -0.9068 0.4205 119.6835
0.9984 -0.0444 0.0824 -6.4444 0.0413 0.0760 -0.9962 0.0063 0.0390 -0.9964 -0.0744 117.6845
0.9993 -0.0482 0.0610 -5.8531 0.0353 0.5029 -0.8636 0.0063 0.0103 -0.8638 -0.5026 115.7863
0.9986 -0.0541 0.0416 -5.3103 0.0393 0.8473 -0.5297 0.0063 0.0342 -0.5308 -0.8466 114.0041
0.9999 -0.0097 0.0028 -4.8015 0.0084 0.9860 -0.1666 0.0061 0.0071 -0.1666 -0.9860 112.2720
0.9995 -0.0081 0.0084 -3.8658 -0.0058 -0.6823 0.7311 0.0061 0.0307 0.7310 0.6824 108.7809
0.9962 0.0125 -0.0435 -3.2469 -0.0237 -0.3932 -0.9192 0.0060 0.0836 -0.9199 0.3914 106.0539
0.9993 0.0438 -0.0546 -2.8607 -0.0319 0.5165 -0.8557 0.0059 0.0199 -0.8553 -0.5171 104.0608
0.9991 0.0383 -0.0084 -2.4897 -0.0343 0.9919 -0.1220 0.0059 0.0231 -0.1212 -0.9920 101.9941
0.9984 0.0130 0.0334 -2.1105 -0.0341 0.8717 0.4888 0.0059 0.0445 0.4901 -0.8710 99.7713
0.9981 -0.0382 0.0113 -1.8100 -0.0331 -0.9848 0.1704 0.0059 0.0523 0.1687 0.9851 97.4768
0.9908 0.0830 -0.0851 -1.5700 -0.0589 0.6883 -0.7230 0.0057 0.1220 -0.7180 -0.6935 94.9844
0.9958 0.0131 0.0899 -1.3985 -0.0735 0.7887 0.6104 0.0057 0.0552 0.6136 -0.7862 92.2436
0.9964 0.0011 0.1107 -1.2398 -0.0791 0.7121 0.6976 0.0056 0.0290 0.6992 -0.7105 89.2475
0.9967 -0.0003 0.1143 -1.0774 -0.0806 0.7033 0.7063 0.0056 0.0126 0.7071 -0.7025 85.9978
0.9988 -0.0003 0.0677 -0.9072 -0.0477 0.7035 0.7091 0.0058 0.0049 0.7093 -0.7033 82.5490
0.9997 0.0001 -0.0321 -0.7416 0.0226 0.7040 0.7098 0.0062 0.0018 0.7098 -0.7040 79.1864
0.9984 0.0003 -0.0815 -0.5870 0.0574 0.7032 0.7087 0.0064 0.0006 0.7087 -0.7032 76.0453
0.9977 0.0004 -0.0962 -0.4441 0.0678 0.7029 0.7081 0.0065 0.0002 0.7081 -0.7029 73.1399
0.9978 0.0003 -0.0946 -0.2502 0.0667 0.7031 0.7080 0.0065 -0.0000 0.7080 -0.7031 69.1985
0.9982 0.0003 -0.0855 -0.1333 0.0602 0.7035 0.7081 0.0064 -0.0001 0.7081 -0.7035 66.8238
1.0000 0.0000 -0.0130 -0.0198 0.0092 0.7046 0.7095 0.0061 -0.0001 0.7095 -0.7046 64.5175
0.9991 -0.0002 0.0612 0.1018 -0.0431 0.7040 0.7089 0.0058 -0.0001 0.7089 -0.7040 62.0473
0.9977 -0.0003 0.0960 0.2351 -0.0676 0.7029 0.7080 0.0057 -0.0001 0.7080 -0.7029 59.3401
0.9970 -0.0004 0.1092 0.3806 -0.0769 0.7023 0.7077 0.0056 -0.0001 0.7077 -0.7024 56.3820
0.9972 -0.0004 0.1070 0.5384 -0.0753 0.7023 0.7079 0.0056 -0.0001 0.7079 -0.7023 53.1755
1.0000 -0.0001 0.0138 0.6997 -0.0097 0.7042 0.7099 0.0060 -0.0001 0.7099 -0.7042 49.8989
0.9991 0.0002 -0.0599 0.8523 0.0422 0.7038 0.7092 0.0063 -0.0001 0.7092 -0.7038 46.7974
0.9981 0.0003 -0.0877 0.9938 0.0618 0.7032 0.7083 0.0065 -0.0001 0.7083 -0.7032 43.9207
0.9980 0.0003 -0.0896 1.1246 0.0631 0.7032 0.7081 0.0065 -0.0001 0.7082 -0.7032 41.2627
0.9988 0.0002 -0.0708 1.2479 0.0499 0.7039 0.7085 0.0064 -0.0001 0.7085 -0.7039 38.7573
0.9987 0.0002 -0.0727 1.3632 0.0512 0.7039 0.7085 0.0064 -0.0001 0.7085 -0.7039 36.4151
0.9999 0.0001 -0.0179 1.4750 0.0126 0.7048 0.7093 0.0062 -0.0001 0.7093 -0.7048 34.1441
0.9999 -0.0025 0.0045 1.6679 -0.0023 -0.1391 0.9903 0.0061 0.0168 0.9903 0.1392 29.6393
0.9996 0.0324 -0.0518 1.7748 0.0267 -0.2447 0.9692 0.0062 0.0048 0.9693 0.2446 26.3225
0.9991 0.0367 -0.0378 1.8283 0.0260 -0.6862 0.7270 0.0063 0.0337 0.7276 0.6855 24.2629
0.9996 -0.0349 0.0202 1.8617 -0.0268 -0.9258 0.3772 0.0059 0.0082 0.3770 0.9258 22.1435
0.9980 -0.0825 0.0462 1.8968 -0.0638 -0.9302 0.3614 0.0057 0.0036 0.3612 0.9303 19.7896
0.9971 -0.0991 0.0553 1.9349 -0.0766 -0.9298 0.3601 0.0056 0.0014 0.3600 0.9298 17.1792
0.9971 -0.0981 0.0548 1.9766 -0.0759 -0.9299 0.3598 0.0056 0.0005 0.3598 0.9299 14.3165
0.9999 -0.0155 0.0086 2.0194 -0.0120 -0.9326 0.3608 0.0060 0.0001 0.3608 0.9326 11.3778
0.9993 0.0486 -0.0271 2.0598 0.0376 -0.9319 0.3607 0.0063 0.0000 0.3607 0.9319 8.5988
0.9993 0.0468 -0.0261 2.0977 0.0362 -0.9319 0.3609 0.0063 -0.0001 0.3609 0.9319 5.9931
0.9998 -0.0256 0.0143 2.1364 -0.0198 -0.9324 0.3610 0.0060 -0.0001 0.3610 0.9324 3.3396
0.9984 -0.0730 0.0407 2.1780 -0.0564 -0.9311 0.3603 0.0058 -0.0001 0.3603 0.9311 0.4795
0.9966 -0.0514 -0.0360 2.2099 -0.0717 -0.9655 -0.2503 0.0057 0.0414 -0.2531 0.9648 -2.6227
0.9997 0.0032 -0.0143 2.1905 -0.0082 -0.4860 -0.8739 0.0060 0.0216 -0.8740 0.4859 -7.5524
0.9923 -0.0301 -0.0200 2.1016 0.0416 0.9698 0.2403 0.0063 0.1164 0.2356 -0.9710 -10.6646
0.9966 0.0592 -0.0931 1.9176 0.0483 -0.2602 0.9644 0.0064 0.0665 0.9652 0.2571 -13.5990
0.9904 0.0740 -0.0773 1.2235 0.0526 -0.6739 0.7369 0.0064 0.1276 0.7414 0.6690 -18.8434
0.9925 -0.0561 0.1039 0.2516 0.0523 0.0761 -0.9957 0.0064 0.1104 -0.9962 -0.0703 -23.3784
0.9986 0.0002 -0.0080 -1.6678 0.0056 0.6912 0.7226 0.0061 0.0532 0.7224 -0.6914 -28.5673
0.9885 -0.0357 0.0514 -2.9849 0.0277 0.3579 -0.9334 0.0063 0.1488 -0.9348 -0.3540 -31.4383
0.9941 -0.0031 -0.0361 -5.4988 -0.0279 -0.7614 -0.6476 0.0059 0.1046 -0.6499 0.7596 -35.0491
0.9862 -0.0040 0.0048 -8.3299 -0.0029 -0.5640 0.8258 0.0061 0.1653 0.8255 0.5644 -38.4526
0.9893 -0.0483 0.0609 -12.0970 -0.0354 -0.5032 0.8634 0.0059 0.1412 0.8609 0.5076 -41.5054
0.9923 0.0035 -0.0088 -16.1282 -0.0045 -0.1987 -0.9800 0.0061 0.1235 -0.9802 0.1982 -44.2518
0.9880 -0.0094 0.0060 -23.6614 -0.0071 -0.9065 0.4221 0.0060 0.1542 0.4211 0.9070 -47.2807
0.9889 -0.0381 0.0581 -27.5006 0.0306 0.2946 -0.9551 0.0063 0.1452 -0.9564 -0.2904 -48.2956
0.9886 -0.0570 0.0512 -31.4740 -0.0408 -0.7747 0.6311 0.0059 0.1450 0.6265 0.7784 -49.0945
0.9976 0.0151 -0.0689 -35.9275 -0.0396 -0.4894 -0.8712 0.0059 0.0565 -0.8723 0.4874 -49.7589
0.9991 -0.0169 0.0680 -40.2711 0.0381 -0.4498 -0.8923 0.0063 0.0172 -0.8920 0.4504 -50.3520
0.9972 -0.0119 0.0269 -44.4636 -0.0135 0.1130 0.9935 0.0060 0.0738 0.9936 -0.1120 -50.7832
0.9966 0.0184 -0.0168 -47.3093 0.0131 -0.7675 0.6410 0.0062 0.0819 0.6418 0.7668 -50.9805
0.9975 -0.0519 0.0523 -51.3201 0.0367 0.7010 -0.7122 0.0063 0.0605 -0.7137 -0.6995 -51.0642
0.9989 0.0256 -0.0479 -55.2614 -0.0240 0.0694 -0.9973 0.0059 0.0412 -0.9972 -0.0704 -51.0420
0.9977 0.0949 -0.0917 -59.6455 -0.0671 0.7287 -0.6816 0.0057 -0.0064 -0.6819 -0.7284 -51.0258
0.9992 0.0116 -0.0399 -64.4204 -0.0216 -0.3855 -0.9224 0.0060 -0.0340 -0.9222 0.3862 -51.0710
0.9998 0.0014 -0.0099 -69.1002 -0.0061 -0.5821 -0.8131 0.0061 -0.0164 -0.8131 0.5821 -51.1814
0.9997 0.0054 -0.0390 -74.0129 -0.0241 -0.5868 -0.8094 0.0059 -0.0046 -0.8093 0.5869 -51.3134
0.9989 -0.0105 0.0768 -78.7558 0.0474 -0.5867 -0.8084 0.0064 -0.0011 -0.8085 0.5866 -51.4421
0.9987 -0.0115 0.0838 -83.0593 0.0518 -0.5868 -0.8081 0.0064 -0.0003 -0.8081 0.5868 -51.5591
0.9979 -0.0790 0.1131 -86.9484 0.0608 0.3683 -0.9277 0.0064 0.0205 -0.9282 -0.3671 -51.6335
0.9999 -0.0144 0.0186 -90.5174 0.0106 0.4793 -0.8776 0.0062 0.0069 -0.8776 -0.4793 -51.6652
0.9983 0.0788 -0.1019 -94.4018 -0.0581 0.4777 -0.8766 0.0057 0.0016 -0.8766 -0.4778 -51.6946
0.9972 0.1007 -0.1303 -100.4381 -0.0742 0.4776 -0.8754 0.0057 0.0001 -0.8754 -0.4776 -51.7399
0.9998 -0.0282 0.0365 -105.1984 0.0208 0.4788 -0.8777 0.0062 -0.0000 -0.8777 -0.4788 -51.7756
0.9982 -0.0823 0.1065 -109.5117 0.0606 0.4777 -0.8764 0.0064 -0.0001 -0.8764 -0.4777 -51.8080
0.9980 -0.0865 0.1121 -113.3384 0.0638 0.4774 -0.8764 0.0065 -0.0001 -0.8764 -0.4774 -51.8367
0.9992 -0.0532 0.0689 -116.7546 0.0392 0.4779 -0.8776 0.0063 -0.0001 -0.8776 -0.4779 -51.8624
0.9990 0.0598 -0.0774 -120.2956 -0.0441 0.4779 -0.8773 0.0058 -0.0001 -0.8773 -0.4779 -51.8890
1.0000 0.0121 -0.0157 -125.6575 -0.0089 0.4786 -0.8780 0.0060 -0.0001 -0.8780 -0.4786 -51.9292
0.9989 -0.0631 0.0818 -129.4390 0.0466 0.4779 -0.8772 0.0064 -0.0001 -0.8772 -0.4779 -51.9576
0.9985 -0.0740 0.0958 -131.7231 0.0545 0.4776 -0.8769 0.0064 -0.0001 -0.8769 -0.4776 -51.9748
1.0000 -0.0115 0.0149 -134.9307 0.0085 0.4781 -0.8783 0.0061 -0.0001 -0.8783 -0.4781 -51.9989
1.0000 -0.0050 0.0064 -138.2888 0.0037 0.4782 -0.8783 0.0061 -0.0001 -0.8783 -0.4782 -52.0241
0.9992 -0.0542 0.0702 -141.4113 0.0399 0.4777 -0.8776 0.0063 -0.0001 -0.8776 -0.4777 -52.0476
