0.9994 -0.0268 0.0367 -0.0573 0.0202 0.4188 -0.9079 0.0062 0.0286 -0.9081 -0.4183 -10.0979
0.9996 -0.0077 -0.0231 -0.1438 0.0225 0.8580 0.5131 0.0062 0.0188 0.5128 -0.8582 -11.5323
0.9997 -0.0047 -0.0275 -0.1841 0.0230 0.8015 0.5976 0.0062 0.0058 0.5975 -0.8016 -12.2238
0.9982 0.0381 -0.0527 -0.2921 0.0288 -0.4062 0.9133 0.0063 0.0525 0.9139 0.4049 -13.5308
1.0000 -0.0006 0.0022 -0.6253 0.0012 -0.4043 -0.9146 0.0061 0.0089 -0.9146 0.4043 -16.4992
0.9998 0.0027 -0.0054 -0.7072 -0.0027 -0.0022 -1.0000 0.0061 0.0215 -1.0000 0.0021 -17.0935
0.9989 -0.0041 0.0036 -0.8029 0.0030 0.7977 -0.6031 0.0061 0.0464 -0.6032 -0.7976 -17.6784
0.9991 0.0141 -0.0579 -1.2370 -0.0326 -0.4556 -0.8896 0.0059 0.0268 -0.8900 0.4548 -19.4822
0.9956 -0.0151 0.0401 -1.9612 -0.0207 0.2403 0.9705 0.0060 0.0912 0.9709 -0.2385 -22.1224
0.9989 -0.0520 0.0545 -2.1963 -0.0368 -0.6717 0.7399 0.0059 0.0280 0.7392 0.6725 -22.8319
0.9974 0.0056 -0.0424 -2.7091 -0.0264 -0.5943 -0.8038 0.0059 0.0668 -0.8048 0.5929 -24.3036
0.9990 0.0355 -0.0425 -3.2877 -0.0256 0.5560 -0.8308 0.0059 0.0378 -0.8302 -0.5568 -25.8482
0.9924 -0.0434 0.0435 -3.9715 -0.0308 -0.7053 0.7082 0.0059 0.1194 0.7056 0.7079 -27.4199
0.9979 0.0174 -0.0602 -4.7814 -0.0327 -0.3892 -0.9206 0.0059 0.0558 -0.9213 0.3875 -29.1025
0.9914 -0.0044 0.0089 -5.6738 -0.0045 0.0209 0.9998 0.0061 0.1311 0.9998 -0.0203 -30.7357
0.9994 -0.0098 0.0003 -6.6473 -0.0096 -0.9998 0.0172 0.0060 0.0340 0.0168 0.9998 -32.3679
0.9961 -0.0051 0.0082 -7.6473 0.0042 0.2440 -0.9698 0.0061 0.0877 -0.9699 -0.2437 -33.9506
0.9973 -0.0425 0.0469 -8.7919 -0.0302 -0.6300 0.7760 0.0059 0.0670 0.7747 0.6316 -35.5242
0.9944 0.0146 -0.0382 -10.0437 -0.0197 -0.2336 -0.9721 0.0060 0.1039 -0.9726 0.2316 -37.1336
0.9953 -0.0601 0.0750 -11.4813 -0.0439 -0.5165 0.8552 0.0058 0.0858 0.8532 0.5197 -38.7398
0.9977 -0.0085 0.0022 -12.9989 -0.0075 -0.9888 0.1493 0.0060 0.0680 0.1488 0.9888 -40.3733
0.9982 0.0149 -0.0165 -14.5658 -0.0106 0.6245 -0.7809 0.0060 0.0587 -0.7806 -0.6250 -41.9260
0.9983 -0.0091 0.0022 -16.1615 0.0081 0.9911 -0.1328 0.0061 0.0584 -0.1332 -0.9911 -43.4613
0.9874 -0.0013 -0.0101 -17.8189 -0.0083 -0.7877 -0.6160 0.0060 0.1580 -0.6170 0.7869 -44.8868
0.9955 0.0201 -0.0011 -19.6439 -0.0196 0.9994 -0.0280 0.0060 0.0929 -0.0262 -0.9995 -46.3013
0.9849 -0.0020 0.0182 -21.5119 0.0117 -0.6216 -0.7832 0.0062 0.1727 -0.7820 0.6232 -47.5815
0.9606 -0.0518 0.0565 -23.4089 0.0375 0.6388 -0.7684 0.0063 0.2753 -0.7750 -0.6309 -48.5760
0.9926 -0.0203 0.0530 -27.0835 0.0273 -0.2316 -0.9724 0.0063 0.1186 -0.9717 0.2348 -50.0419
0.9994 -0.0052 0.0054 -28.9158 0.0037 0.6768 -0.7361 0.0061 0.0343 -0.7362 -0.6767 -50.6784
0.9960 0.0029 -0.0157 -30.7295 0.0093 0.5375 0.8432 0.0061 0.0884 0.8428 -0.5382 -51.2568
0.9985 -0.0056 0.0050 -32.5892 -0.0040 -0.7733 0.6340 0.0061 0.0540 0.6339 0.7734 -51.7909
0.9911 -0.0096 0.0043 -34.4399 0.0078 0.9613 -0.2753 0.0061 0.1331 -0.2763 -0.9610 -52.2171
0.9977 -0.0079 0.0126 -36.3407 -0.0065 -0.2432 0.9699 0.0061 0.0676 0.9698 0.2437 -52.5676
0.9985 0.0035 -0.0295 -38.2946 -0.0186 -0.6075 -0.7941 0.0060 0.0508 -0.7946 0.6068 -52.8482
0.9998 -0.0004 0.0017 -40.2829 0.0009 -0.4336 -0.9011 0.0061 0.0185 -0.9011 0.4336 -53.1199
0.9997 0.0120 -0.0168 -42.2600 -0.0091 0.3957 -0.9183 0.0060 0.0211 -0.9182 -0.3959 -53.3601
0.9961 -0.0003 0.0116 -44.2811 -0.0080 0.6867 0.7269 0.0060 0.0879 0.7274 -0.6862 -53.5515
0.9996 -0.0157 0.0242 -46.3680 -0.0126 -0.2835 0.9589 0.0060 0.0252 0.9588 0.2838 -53.6957
0.9995 0.0256 -0.0144 -48.4000 0.0198 -0.9315 0.3632 0.0062 0.0255 0.3637 0.9313 -53.8046
0.9997 0.0280 -0.0125 -50.3177 0.0226 -0.9609 0.2758 0.0062 0.0095 0.2760 0.9609 -53.8997
0.9995 -0.0084 -0.0297 -52.2972 -0.0276 -0.8429 -0.5374 0.0059 0.0172 -0.5378 0.8426 -53.9695
0.9969 0.0393 -0.1238 -54.5184 -0.0660 -0.3432 -0.9369 0.0057 0.0438 -0.9379 0.3405 -54.0304
0.9968 0.0909 -0.1537 -57.0024 -0.0781 0.1799 -0.9806 0.0056 0.0146 -0.9804 -0.1810 -54.0690
0.9967 0.0968 -0.1590 -59.7458 -0.0814 0.2113 -0.9740 0.0056 0.0072 -0.9739 -0.2118 -54.1056
0.9966 0.0976 -0.1599 -62.7456 -0.0819 0.2141 -0.9734 0.0056 0.0030 -0.9733 -0.2144 -54.1433
0.9967 0.0973 -0.1594 -65.9997 -0.0816 0.2147 -0.9733 0.0056 0.0011 -0.9733 -0.2148 -54.1839
0.9988 0.0573 -0.0938 -69.4530 -0.0480 0.2154 -0.9754 0.0058 0.0004 -0.9753 -0.2154 -54.2268
1.0000 -0.0026 0.0043 -72.8516 0.0022 0.2156 -0.9765 0.0061 0.0001 -0.9765 -0.2156 -54.2691
0.9996 0.0322 -0.0527 -76.2894 -0.0270 0.2156 -0.9761 0.0059 0.0000 -0.9761 -0.2156 -54.3118
0.9987 0.0611 -0.1000 -79.9136 -0.0512 0.2155 -0.9752 0.0058 -0.0000 -0.9752 -0.2155 -54.3568
1.0000 -0.0025 0.0041 -83.5847 0.0021 0.2158 -0.9764 0.0061 -0.0001 -0.9764 -0.2158 -54.4024
0.9987 -0.0603 0.0988 -87.0597 0.0506 0.2154 -0.9752 0.0064 -0.0001 -0.9752 -0.2154 -54.4456
0.9987 -0.0598 0.0980 -90.3161 0.0502 0.2152 -0.9753 0.0064 -0.0001 -0.9753 -0.2152 -54.4860
1.0000 0.0050 -0.0082 -93.5769 -0.0042 0.2155 -0.9765 0.0061 -0.0001 -0.9765 -0.2155 -54.5266
0.9998 -0.0235 0.0385 -96.8437 0.0197 0.2154 -0.9763 0.0062 -0.0001 -0.9763 -0.2154 -54.5672
0.9986 -0.0624 0.1023 -99.9231 0.0524 0.2150 -0.9752 0.0064 -0.0001 -0.9752 -0.2150 -54.6054
0.9973 -0.0885 0.0875 -102.7789 0.0626 0.7138 -0.6976 0.0065 0.0389 -0.6993 -0.7121 -54.6287
0.9984 -0.0256 0.0987 -106.7487 0.0548 -0.4334 -0.8996 0.0064 0.0131 -0.8992 0.4340 -54.6097
0.9985 -0.0260 0.0987 -107.9831 0.0546 -0.4264 -0.9029 0.0064 0.0092 -0.9027 0.4269 -54.6000
1.0000 -0.0045 0.0168 -110.4237 0.0093 -0.4246 -0.9054 0.0061 0.0037 -0.9053 0.4246 -54.5795
0.9999 0.0052 -0.0197 -112.9713 -0.0109 -0.4228 -0.9062 0.0060 0.0013 -0.9062 0.4228 -54.5578
1.0000 -0.0038 0.0141 -115.4739 0.0078 -0.4218 -0.9067 0.0061 0.0004 -0.9067 0.4218 -54.5365
0.9995 0.0154 -0.0582 -118.0489 -0.0322 -0.4255 -0.9044 0.0059 0.0001 -0.9044 0.4255 -54.5144
0.9996 0.0141 -0.0532 -120.7878 -0.0294 -0.4255 -0.9045 0.0059 0.0000 -0.9045 0.4255 -54.4911
0.9999 0.0061 -0.0230 -124.8467 -0.0127 -0.4256 -0.9048 0.0060 -0.0001 -0.9048 0.4256 -54.4564
0.9988 0.0234 -0.0883 -127.7094 -0.0488 -0.4250 -0.9039 0.0058 -0.0001 -0.9039 0.4250 -54.4319
0.9980 0.0306 -0.1154 -130.7994 -0.0638 -0.4245 -0.9032 0.0057 -0.0001 -0.9032 0.4245 -54.4055
1.0000 0.0029 -0.0111 -133.9556 -0.0061 -0.4253 -0.9050 0.0061 -0.0001 -0.9050 0.4253 -54.3785
0.9992 -0.0189 0.0715 -136.9433 0.0395 -0.4251 -0.9043 0.0063 -0.0001 -0.9043 0.4251 -54.3530
0.9994 -0.0164 0.0619 -138.3826 0.0342 -0.4253 -0.9044 0.0063 -0.0001 -0.9044 0.4253 -54.3407
0.9998 0.0086 -0.0324 -141.3243 -0.0179 -0.4254 -0.9048 0.0060 -0.0001 -0.9048 0.4254 -54.3155
0.9988 0.0239 -0.0903 -144.4599 -0.0499 -0.4248 -0.9039 0.0058 -0.0001 -0.9039 0.4248 -54.2887
1.0000 0.0003 -0.0011 -147.6526 -0.0006 -0.4253 -0.9050 0.0061 -0.0001 -0.9050 0.4253 -54.2614
0.9990 -0.0212 0.0802 -150.6710 0.0443 -0.4250 -0.9041 0.0063 -0.0001 -0.9041 0.4250 -54.2356
0.9985 -0.0265 0.1002 -152.0978 0.0554 -0.4249 -0.9036 0.0064 -0.0001 -0.9036 0.4249 -54.2234
0.9990 -0.0212 0.0802 -154.8173 0.0443 -0.4253 -0.9040 0.0063 -0.0001 -0.9040 0.4252 -54.2002
0.9998 -0.0090 0.0340 -156.1720 0.0188 -0.4256 -0.9047 0.0062 -0.0001 -0.9047 0.4256 -54.1886
0.9996 -0.0131 0.0495 -158.8444 0.0273 -0.4255 -0.9045 0.0063 -0.0001 -0.9045 0.4255 -54.1658
0.9992 -0.0189 0.0715 -160.1216 0.0395 -0.4254 -0.9041 0.0063 -0.0001 -0.9041 0.4254 -54.1549
0.9986 -0.0254 0.0960 -162.5341 0.0530 -0.4253 -0.9035 0.0064 -0.0001 -0.9035 0.4253 -54.1343
0.9985 -0.0264 0.0998 -164.7608 0.0551 -0.4251 -0.9034 0.0064 -0.0001 -0.9034 0.4251 -54.1152
0.9986 -0.0253 0.0955 -166.8181 0.0528 -0.4253 -0.9035 0.0064 -0.0001 -0.9035 0.4253 -54.0977
0.9989 -0.0370 0.0712 -168.7381 0.0356 0.0396 -0.9986 0.0063 0.0310 -0.9986 -0.0385 -54.0712
1.0000 -0.0094 0.0128 -170.6651 0.0070 0.4261 -0.9047 0.0061 0.0062 -0.9047 -0.4261 -54.0260
0.9999 -0.0198 0.0266 -171.6138 0.0148 0.4385 -0.8986 0.0062 0.0041 -0.8987 -0.4384 -54.0035
0.9991 -0.0428 0.0374 -173.4225 0.0305 0.7903 -0.6120 0.0063 0.0307 -0.6127 -0.7897 -53.9504
0.9996 -0.0357 0.0166 -175.1356 0.0286 0.9567 -0.2897 0.0063 0.0053 -0.2898 -0.9567 -53.8843
0.9976 0.0164 -0.0446 -176.7554 0.0231 0.2572 0.9661 0.0062 0.0659 0.9657 -0.2587 -53.7826
0.9993 -0.0013 0.0011 -178.3926 -0.0009 -0.8274 0.5617 0.0061 0.0380 0.5616 0.8274 -53.6391
0.9994 0.0131 -0.0345 -180.0684 -0.0177 -0.2325 -0.9724 0.0060 0.0290 -0.9725 0.2320 -53.4328
0.9993 0.0023 -0.0033 -181.7851 -0.0017 0.3559 -0.9345 0.0061 0.0361 -0.9345 -0.3559 -53.2099
0.9999 -0.0180 0.0191 -183.4527 0.0128 0.6636 -0.7480 0.0062 0.0072 -0.7480 -0.6635 -52.9773
0.9977 -0.0009 -0.0226 -185.0364 0.0166 0.7331 0.6799 0.0062 0.0660 0.6791 -0.7339 -52.7171
0.9993 -0.0021 0.0029 -186.6353 -0.0016 -0.3860 0.9225 0.0061 0.0373 0.9225 0.3861 -52.4141
0.9996 0.0012 0.0116 -188.1973 0.0091 -0.7704 -0.6375 0.0061 0.0266 -0.6373 0.7706 -52.0625
0.9993 -0.0130 0.0394 -189.6944 0.0208 -0.3210 -0.9468 0.0062 0.0321 -0.9466 0.3217 -51.7157
0.9954 0.0056 -0.0366 -191.0989 0.0224 0.5731 0.8192 0.0062 0.0929 0.8180 -0.5748 -51.3121
0.9868 -0.0021 -0.0018 -192.4272 0.0031 0.9588 0.2840 0.0061 0.1622 0.2835 -0.9590 -50.7759
0.9760 0.0217 -0.0227 -193.6691 0.0155 -0.6713 0.7410 0.0062 0.2171 0.7433 0.6688 -50.0479
0.9927 -0.0165 0.0452 -194.7163 0.0235 -0.2640 -0.9642 0.0062 0.1180 -0.9635 0.2667 -49.1815
0.9997 -0.0239 0.0152 -195.7214 0.0180 0.9061 -0.4226 0.0062 0.0186 -0.4229 -0.9060 -48.3373
0.9998 -0.0117 -0.0060 -196.6832 0.0150 0.9798 0.1993 0.0062 0.0095 0.1992 -0.9798 -47.5141
0.9999 -0.0098 -0.0063 -197.6142 0.0133 0.9716 0.2362 0.0062 0.0015 0.2362 -0.9716 -46.7204
0.9999 -0.0000 -0.0177 -198.5041 0.0125 0.7086 0.7055 0.0062 0.0047 0.7055 -0.7086 -45.9420
0.9999 0.0089 -0.0233 -199.3564 0.0120 0.2265 0.9739 0.0062 0.0036 0.9739 -0.2265 -45.1807
0.9999 0.0145 -0.0219 -200.1731 0.0115 -0.3081 0.9513 0.0062 0.0028 0.9513 0.3081 -44.4368
0.9999 0.0157 -0.0149 -200.9557 0.0111 -0.7434 0.6688 0.0062 0.0022 0.6688 0.7434 -43.7102
0.9999 0.0129 -0.0048 -201.7058 0.0107 -0.9750 0.2221 0.0062 0.0017 0.2221 0.9750 -43.0010
0.9998 0.0138 -0.0235 -203.1734 -0.0119 0.1723 -0.9850 0.0060 0.0173 -0.9849 -0.1725 -41.5255
0.9998 0.0037 -0.0040 -203.9345 -0.0026 0.6472 -0.7623 0.0061 0.0173 -0.7623 -0.6472 -40.7426
0.9974 -0.0118 0.0261 -204.6625 -0.0132 0.1014 0.9948 0.0060 0.0702 0.9949 -0.1005 -39.9129
0.9927 0.0133 -0.0029 -205.3426 -0.0120 0.9928 -0.1193 0.0060 0.1198 -0.1178 -0.9930 -38.9726
0.9996 -0.0295 0.0397 -206.0453 -0.0221 -0.4357 0.8998 0.0060 0.0201 0.8996 0.4361 -37.9381
0.9995 -0.0136 -0.0247 -206.7691 -0.0288 -0.9027 -0.4293 0.0059 0.0092 -0.4295 0.9026 -36.8303
0.9998 0.0092 -0.0316 -207.5264 -0.0172 -0.3876 -0.9217 0.0060 0.0053 -0.9217 0.3875 -35.6536
1.0000 0.0007 -0.0011 -208.2664 -0.0006 0.2752 -0.9614 0.0061 0.0065 -0.9614 -0.2752 -34.4750
0.9996 -0.0207 0.0225 -208.9755 0.0147 0.6405 -0.7679 0.0062 0.0235 -0.7681 -0.6402 -33.3341
0.9996 -0.0222 0.0093 -209.6379 0.0181 0.9661 -0.2577 0.0062 0.0231 -0.2581 -0.9659 -32.2378
0.9997 0.0105 -0.0361 -210.2294 0.0196 0.3878 0.9215 0.0062 0.0111 0.9215 -0.3880 -31.1836
0.9999 0.0190 -0.0312 -210.7884 0.0160 -0.2139 0.9767 0.0062 0.0034 0.9767 0.2139 -30.1717
0.9999 0.0189 -0.0194 -211.3175 0.0134 -0.6905 0.7232 0.0062 0.0028 0.7232 0.6905 -29.1921
0.9999 0.0148 -0.0066 -211.8193 0.0119 -0.9609 0.2767 0.0062 0.0023 0.2768 0.9609 -28.2416
0.9999 0.0083 0.0051 -212.2956 0.0111 -0.9733 -0.2291 0.0062 0.0018 -0.2291 0.9733 -27.3187
0.9990 -0.0002 0.0005 -212.7414 0.0003 -0.1234 -0.9924 0.0061 0.0436 -0.9924 0.1234 -26.3999
0.9942 -0.0431 0.0708 -213.1485 -0.0363 -0.2104 0.9769 0.0059 0.1014 0.9762 0.2140 -25.3649
0.9990 -0.0246 -0.0269 -213.6055 -0.0404 -0.9422 -0.3326 0.0059 0.0198 -0.3334 0.9419 -24.1344
0.9966 0.0129 -0.0024 -214.0208 -0.0118 0.9949 -0.1002 0.0060 0.0811 -0.0993 -0.9950 -22.8698
0.9998 -0.0040 0.0286 -214.4275 -0.0176 0.5854 0.8105 0.0060 0.0031 0.8106 -0.5854 -21.5431
0.9989 -0.0442 0.0010 -215.0286 -0.0436 -0.9990 0.0119 0.0058 0.0196 0.0111 0.9990 -19.3794
0.9977 0.0102 -0.0179 -215.6267 -0.0090 0.1423 -0.9898 0.0060 0.0668 -0.9897 -0.1429 -17.0163
0.9991 0.0173 -0.0053 -215.9834 -0.0149 0.9838 -0.1786 0.0060 0.0389 -0.1781 -0.9839 -15.3841
0.9989 -0.0270 0.0263 -216.4401 -0.0191 -0.7254 0.6881 0.0060 0.0439 0.6875 0.7259 -12.8114
0.9986 0.0252 -0.0366 -216.7994 -0.0196 0.3529 -0.9355 0.0060 0.0490 -0.9351 -0.3538 -10.0762
0.9998 -0.0056 -0.0007 -217.0974 0.0060 0.9984 0.0555 0.0061 0.0206 0.0554 -0.9984 -7.3041
0.9996 0.0307 -0.0199 -217.3248 0.0230 -0.9021 0.4310 0.0062 0.0153 0.4313 0.9019 -3.8487
0.9995 -0.0412 0.0251 -217.4640 -0.0312 -0.9152 0.4019 0.0059 0.0036 0.4017 0.9152 -1.2875
0.9987 -0.0674 0.0411 -217.6912 -0.0511 -0.9146 0.4011 0.0058 0.0004 0.4011 0.9146 2.9203
0.9998 -0.0270 0.0165 -217.8707 -0.0205 -0.9156 0.4015 0.0060 0.0000 0.4015 0.9156 6.2461
0.9978 -0.0875 0.0533 -218.0699 -0.0664 -0.9139 0.4005 0.0057 -0.0000 0.4005 0.9139 9.9349
0.9999 -0.0175 0.0107 -218.2895 -0.0133 -0.9159 0.4012 0.0060 -0.0001 0.4012 0.9159 14.0030
0.9999 -0.0211 0.0129 -218.4348 -0.0161 -0.9158 0.4012 0.0060 -0.0001 0.4012 0.9158 16.6949
0.9992 0.0035 0.0015 -218.6479 0.0043 -0.9846 -0.1750 0.0061 0.0395 -0.1748 0.9846 20.8759
0.9995 0.0011 0.0383 -218.7483 0.0279 -0.7268 -0.6863 0.0063 0.0169 -0.6859 0.7271 23.5587
0.9988 -0.0005 0.0692 -218.8340 0.0486 -0.7010 -0.7115 0.0064 0.0090 -0.7112 0.7013 26.0748
0.9985 -0.0012 0.0790 -218.9109 0.0550 -0.6948 -0.7171 0.0064 0.0036 -0.7170 0.6949 28.4022
0.9993 -0.0009 0.0543 -218.9825 0.0377 -0.6947 -0.7183 0.0063 0.0012 -0.7182 0.6948 30.5788
0.9989 0.0006 -0.0656 -219.0952 -0.0460 -0.7002 -0.7125 0.0058 0.0002 -0.7125 0.7002 34.0101
0.9976 0.0009 -0.0997 -219.1802 -0.0699 -0.6991 -0.7116 0.0057 0.0000 -0.7116 0.6991 36.5956
0.9968 0.0010 -0.1138 -219.3234 -0.0798 -0.6984 -0.7113 0.0056 -0.0000 -0.7113 0.6984 40.9514
0.9967 0.0011 -0.1155 -219.4293 -0.0809 -0.6982 -0.7114 0.0056 -0.0000 -0.7114 0.6982 44.1730
0.9967 0.0011 -0.1155 -219.5434 -0.0809 -0.6980 -0.7115 0.0056 -0.0001 -0.7115 0.6980 47.6465
0.9989 0.0006 -0.0674 -219.6640 -0.0472 -0.6994 -0.7131 0.0058 -0.0001 -0.7131 0.6994 51.3172
0.9997 -0.0003 0.0352 -219.7816 0.0247 -0.7001 -0.7137 0.0062 -0.0001 -0.7137 0.7001 54.8954
0.9982 -0.0008 0.0866 -219.8915 0.0607 -0.6991 -0.7124 0.0064 -0.0001 -0.7124 0.6991 58.2403
0.9974 -0.0009 0.1036 -220.0412 0.0726 -0.6988 -0.7116 0.0065 -0.0001 -0.7116 0.6988 62.7938
0.9975 -0.0009 0.1008 -220.1313 0.0706 -0.6990 -0.7116 0.0065 -0.0001 -0.7116 0.6990 65.5379
0.9983 -0.0653 0.1062 -220.1835 0.0545 0.2240 -0.9731 0.0064 0.0207 -0.9733 -0.2229 68.0908
0.9986 -0.0664 0.0976 -220.2199 0.0519 0.3383 -0.9396 0.0064 0.0102 -0.9398 -0.3378 70.4992
0.9987 0.0157 -0.0269 -220.1588 0.0136 -0.1624 0.9866 0.0062 0.0496 0.9867 0.1617 73.8881
0.9994 -0.0149 0.0052 -219.9914 -0.0126 -0.9779 0.2088 0.0060 0.0321 0.2084 0.9780 77.3119
0.9988 0.0036 0.0063 -219.8427 0.0074 -0.9069 -0.4214 0.0061 0.0483 -0.4211 0.9070 79.6175
0.9994 0.0042 -0.0004 -219.4777 -0.0040 0.9986 -0.0521 0.0061 0.0336 -0.0519 -0.9986 83.0297
0.9993 -0.0038 0.0266 -219.1774 -0.0163 0.5813 0.8135 0.0060 0.0337 0.8138 -0.5809 85.3416
0.9988 0.0070 -0.0135 -218.8511 0.0067 -0.0325 0.9994 0.0061 0.0495 0.9995 0.0322 87.6667
0.9996 0.0318 -0.0394 -218.5085 0.0231 -0.5224 0.8524 0.0062 0.0171 0.8526 0.5220 89.9045
0.9997 0.0331 -0.0400 -218.1774 0.0239 -0.5468 0.8370 0.0062 0.0078 0.8371 0.5466 92.0324
1.0000 0.0022 -0.0026 -217.8427 0.0016 -0.5483 0.8363 0.0061 0.0030 0.8363 0.5483 94.1737
0.9998 -0.0281 0.0341 -217.5019 -0.0203 -0.5431 0.8394 0.0060 0.0010 0.8394 0.5431 96.3522
0.9997 -0.0355 0.0429 -217.1391 -0.0257 -0.5472 0.8366 0.0059 0.0003 0.8366 0.5472 98.6715
0.9993 0.0220 -0.0146 -216.7738 0.0165 -0.8957 0.4443 0.0062 0.0348 0.4448 0.8955 100.9347
0.9986 0.0105 0.0360 -216.2119 0.0337 -0.8455 -0.5329 0.0063 0.0404 -0.5317 0.8462 104.1177
0.9983 -0.0014 -0.0019 -215.5294 0.0025 0.9258 0.3779 0.0061 0.0583 0.3778 -0.9259 107.1529
0.9997 0.0020 -0.0201 -215.0373 0.0128 0.6230 0.7821 0.0062 0.0198 0.7820 -0.6232 109.1607
0.9995 0.0271 -0.0450 -214.5386 0.0230 -0.2001 0.9795 0.0062 0.0219 0.9796 0.1996 111.0711
0.9963 0.0130 0.0297 -214.0163 0.0317 -0.8825 -0.4693 0.0063 0.0801 -0.4671 0.8837 112.8735
0.9985 -0.0350 0.0519 -213.4703 0.0275 0.3270 -0.9446 0.0063 0.0483 -0.9450 -0.3258 114.5725
0.9993 -0.0000 -0.0022 -212.8706 0.0016 0.7143 0.6999 0.0061 0.0361 0.6998 -0.7143 116.2215
0.9965 -0.0075 0.0050 -212.2112 -0.0056 -0.8950 0.4459 0.0061 0.0829 0.4455 0.8953 117.8897
0.9986 0.0032 -0.0247 -211.4782 -0.0154 -0.5970 -0.8021 0.0060 0.0499 -0.8026 0.5964 119.6019
0.9999 -0.0026 0.0065 -210.7260 0.0033 -0.1898 -0.9818 0.0061 0.0138 -0.9818 0.1899 121.3112
0.9997 -0.0243 0.0285 -209.9824 0.0174 0.5756 -0.8175 0.0062 0.0168 -0.8177 -0.5754 122.9392
0.9972 0.0001 -0.0218 -209.2261 0.0154 0.7033 0.7107 0.0062 0.0734 0.7099 -0.7041 124.4870
0.9990 -0.0059 0.0074 -208.4149 -0.0043 -0.5167 0.8561 0.0061 0.0438 0.8560 0.5169 126.0409
0.9992 0.0059 -0.0314 -207.5256 -0.0186 -0.5308 -0.8473 0.0060 0.0350 -0.8476 0.5302 127.6029
0.9997 0.0126 -0.0173 -206.5824 -0.0095 0.4127 -0.9108 0.0060 0.0230 -0.9107 -0.4129 129.1986
0.9969 -0.0026 -0.0188 -205.6225 0.0153 0.7873 0.6164 0.0062 0.0777 0.6154 -0.7880 130.7285
0.9987 0.0298 -0.0398 -204.6644 0.0222 -0.4447 0.8954 0.0062 0.0454 0.8959 0.4438 132.1650
0.9935 -0.0297 0.0385 -203.6867 0.0220 0.4765 -0.8789 0.0062 0.1115 -0.8801 -0.4744 133.4761
0.9988 0.0001 0.0015 -202.6484 -0.0011 0.7508 0.6605 0.0061 0.0490 0.6606 -0.7508 134.7654
0.9923 0.0032 -0.0318 -201.5137 -0.0205 -0.6265 -0.7791 0.0060 0.1222 -0.7807 0.6246 136.0333
0.9993 0.0412 -0.0423 -200.2356 -0.0292 0.6874 -0.7257 0.0059 0.0250 -0.7252 -0.6880 137.3711
0.9966 -0.0015 0.0079 -198.9293 -0.0047 0.5376 0.8432 0.0061 0.0823 0.8434 -0.5372 138.6776
0.9998 -0.0127 0.0184 -197.5643 -0.0098 -0.3619 0.9322 0.0060 0.0197 0.9321 0.3621 139.9813
0.9967 0.0010 0.0046 -196.1878 0.0040 -0.8229 -0.5682 0.0061 0.0812 -0.5679 0.8231 141.2325
0.9987 0.0109 -0.0145 -194.7492 -0.0081 0.4431 -0.8965 0.0060 0.0506 -0.8963 -0.4434 142.4671
0.9900 -0.0313 0.0260 -193.2105 -0.0225 -0.8141 0.5803 0.0060 0.1392 0.5778 0.8159 143.6485
0.9969 0.0297 -0.0613 -191.4964 -0.0307 -0.0324 -0.9990 0.0059 0.0724 -0.9991 0.0301 144.8467
0.9979 -0.0002 0.0393 -189.6859 -0.0277 0.7047 0.7090 0.0059 0.0588 0.7101 -0.7035 146.0074
0.9939 -0.0157 0.0035 -187.7937 -0.0141 -0.9921 0.1244 0.0060 0.1095 0.1228 0.9923 147.1354
0.9944 -0.0050 0.0600 -185.7349 -0.0392 0.6412 0.7664 0.0059 0.0978 0.7688 -0.6383 148.1739
0.9912 -0.0023 -0.0015 -183.5793 -0.0032 -0.9710 -0.2392 0.0061 0.1325 -0.2396 0.9709 149.1521
0.9938 -0.0053 0.0146 -181.3906 -0.0076 0.2687 0.9632 0.0060 0.1106 0.9634 -0.2679 149.9602
0.9905 0.0018 0.0148 -179.1677 0.0119 -0.7813 -0.6240 0.0062 0.1372 -0.6228 0.7823 150.6726
0.9938 -0.0022 0.0040 -176.9384 -0.0020 -0.1116 0.9938 0.0061 0.1110 0.9937 0.1118 151.2102
0.9907 -0.0045 0.0226 -174.6872 0.0133 -0.5219 -0.8529 0.0062 0.1351 -0.8519 0.5235 151.6516
0.9984 -0.0350 0.0390 -172.5066 0.0250 0.6232 -0.7817 0.0062 0.0508 -0.7825 -0.6222 152.0040
0.9985 -0.0381 -0.0042 -170.4524 0.0403 0.9978 0.0525 0.0063 0.0371 0.0510 -0.9979 152.2958
0.9986 0.0133 -0.0772 -168.5486 0.0462 0.5480 0.8352 0.0064 0.0272 0.8345 -0.5490 152.5316
0.9987 0.0579 -0.0889 -166.7925 0.0464 -0.2886 0.9563 0.0064 0.0209 0.9566 0.2877 152.7198
0.9989 0.0600 -0.0403 -165.1768 0.0447 -0.8915 0.4509 0.0064 0.0163 0.4515 0.8911 152.8679
0.9990 0.0291 0.0233 -163.6940 0.0424 -0.9604 -0.2753 0.0063 0.0125 -0.2748 0.9606 152.9827
0.9989 -0.0301 0.0761 -161.7030 0.0389 -0.2057 -0.9778 0.0063 0.0250 -0.9776 0.2066 153.1036
0.9991 -0.0477 0.0676 -160.5209 0.0365 0.3810 -0.9238 0.0063 0.0217 -0.9241 -0.3803 153.1586
0.9996 -0.0366 0.0236 -158.9380 0.0274 0.9020 -0.4308 0.0063 0.0027 -0.4308 -0.9020 153.2127
0.9998 -0.0026 -0.0053 -157.4329 0.0059 0.8939 0.4483 0.0060 0.0207 0.4482 -0.8939 153.2369
1.0000 -0.0099 0.0163 -156.4101 -0.0083 -0.2080 0.9781 0.0061 0.0039 0.9781 0.2081 153.2175
0.9984 -0.0794 0.0743 -155.2233 -0.0563 -0.7501 0.6590 0.0058 0.0006 0.6589 0.7501 153.1935
0.9970 -0.0760 -0.0013 -153.7538 -0.0767 -0.9970 -0.0081 0.0056 0.0054 -0.0085 0.9970 153.1484
0.9965 -0.1177 0.1123 -152.0113 -0.0833 -0.7361 0.6717 0.0056 -0.0108 0.6724 0.7355 153.1240
0.9991 -0.0347 0.0531 -150.1506 -0.0278 -0.2948 0.9552 0.0059 -0.0330 0.9554 0.2939 153.1084
1.0000 0.0042 -0.0095 -148.3328 0.0048 0.1043 0.9945 0.0061 -0.0069 0.9945 -0.1042 153.1111
0.9998 0.0160 -0.0364 -146.6006 0.0183 0.1201 0.9926 0.0062 -0.0029 0.9926 -0.1201 153.1142
0.9997 0.0230 -0.0523 -144.9525 0.0263 0.1209 0.9923 0.0062 -0.0011 0.9923 -0.1208 153.1176
1.0000 -0.0015 0.0034 -143.3404 -0.0017 0.1209 0.9927 0.0061 -0.0004 0.9927 -0.1209 153.1210
0.9989 -0.0406 0.0925 -141.5620 -0.0466 0.1207 0.9916 0.0058 -0.0002 0.9916 -0.1207 153.1248
1.0000 -0.0075 0.0170 -138.7523 -0.0086 0.1208 0.9926 0.0060 -0.0001 0.9926 -0.1208 153.1306
0.9981 -0.0535 0.1217 -135.7199 -0.0613 0.1204 0.9908 0.0057 -0.0001 0.9908 -0.1204 153.1370
0.9970 -0.0677 0.1541 -133.3740 -0.0776 0.1200 0.9897 0.0056 -0.0001 0.9897 -0.1200 153.1420
0.9988 -0.0432 0.0982 -130.8183 -0.0495 0.1201 0.9915 0.0058 -0.0001 0.9915 -0.1201 153.1474
0.9999 0.0118 -0.0269 -128.3202 0.0136 0.1203 0.9926 0.0062 -0.0001 0.9926 -0.1203 153.1527
0.9991 0.0372 -0.0846 -125.9934 0.0426 0.1202 0.9918 0.0063 -0.0001 0.9918 -0.1202 153.1576
0.9988 0.0434 -0.0988 -123.8404 0.0498 0.1205 0.9915 0.0064 -0.0001 0.9915 -0.1205 153.1621
0.9987 0.0439 -0.0999 -121.8531 0.0503 0.1207 0.9914 0.0064 -0.0001 0.9914 -0.1207 153.1663
0.9989 0.0406 -0.0925 -120.0203 0.0466 0.1208 0.9916 0.0064 -0.0001 0.9916 -0.1208 153.1702
1.0000 0.0062 -0.0142 -118.2456 0.0071 0.1209 0.9926 0.0061 -0.0001 0.9926 -0.1209 153.1739
0.9990 -0.0389 0.0887 -116.3077 -0.0447 0.1207 0.9917 0.0058 -0.0001 0.9917 -0.1207 153.1780
0.9999 0.0091 -0.0207 -113.2942 0.0104 0.1208 0.9926 0.0062 -0.0001 0.9926 -0.1208 153.1844
0.9995 0.0277 -0.0631 -111.4332 0.0318 0.1208 0.9922 0.0063 -0.0001 0.9922 -0.1208 153.1883
1.0000 0.0051 -0.0116 -109.6296 0.0059 0.1209 0.9926 0.0061 -0.0001 0.9926 -0.1209 153.1921
1.0000 -0.0037 0.0085 -107.7932 -0.0043 0.1209 0.9927 0.0061 -0.0001 0.9927 -0.1209 153.1960
0.9990 -0.0388 0.0883 -105.8397 -0.0445 0.1207 0.9917 0.0058 -0.0001 0.9917 -0.1207 153.2001
0.9973 -0.0639 0.1455 -103.6271 -0.0733 0.1203 0.9900 0.0057 -0.0001 0.9900 -0.1203 153.2048
0.9967 -0.0705 0.1604 -101.1488 -0.0808 0.1200 0.9895 0.0056 -0.0001 0.9895 -0.1200 153.2101
0.9970 -0.0674 0.1533 -99.8164 -0.0772 0.1200 0.9898 0.0056 -0.0001 0.9898 -0.1200 153.2129
0.9999 -0.0123 0.0279 -97.1311 -0.0141 0.1203 0.9926 0.0060 -0.0001 0.9926 -0.1203 153.2185
0.9994 0.0295 -0.0671 -94.5930 0.0338 0.1203 0.9922 0.0063 -0.0001 0.9922 -0.1203 153.2238
0.9987 0.0445 -0.1014 -92.2431 0.0511 0.1204 0.9914 0.0064 -0.0001 0.9914 -0.1204 153.2288
0.9987 0.0443 -0.1009 -91.1347 0.0508 0.1205 0.9914 0.0064 -0.0001 0.9914 -0.1205 153.2311
1.0000 0.0070 -0.0159 -88.9431 0.0080 0.1206 0.9927 0.0061 -0.0001 0.9927 -0.1206 153.2358
0.9997 -0.0202 0.0460 -87.7924 -0.0232 0.1205 0.9924 0.0060 -0.0001 0.9924 -0.1205 153.2382
0.9989 -0.0403 0.0917 -86.5827 -0.0462 0.1203 0.9917 0.0058 -0.0001 0.9917 -0.1203 153.2408
0.9981 -0.0531 0.1208 -85.3112 -0.0608 0.1201 0.9909 0.0057 -0.0001 0.9909 -0.1201 153.2435
0.9979 -0.0568 0.1293 -83.9809 -0.0651 0.1200 0.9906 0.0057 -0.0001 0.9906 -0.1200 153.2462
0.9991 -0.0373 0.0849 -82.6301 -0.0428 0.1201 0.9918 0.0058 -0.0001 0.9918 -0.1201 153.2491
1.0000 -0.0086 0.0196 -81.3016 -0.0099 0.1202 0.9927 0.0060 -0.0001 0.9927 -0.1202 153.2519
0.9994 0.0306 -0.0697 -78.7700 0.0351 0.1203 0.9921 0.0063 -0.0001 0.9921 -0.1203 153.2572
0.9988 0.0425 -0.0969 -76.4236 0.0488 0.1204 0.9915 0.0064 -0.0001 0.9915 -0.1204 153.2622
0.9999 0.0105 -0.0239 -74.1513 0.0120 0.1205 0.9926 0.0062 -0.0001 0.9926 -0.1205 153.2670
0.9998 0.0165 -0.0375 -71.8858 0.0189 0.1205 0.9925 0.0062 -0.0001 0.9925 -0.1205 153.2717
0.9993 0.0335 -0.0764 -69.7526 0.0385 0.1206 0.9920 0.0063 -0.0001 0.9920 -0.1206 153.2762
0.9989 0.0401 -0.0913 -67.7777 0.0460 0.1206 0.9916 0.0064 -0.0001 0.9916 -0.1206 153.2804
0.9995 0.0283 -0.0645 -65.9348 0.0325 0.1208 0.9921 0.0063 -0.0001 0.9921 -0.1208 153.2843
0.9998 -0.0158 0.0360 -64.0408 -0.0181 0.1208 0.9925 0.0060 -0.0001 0.9925 -0.1208 153.2883
0.9999 0.0131 -0.0299 -61.1386 0.0150 0.1208 0.9926 0.0062 -0.0001 0.9926 -0.1208 153.2944
0.9996 0.0382 -0.0402 -58.4612 0.0270 -0.6679 0.7437 0.0062 0.0053 0.7438 0.6678 153.2643
0.9990 0.0443 -0.0263 -56.8084 0.0338 -0.9205 0.3893 0.0063 0.0294 0.3902 0.9201 153.2343
0.9995 0.0320 -0.0028 -54.5025 0.0306 -0.9985 0.0459 0.0063 0.0023 0.0460 0.9985 153.1723
0.9998 -0.0071 0.0101 -52.3752 0.0055 0.3825 -0.9240 0.0061 0.0169 -0.9240 -0.3824 153.0505
0.9996 -0.0204 0.0185 -50.2550 0.0145 0.7706 -0.6371 0.0062 0.0251 -0.6374 -0.7704 152.9074
0.9996 -0.0067 0.0442 -48.1444 -0.0269 0.5712 0.8204 0.0059 0.0033 0.8205 -0.5711 152.6902
0.9973 -0.0405 0.0322 -46.6109 -0.0293 -0.8341 0.5508 0.0061 0.0674 0.5491 0.8352 152.4981
0.9970 0.0026 0.0169 -44.1781 0.0139 -0.7951 -0.6063 0.0065 0.0763 -0.6054 0.7958 152.1413
0.9999 0.0142 -0.0103 -41.7362 -0.0104 0.8684 -0.4958 0.0060 0.0103 -0.4957 -0.8684 151.6921
0.9978 0.0051 -0.0213 -39.3544 0.0121 0.4635 0.8860 0.0062 0.0656 0.8856 -0.4642 151.2123
0.9995 0.0064 -0.0066 -36.9864 0.0045 -0.6861 0.7275 0.0061 0.0326 0.7276 0.6860 150.6602
0.9999 0.0039 -0.0145 -34.6283 -0.0079 -0.4135 -0.9105 0.0060 0.0104 -0.9105 0.4134 150.0174
0.9978 -0.0161 0.0097 -32.3314 0.0122 0.9175 -0.3975 0.0062 0.0646 -0.3983 -0.9172 149.3503
0.9975 -0.0102 0.0140 -30.0439 -0.0077 -0.4147 0.9099 0.0060 0.0705 0.9097 0.4152 148.5784
0.9993 0.0424 -0.0462 -27.6055 -0.0301 0.6416 -0.7664 0.0059 0.0208 -0.7660 -0.6421 147.5631
0.9992 -0.0206 0.0377 -25.1285 -0.0189 -0.0915 0.9956 0.0060 0.0350 0.9956 0.0922 146.4339
0.9961 -0.0072 -0.0232 -22.4834 -0.0222 -0.8521 -0.5228 0.0060 0.0856 -0.5244 0.8512 145.1293
0.9989 0.0024 -0.0030 -19.7752 -0.0017 0.5052 -0.8630 0.0061 0.0476 -0.8630 -0.5053 143.6679
0.9908 0.0259 -0.0192 -18.0842 0.0191 -0.8632 0.5044 0.0062 0.1337 0.5066 0.8619 142.6306
0.9631 0.0408 -0.0736 -15.9821 0.0376 -0.0917 0.9951 0.0063 0.2664 0.9960 0.0817 140.8526
0.9378 -0.0585 0.0065 -14.6558 0.0588 0.9966 -0.0573 0.0064 0.3423 -0.0774 -0.9955 138.8317
0.9959 -0.0521 0.0504 -14.0838 0.0369 0.7291 -0.6834 0.0063 0.0825 -0.6856 -0.7271 137.4669
0.9996 0.0003 -0.0002 -13.5088 -0.0002 0.8656 -0.5007 0.0061 0.0279 -0.5007 -0.8656 136.1202
0.9963 0.1018 -0.1694 -11.6440 -0.0864 0.1964 -0.9767 0.0056 -0.0006 -0.9767 -0.1964 131.8666
0.9965 0.1058 -0.0590 -10.7250 -0.0818 0.9297 -0.3592 0.0056 0.0187 -0.3578 -0.9302 129.7056
0.9987 0.0129 0.0123 -9.7910 -0.0200 0.9515 0.3070 0.0060 0.0467 0.3079 -0.9512 127.4516
0.9982 -0.0175 0.0073 -8.9565 -0.0143 -0.9672 0.2538 0.0060 0.0575 0.2530 0.9674 125.1858
0.9980 0.0036 0.0131 -8.1606 0.0121 -0.8400 -0.5425 0.0062 0.0624 -0.5418 0.8404 122.9082
0.9994 -0.0124 0.0487 -7.4368 0.0272 -0.4422 -0.8965 0.0062 0.0236 -0.8962 0.4428 120.7335
0.9992 -0.0189 0.0695 -6.7564 0.0382 -0.4142 -0.9094 0.0063 0.0104 -0.9092 0.4145 118.6677
0.9992 -0.0478 0.0647 -6.1448 0.0359 0.4311 -0.9016 0.0063 0.0183 -0.9019 -0.4305 116.7232
0.9993 -0.0523 0.0650 -5.5718 0.0380 0.5185 -0.8542 0.0063 0.0069 -0.8544 -0.5183 114.8805
0.9995 -0.0346 0.0132 -5.0578 0.0288 0.9730 -0.2290 0.0063 0.0143 -0.2294 -0.9729 113.1435
0.9994 -0.0068 -0.0063 -4.2996 0.0104 0.9531 0.3024 0.0062 0.0323 0.3021 -0.9532 110.5274
0.9999 -0.0101 0.0090 -3.6467 -0.0072 -0.7813 0.6241 0.0060 0.0149 0.6240 0.7814 107.8880
0.9984 0.0529 -0.0750 -3.0567 -0.0406 0.3807 -0.9238 0.0059 0.0386 -0.9232 -0.3821 105.0687
0.9991 0.0383 -0.0084 -2.4897 -0.0343 0.9919 -0.1220 0.0059 0.0231 -0.1212 -0.9920 101.9941
0.9984 0.0130 0.0334 -2.1105 -0.0341 0.8717 0.4888 0.0059 0.0445 0.4901 -0.8710 99.7713
0.9981 -0.0382 0.0113 -1.8100 -0.0331 -0.9848 0.1704 0.0059 0.0523 0.1687 0.9851 97.4768
0.9908 0.0830 -0.0851 -1.5700 -0.0589 0.6883 -0.7230 0.0057 0.1220 -0.7180 -0.6935 94.9844
0.9958 0.0131 0.0899 -1.3985 -0.0735 0.7887 0.6104 0.0057 0.0552 0.6136 -0.7862 92.2436
0.9964 0.0011 0.1107 -1.2398 -0.0791 0.7121 0.6976 0.0056 0.0290 0.6992 -0.7105 89.2475
0.9967 -0.0003 0.1143 -1.0774 -0.0806 0.7033 0.7063 0.0056 0.0126 0.7071 -0.7025 85.9978
0.9988 -0.0003 0.0677 -0.9072 -0.0477 0.7035 0.7091 0.0058 0.0049 0.7093 -0.7033 82.5490
0.9997 0.0001 -0.0321 -0.7416 0.0226 0.7040 0.7098 0.0062 0.0018 0.7098 -0.7040 79.1864
0.9984 0.0003 -0.0815 -0.5870 0.0574 0.7032 0.7087 0.0064 0.0006 0.7087 -0.7032 76.0453
0.9977 0.0004 -0.0962 -0.4441 0.0678 0.7029 0.7081 0.0065 0.0002 0.7081 -0.7029 73.1399
0.9977 0.0003 -0.0966 -0.3122 0.0681 0.7030 0.7080 0.0065 0.0000 0.7080 -0.7030 70.4592
0.9979 0.0003 -0.0920 -0.1906 0.0649 0.7033 0.7080 0.0065 -0.0000 0.7080 -0.7033 67.9882
0.9992 0.0002 -0.0584 -0.0770 0.0412 0.7042 0.7088 0.0063 -0.0001 0.7088 -0.7042 65.6806
0.9998 -0.0001 0.0295 0.0397 -0.0208 0.7046 0.7093 0.0060 -0.0001 0.7093 -0.7046 63.3100
0.9983 -0.0003 0.0824 0.1669 -0.0581 0.7034 0.7084 0.0057 -0.0001 0.7084 -0.7034 60.7247
0.9973 -0.0004 0.1042 0.3063 -0.0734 0.7026 0.7078 0.0057 -0.0001 0.7078 -0.7026 57.8927
0.9969 -0.0004 0.1119 0.4581 -0.0788 0.7022 0.7076 0.0056 -0.0001 0.7076 -0.7022 54.8081
0.9989 -0.0003 0.0674 0.6197 -0.0475 0.7034 0.7092 0.0058 -0.0001 0.7092 -0.7034 51.5238
0.9998 0.0001 -0.0302 0.7773 0.0213 0.7042 0.7097 0.0062 -0.0001 0.7097 -0.7042 48.3209
0.9985 0.0003 -0.0779 0.9244 0.0549 0.7034 0.7087 0.0064 -0.0001 0.7087 -0.7034 45.3307
0.9979 0.0003 -0.0921 1.0605 0.0649 0.7031 0.7081 0.0065 -0.0001 0.7081 -0.7031 42.5661
0.9986 0.0002 -0.0747 1.1871 0.0527 0.7038 0.7085 0.0064 -0.0001 0.7085 -0.7038 39.9926
0.9987 0.0002 -0.0734 1.3066 0.0517 0.7039 0.7084 0.0064 -0.0001 0.7084 -0.7039 37.5650
0.9993 0.0002 -0.0516 1.4188 0.0364 0.7044 0.7089 0.0063 -0.0001 0.7089 -0.7044 35.2856
0.9999 0.0001 -0.0239 1.5866 0.0168 0.7048 0.7092 0.0062 -0.0001 0.7093 -0.7048 31.8767
0.9999 -0.0025 0.0045 1.6679 -0.0023 -0.1391 0.9903 0.0061 0.0168 0.9903 0.1392 29.6393
0.9996 0.0324 -0.0518 1.7748 0.0267 -0.2447 0.9692 0.0062 0.0048 0.9693 0.2446 26.3225
0.9991 0.0367 -0.0378 1.8283 0.0260 -0.6862 0.7270 0.0063 0.0337 0.7276 0.6855 24.2629
0.9996 -0.0349 0.0202 1.8617 -0.0268 -0.9258 0.3772 0.0059 0.0082 0.3770 0.9258 22.1435
0.9980 -0.0825 0.0462 1.8968 -0.0638 -0.9302 0.3614 0.0057 0.0036 0.3612 0.9303 19.7896
0.9971 -0.0991 0.0553 1.9349 -0.0766 -0.9298 0.3601 0.0056 0.0014 0.3600 0.9298 17.1792
0.9971 -0.0981 0.0548 1.9766 -0.0759 -0.9299 0.3598 0.0056 0.0005 0.3598 0.9299 14.3165
0.9999 -0.0155 0.0086 2.0194 -0.0120 -0.9326 0.3608 0.0060 0.0001 0.3608 0.9326 11.3778
0.9993 0.0486 -0.0271 2.0598 0.0376 -0.9319 0.3607 0.0063 0.0000 0.3607 0.9319 8.5988
0.9993 0.0468 -0.0261 2.0977 0.0362 -0.9319 0.3609 0.0063 -0.0001 0.3609 0.9319 5.9931
0.9998 -0.0256 0.0143 2.1364 -0.0198 -0.9324 0.3610 0.0060 -0.0001 0.3610 0.9324 3.3396
0.9984 -0.0730 0.0407 2.1780 -0.0564 -0.9311 0.3603 0.0058 -0.0001 0.3603 0.9311 0.4795
0.9966 -0.0514 -0.0360 2.2099 -0.0717 -0.9655 -0.2503 0.0057 0.0414 -0.2531 0.9648 -2.6227
0.9987 0.0139 -0.0758 2.2023 -0.0449 -0.5348 -0.8438 0.0058 0.0253 -0.8444 0.5338 -5.9209
0.9982 -0.0247 0.0447 2.1637 0.0225 0.1050 -0.9942 0.0062 0.0564 -0.9943 -0.1038 -9.1362
0.9955 0.0396 -0.0870 2.0148 0.0437 0.0918 0.9948 0.0063 0.0842 0.9945 -0.0955 -12.1526
0.9944 0.0765 -0.0643 1.8016 0.0549 -0.8082 0.5863 0.0064 0.0905 0.5903 0.8053 -14.9937
0.9949 0.0658 -0.0418 0.9889 0.0496 -0.9055 0.4214 0.0064 0.0879 0.4254 0.9037 -20.0444
0.9759 -0.0074 0.0242 -0.4113 0.0132 -0.3741 -0.9273 0.0062 0.2177 -0.9262 0.3767 -25.4259
0.9986 0.0002 -0.0080 -1.6678 0.0056 0.6912 0.7226 0.0061 0.0532 0.7224 -0.6914 -28.5673
0.9784 0.0084 -0.0105 -3.5068 0.0062 -0.5159 0.8567 0.0061 0.2065 0.8573 0.5148 -32.3359
0.9975 0.0002 -0.0056 -6.1951 -0.0038 -0.6758 -0.7371 0.0061 0.0707 -0.7373 0.6756 -35.9475
0.9730 0.0343 -0.0253 -9.1534 -0.0255 0.8637 -0.5034 0.0059 0.2292 -0.4984 -0.8666 -39.2465
0.9948 -0.0097 0.0104 -13.1176 -0.0069 -0.6546 0.7560 0.0060 0.1020 0.7555 0.6551 -42.2279
0.9828 -0.0069 0.0421 -17.2141 -0.0258 0.5669 0.8234 0.0059 0.1828 0.8261 -0.5630 -44.8824
0.9793 -0.0535 0.0515 -22.3146 -0.0383 -0.7325 0.6797 0.0059 0.1987 0.6741 0.7377 -46.8815
0.9931 0.0253 0.0176 -26.2449 0.0355 -0.9679 -0.2489 0.0063 0.1116 -0.2450 0.9689 -47.9955
0.9948 0.0033 0.0261 -30.0963 -0.0210 0.7831 0.6216 0.0060 0.0998 0.6232 -0.7818 -48.8516
0.9954 0.0145 -0.0997 -34.4102 -0.0613 -0.5785 -0.8134 0.0057 0.0737 -0.8160 0.5748 -49.5439
0.9994 -0.0095 0.0387 -38.8699 0.0217 -0.4531 -0.8912 0.0062 0.0269 -0.8909 0.4536 -50.1623
0.9938 -0.0064 -0.0045 -43.0367 0.0090 0.9675 0.2529 0.0061 0.1107 0.2519 -0.9677 -50.6639
0.9984 -0.0093 0.0154 -45.9001 -0.0079 -0.2029 0.9792 0.0060 0.0559 0.9791 0.2033 -50.8932
0.9958 -0.0455 0.0584 -50.0147 0.0335 0.4856 -0.8736 0.0063 0.0852 -0.8750 -0.4831 -51.0506
0.9976 -0.0011 0.0037 -53.9130 0.0020 -0.3974 -0.9176 0.0061 0.0690 -0.9176 0.3976 -51.0614
0.9990 0.0225 -0.0803 -56.6632 -0.0438 -0.4019 -0.9146 0.0058 -0.0129 -0.9144 0.4024 -51.0319
0.9976 0.0965 -0.0975 -61.2253 -0.0682 0.6980 -0.7129 0.0057 -0.0076 -0.7132 -0.6976 -51.0270
0.9992 0.0116 -0.0399 -64.4204 -0.0216 -0.3855 -0.9224 0.0060 -0.0340 -0.9222 0.3862 -51.0710
0.9997 -0.0024 0.0155 -67.5371 0.0094 -0.5707 -0.8211 0.0061 -0.0223 -0.8212 0.5706 -51.1411
0.9992 0.0088 -0.0640 -72.3515 -0.0395 -0.5862 -0.8092 0.0059 -0.0073 -0.8091 0.5864 -51.2684
0.9995 -0.0067 0.0486 -77.2278 0.0300 -0.5870 -0.8091 0.0063 -0.0018 -0.8091 0.5869 -51.4006
0.9987 -0.0113 0.0827 -81.6642 0.0511 -0.5867 -0.8082 0.0064 -0.0004 -0.8082 0.5867 -51.5212
0.9985 -0.0123 0.0900 -84.4063 0.0556 -0.5867 -0.8079 0.0064 -0.0002 -0.8079 0.5867 -51.5957
0.9982 -0.0787 0.1040 -88.1474 0.0585 0.4565 -0.8878 0.0064 0.0140 -0.8882 -0.4558 -51.6457
0.9998 0.0272 -0.0352 -91.7550 -0.0200 0.4782 -0.8780 0.0060 0.0044 -0.8780 -0.4783 -51.6747
0.9977 0.0917 -0.1187 -95.8174 -0.0676 0.4775 -0.8760 0.0057 0.0009 -0.8760 -0.4776 -51.7052
0.9972 0.1007 -0.1303 -100.4381 -0.0742 0.4776 -0.8754 0.0057 0.0001 -0.8754 -0.4776 -51.7399
1.0000 0.0132 -0.0171 -103.6512 -0.0097 0.4789 -0.8778 0.0060 0.0000 -0.8778 -0.4789 -51.7640
0.9991 -0.0563 0.0728 -106.6920 0.0415 0.4784 -0.8772 0.0063 -0.0000 -0.8772 -0.4784 -51.7868
0.9982 -0.0823 0.1065 -109.5117 0.0606 0.4777 -0.8764 0.0064 -0.0001 -0.8764 -0.4777 -51.8080
0.9979 -0.0873 0.1131 -112.1144 0.0644 0.4775 -0.8763 0.0065 -0.0001 -0.8763 -0.4775 -51.8275
0.9980 -0.0847 0.1097 -114.5135 0.0625 0.4774 -0.8765 0.0065 -0.0001 -0.8765 -0.4774 -51.8455
0.9992 -0.0532 0.0689 -116.7546 0.0392 0.4779 -0.8776 0.0063 -0.0001 -0.8776 -0.4779 -51.8624
0.9998 0.0300 -0.0388 -119.0631 -0.0221 0.4781 -0.8780 0.0060 -0.0001 -0.8780 -0.4781 -51.8797
0.9980 0.0861 -0.1115 -122.9391 -0.0635 0.4776 -0.8763 0.0057 -0.0001 -0.8763 -0.4776 -51.9088
1.0000 0.0121 -0.0157 -125.6575 -0.0089 0.4786 -0.8780 0.0060 -0.0001 -0.8780 -0.4786 -51.9292
0.9994 -0.0487 0.0630 -128.2261 0.0359 0.4782 -0.8775 0.0063 -0.0001 -0.8775 -0.4782 -51.9485
0.9986 -0.0708 0.0916 -130.6042 0.0522 0.4777 -0.8770 0.0064 -0.0001 -0.8770 -0.4777 -51.9664
0.9986 -0.0705 0.0912 -132.8004 0.0519 0.4775 -0.8771 0.0064 -0.0001 -0.8771 -0.4775 -51.9829
1.0000 -0.0115 0.0149 -134.9307 0.0085 0.4781 -0.8783 0.0061 -0.0001 -0.8783 -0.4781 -51.9989
0.9999 0.0196 -0.0253 -137.1767 -0.0144 0.4782 -0.8781 0.0060 -0.0001 -0.8781 -0.4782 -52.0158
0.9995 -0.0442 0.0572 -140.4094 0.0326 0.4779 -0.8778 0.0063 -0.0001 -0.8778 -0.4779 -52.0401
0.9990 -0.0595 0.0771 -142.3740 0.0439 0.4775 -0.8775 0.0063 -0.0001 -0.8775 -0.4776 -52.0548
