0.021392
0.056816
0.126963
0.298429
0.499823
0.720900
0.922089
1.148166
1.358239
1.576668
1.784718
1.998553
2.236686
2.436626
2.648689
2.860682
3.080439
3.288663
3.512693
3.759897
3.968812
4.180619
4.404680
4.612267
4.823218
5.033408
5.246622
5.452663
5.695128
5.908668
6.138097
6.344665
6.556682
6.778793
6.988666
7.202245
7.428663
7.660301
7.872297
8.093131
8.312768
8.536443
8.747452
8.971341
9.180567
9.396661
9.608613
9.816340
10.028658
10.234317
10.442073
10.692245
10.892647
11.104749
11.329137
11.532695
11.752969
11.964498
12.180643
12.400619
12.605426
12.812667
13.022996
13.248857
13.456018
13.660771
13.868638
14.084526
14.296939
14.504662
14.708679
14.912437
15.124625
15.369014
15.572222
15.784919
15.996778
16.205797
16.416678
16.626980
16.844215
17.052848
17.256650
17.468667
17.704073
17.907299
18.118573
18.328636
18.554289
18.761628
18.984264
19.201861
19.409836
19.622144
19.830233
20.044643
20.255473
20.468670
20.676067
20.889035
21.116025
21.328659
21.540684
21.746652
21.961679
22.173936
22.400685
22.617152
22.843862
23.056535
23.270938
23.499019
23.712121
23.934685
24.180809
24.391952
24.612253
24.828904
25.040656
25.248036
25.458228
25.668680
25.875552
26.093817
26.315229
26.527930
26.751019
26.960016
27.169509
27.386720
27.599910
27.814273
28.032690
28.247420
28.468668
28.678981
28.893613
29.108751
29.313524
29.528699
29.750382
29.966084
30.193693
30.402150
30.628726
30.832685
31.036624
31.236827
31.443793
31.660679
31.870949
32.082630
32.296784
32.516707
32.753914
32.976632
33.184661
33.392680
33.600755
33.818648
34.023377
34.239275
34.444269
34.648231
34.857733
35.066653
35.269451
35.479264
35.684004
35.895351
36.104689
36.304374
36.513675
36.721430
36.925953
37.126699
37.330600
37.536437
37.748668
37.952794
38.157021
38.363652
38.584011
38.794991
39.004622
39.207159
39.412770
39.628665
39.840665
40.047727
40.256665
40.456377
40.669211
40.878339
41.092680
41.308687
41.518820
41.725485
41.932663
42.147864
42.360675
42.565795
42.773922
42.972760
43.170479
43.376306
43.584638
43.787837
43.996670
44.204612
44.402416
44.616476
44.816625
45.020756
45.224700
45.430130
45.641859
45.844811
46.051748
46.258321
46.468620
46.683483
46.892963
47.104478
47.312806
47.516641
47.722507
47.926139
48.132699
48.340658
48.536426
48.740655
48.961102
49.163533
49.380678
49.584749
49.792716
50.000636
50.213873
50.419072
50.634939
50.844688
51.042989
51.243541
51.451898
51.694275
51.892698
52.096680
52.299971
52.503402
52.704905
52.920696
53.128737
53.332635
53.540673
53.741885
53.942832
54.148859
54.354087
54.557334
54.789638
54.986909
55.195930
55.408056
55.619911
55.826138
56.038316
56.267763
56.472208
56.703398
56.908695
57.119512
57.328690
57.540629
57.752683
57.956191
58.168677
58.382977
58.588607
58.800093
59.008705
59.220670
59.414300
59.623796
59.835814
60.044662
60.246705
60.452302
60.676471
60.879659
61.122890
61.324727
61.536498
61.744648
61.964745
62.168742
62.375201
62.581398
62.790537
63.003601
63.203898
63.412665
63.630994
63.837982
64.039919
64.248678
64.449009
64.653004
64.858698
65.068651
65.269183
65.487255
65.688657
65.888920
66.094973
66.294870
66.511057
66.706514
66.911989
67.111753
67.320699
67.523973
67.728674
67.932694
68.133305
68.334687
68.544678
68.742974
68.951035
69.150782
69.354784
69.557718
69.759829
69.967615
70.168681
70.372407
70.578511
70.791787
70.996733
71.208320
71.410901
71.624168
71.832124
72.040646
72.248037
72.454232
72.668643
72.879181
73.083236
73.291988
73.496637
73.711706
73.909372
74.117522
74.331576
74.539862
74.753753
74.960666
75.174538
75.381103
75.588282
75.801386
76.011235
76.216722
76.459665
76.665223
76.879435
77.090994
77.306488
77.545858
77.752686
77.966599
78.176679
78.387887
78.604667
78.816675
79.032612
79.248370
79.467011
79.684866
79.904657
80.150112
80.368614
80.596714
80.812621
81.048025
81.266645
81.502636
81.726979
81.960694
82.182633
82.412687
82.636654
82.861893
83.095539
83.332704
83.560655
83.816263
84.040647
84.268394
84.512120
84.740691
84.960765
85.190999
85.416661
85.633206
85.852175
86.070999
86.284697
86.498554
86.714955
86.923352
87.148687
87.356681
87.564666
87.775825
87.990435
88.195474
88.396655
88.608662
88.807280
89.007731
89.208273
89.412644
89.605192
89.812029
90.007591
90.204630
90.406753
90.605102
90.800924
90.997753
91.193564
91.385441
91.580948
91.773710
91.976440
92.173231
92.374997
92.571378
92.768567
92.971980
93.164307
93.365275
93.567044
93.764648
93.960669
94.159050
94.356069
94.557440
94.759290
94.962679
95.161568
95.360722
95.562042
95.767852
95.966881
96.166123
96.368752
96.571902
96.777244
96.976610
97.180682
97.379978
97.584364
97.785415
97.986586
98.183944
98.382597
98.588661
98.783577
98.982496
99.186542
99.383143
99.584726
99.784648
99.983782
100.184790
100.387980
100.578121
100.775347
100.979089
101.178075
101.372912
101.566730
101.763142
101.963980
102.160668
102.357960
102.556192
102.752634
102.945799
103.144147
103.336637
103.532634
103.732335
103.932110
104.133281
104.332673
104.535999
104.732668
104.930183
105.136652
105.329519
105.536688
105.728910
105.929857
106.132647
106.336614
106.530527
106.730127
106.928631
107.121825
107.320674
107.514679
107.720667
107.912654
108.105509
108.300113
108.492640
108.688628
108.888608
109.079949
109.273069
109.470576
109.664939
109.856854
110.055751
110.244490
110.440249
110.635760
110.824681
111.017007
111.205737
111.400836
111.593361
111.787008
111.984647
112.170226
112.376688
112.564717
112.768128
112.957393
113.149721
113.341339
113.539429
113.734352
113.929985
114.132433
114.316660
114.504109
114.701119
114.895104
115.092780
115.291787
115.495969
115.689643
115.887495
116.088532
116.286032
116.484663
116.684660
116.876453
117.072627
117.263955
117.458591
117.655226
117.847752
118.044712
118.236493
118.434430
118.628644
118.821844
119.012555
119.216691
119.416730
119.618644
119.808480
120.004683
120.197880
120.390474
120.590731
120.782936
120.980058
121.172669
121.366201
121.558398
121.749724
121.944687
122.136656
122.330745
122.522624
122.720666
122.926747
123.110604
123.312687
123.512680
123.720710
123.905181
124.100655
124.292663
124.500017
124.680166
124.876707
125.075816
125.268682
125.465182
125.662195
125.856693
126.052893
126.245367
126.446533
126.643069
126.848007
127.044666
127.238052
127.436644
127.632719
127.828612
128.028657
128.225886
128.423342
128.624343
128.824659
129.023243
129.215855
129.416778
129.612760
129.812901
130.006048
130.206114
130.408672
130.632732
130.814352
131.019397
131.215489
131.415064
131.616658
131.810715
132.011968
132.208589
132.407747
132.601161
132.804097
133.011055
133.214983
133.420832
133.630937
133.836655
134.052637
134.256671
134.460617
134.659016
134.871001
135.088294
135.296671
135.505990
135.712688
135.924140
136.133150
136.347564
136.554199
136.770008
136.984900
137.190773
137.414535
137.631989
137.843974
138.060552
138.272650
138.485202
138.700659
138.916709
139.130385
139.348701
139.615968
139.817294
140.052044
140.268625
140.496667
140.711165
140.936680
141.156674
141.405818
141.611845
141.828629
142.042245
142.276070
142.489561
142.712639
142.932334
143.160676
143.384135
143.621829
143.846323
144.100745
144.325523
144.568734
144.795026
145.029854
145.270103
145.500468
145.737114
145.972057
146.200683
146.440675
146.661680
146.917885
147.164702
147.428869
147.667876
147.900646
148.140056
148.369808
148.604717
148.825353
149.049664
149.263701
149.478282
149.695980
149.899487
150.141042
150.343220
150.561524
150.776654
151.012842
151.223227
151.444674
151.659397
151.880576
152.091903
152.342441
152.552651
152.784340
153.015302
153.235475
153.470662
153.696823
153.920321
154.144681
154.373246
154.606377
154.829116
155.091347
155.328697
155.568668
155.806990
156.036641
156.268681
156.492697
156.718002
156.933064
157.152676
157.372900
157.592694
157.818464
158.029794
158.247936
158.469353
158.684655
158.898921
159.108684
159.316680
159.527829
159.752684
159.956041
160.184340
160.417317
160.643994
160.856670
161.075868
161.302826
161.500767
161.708430
161.920678
162.124653
162.332869
162.548626
162.752669
162.954100
163.166522
163.387991
163.592660
163.804160
164.018297
164.237706
164.439996
164.648543
164.868669
165.084668
165.288683
165.512697
165.722355
165.964376
166.165804
166.369915
166.576097
166.789285
167.004681
167.220679
167.428726
167.642186
167.848442
168.057875
168.263445
168.484690
168.736346
168.944691
169.160652
169.372671
169.579298
169.792282
170.004670
170.210814
170.428671
170.642585
170.857733
171.083989
171.296777
171.520907
171.736661
171.957049
172.175976
172.384516
172.604605
172.821134
173.042042
173.250664
173.468967
173.715527
173.926867
174.145981
174.361976
174.592725
174.803986
175.016124
175.264172
175.470881
175.685345
175.898198
176.107549
176.324046
176.528870
176.740682
176.948938
177.172653
177.376897
177.588676
177.803674
178.016653
178.244693
178.452689
178.672488
178.888663
179.101983
179.306352
179.510012
179.715341
179.930365
180.147985
180.387658
180.586766
180.806781
181.020113
181.229830
181.444000
181.648654
181.862542
182.065397
182.279984
182.482995
182.720512
182.924712
183.127756
183.338973
183.544941
183.751702
183.960209
184.164691
184.379981
184.580657
184.780676
184.981814
185.207739
185.403283
185.612709
185.820724
186.023732
186.226779
186.433574
186.636662
186.837381
187.044672
187.247244
