0.9998 0.0027 -0.0054 -0.7072 -0.0027 -0.0022 -1.0000 0.0061 0.0215 -1.0000 0.0021 -17.0935
0.9943 -0.0145 0.0031 -1.0712 -0.0131 -0.9929 0.1179 0.0060 0.1059 0.1166 0.9931 -18.8465
0.9991 0.0141 -0.0579 -1.2370 -0.0326 -0.4556 -0.8896 0.0059 0.0268 -0.8900 0.4548 -19.4822
0.9996 0.0186 -0.0539 -1.3971 -0.0282 -0.2961 -0.9547 0.0059 0.0001 -0.9547 0.2961 -20.1447
0.9956 -0.0151 0.0401 -1.9612 -0.0207 0.2403 0.9705 0.0060 0.0912 0.9709 -0.2385 -22.1224
0.9989 -0.0520 0.0545 -2.1963 -0.0368 -0.6717 0.7399 0.0059 0.0280 0.7392 0.6725 -22.8319
0.9989 -0.0387 0.0158 -2.4410 -0.0318 -0.9682 0.2482 0.0059 0.0339 0.2471 0.9685 -23.5653
0.9974 0.0056 -0.0424 -2.7091 -0.0264 -0.5943 -0.8038 0.0059 0.0668 -0.8048 0.5929 -24.3036
0.9992 0.0332 -0.0644 -2.9924 -0.0322 0.0289 -0.9991 0.0059 0.0238 -0.9990 -0.0297 -25.0685
0.9990 0.0355 -0.0425 -3.2877 -0.0256 0.5560 -0.8308 0.0059 0.0378 -0.8302 -0.5568 -25.8482
0.9971 0.0148 0.0106 -3.6072 -0.0208 0.9671 0.2536 0.0060 0.0733 0.2551 -0.9667 -26.6274
0.9924 -0.0434 0.0435 -3.9715 -0.0308 -0.7053 0.7082 0.0059 0.1194 0.7056 0.7079 -27.4199
0.9979 0.0174 -0.0602 -4.7814 -0.0327 -0.3892 -0.9206 0.0059 0.0558 -0.9213 0.3875 -29.1025
0.9960 0.0168 -0.0141 -5.2124 -0.0121 0.8107 -0.5854 0.0060 0.0885 -0.5845 -0.8113 -29.9320
0.9978 -0.0170 0.0076 -6.1587 -0.0138 -0.9616 0.2740 0.0060 0.0644 0.2731 0.9619 -31.5473
0.9986 0.0011 0.0028 -7.1389 0.0028 -0.8734 -0.4869 0.0061 0.0523 -0.4868 0.8735 -33.1701
0.9907 -0.0019 0.0173 -8.1996 -0.0110 0.6183 0.7859 0.0060 0.1353 0.7868 -0.6171 -34.7244
0.9973 -0.0278 0.0059 -9.4043 -0.0250 -0.9927 0.1177 0.0059 0.0687 0.1160 0.9929 -36.3353
0.9872 0.0069 0.0347 -10.7371 -0.0302 0.8157 0.5777 0.0059 0.1564 0.5816 -0.8129 -37.9252
0.9982 -0.0430 0.0409 -12.2403 -0.0305 -0.7416 0.6702 0.0059 0.0508 0.6690 0.7426 -39.5677
0.9942 0.0003 -0.0008 -13.7712 -0.0004 -0.2501 -0.9682 0.0061 0.1072 -0.9682 0.2500 -41.1489
0.9993 0.0078 -0.0071 -15.3660 -0.0055 0.7665 -0.6422 0.0061 0.0359 -0.6420 -0.7667 -42.7056
0.9949 0.0065 -0.0173 -16.9678 0.0089 0.2476 0.9688 0.0061 0.1005 0.9686 -0.2485 -44.1861
0.9955 0.0392 -0.0443 -18.7202 -0.0280 0.6097 -0.7921 0.0059 0.0904 -0.7906 -0.6117 -45.5955
0.9920 0.0004 -0.0007 -20.5723 0.0004 0.0305 0.9995 0.0061 0.1261 0.9995 -0.0305 -46.9678
0.9743 0.0137 -0.0463 -22.4597 0.0255 0.3921 0.9196 0.0062 0.2237 0.9173 -0.3974 -48.1237
0.9849 0.0434 -0.0643 -24.3553 0.0343 -0.3254 0.9450 0.0063 0.1697 0.9468 0.3199 -48.9761
0.9945 0.0363 -0.0005 -26.1859 0.0362 -0.9993 0.0075 0.0063 0.0984 0.0111 0.9993 -49.7184
0.9981 -0.0099 0.0120 -27.9967 0.0072 0.5486 -0.8361 0.0061 0.0611 -0.8363 -0.5482 -50.3590
0.9986 -0.0140 0.0069 -29.8236 0.0111 0.9503 -0.3111 0.0062 0.0525 -0.3116 -0.9501 -50.9815
0.9991 -0.0062 0.0100 -31.6542 -0.0052 -0.2351 0.9720 0.0061 0.0419 0.9719 0.2353 -51.5273
0.9960 0.0012 0.0087 -33.5156 0.0071 -0.7891 -0.6142 0.0061 0.0892 -0.6137 0.7895 -52.0247
0.9978 -0.0023 0.0105 -35.3844 -0.0060 0.4898 0.8718 0.0061 0.0665 0.8720 -0.4894 -52.3961
0.9949 -0.0068 -0.0012 -37.3046 -0.0074 -0.9969 -0.0779 0.0060 0.1005 -0.0786 0.9969 -52.7119
0.9995 0.0055 -0.0231 -39.2957 -0.0130 -0.4655 -0.8849 0.0060 0.0287 -0.8851 0.4652 -52.9859
0.9990 -0.0029 0.0055 -41.2625 0.0027 0.0515 -0.9987 0.0061 0.0440 -0.9987 -0.0514 -53.2416
0.9990 0.0111 -0.0089 -43.2681 -0.0080 0.8312 -0.5559 0.0060 0.0444 -0.5556 -0.8314 -53.4694
0.9989 -0.0207 0.0374 -45.3193 -0.0188 -0.1090 0.9939 0.0060 0.0439 0.9938 0.1098 -53.6234
0.9988 0.0062 -0.0059 -47.3991 0.0044 -0.7345 0.6786 0.0061 0.0494 0.6787 0.7344 -53.7541
0.9995 0.0256 -0.0144 -48.4000 0.0198 -0.9315 0.3632 0.0062 0.0255 0.3637 0.9313 -53.8046
0.9997 0.0280 -0.0125 -50.3177 0.0226 -0.9609 0.2758 0.0062 0.0095 0.2760 0.9609 -53.8997
0.9995 -0.0084 -0.0297 -52.2972 -0.0276 -0.8429 -0.5374 0.0059 0.0172 -0.5378 0.8426 -53.9695
0.9969 0.0393 -0.1238 -54.5184 -0.0660 -0.3432 -0.9369 0.0057 0.0438 -0.9379 0.3405 -54.0304
0.9968 0.0909 -0.1537 -57.0024 -0.0781 0.1799 -0.9806 0.0056 0.0146 -0.9804 -0.1810 -54.0690
0.9967 0.0968 -0.1590 -59.7458 -0.0814 0.2113 -0.9740 0.0056 0.0072 -0.9739 -0.2118 -54.1056
0.9966 0.0976 -0.1599 -62.7456 -0.0819 0.2141 -0.9734 0.0056 0.0030 -0.9733 -0.2144 -54.1433
0.9967 0.0973 -0.1594 -65.9997 -0.0816 0.2147 -0.9733 0.0056 0.0011 -0.9733 -0.2148 -54.1839
0.9988 0.0573 -0.0938 -69.4530 -0.0480 0.2154 -0.9754 0.0058 0.0004 -0.9753 -0.2154 -54.2268
1.0000 -0.0026 0.0043 -72.8516 0.0022 0.2156 -0.9765 0.0061 0.0001 -0.9765 -0.2156 -54.2691
0.9996 0.0322 -0.0527 -76.2894 -0.0270 0.2156 -0.9761 0.0059 0.0000 -0.9761 -0.2156 -54.3118
0.9987 0.0611 -0.1000 -79.9136 -0.0512 0.2155 -0.9752 0.0058 -0.0000 -0.9752 -0.2155 -54.3568
1.0000 -0.0025 0.0041 -83.5847 0.0021 0.2158 -0.9764 0.0061 -0.0001 -0.9764 -0.2158 -54.4024
0.9987 -0.0603 0.0988 -87.0597 0.0506 0.2154 -0.9752 0.0064 -0.0001 -0.9752 -0.2154 -54.4456
0.9987 -0.0598 0.0980 -90.3161 0.0502 0.2152 -0.9753 0.0064 -0.0001 -0.9753 -0.2152 -54.4860
1.0000 0.0050 -0.0082 -93.5769 -0.0042 0.2155 -0.9765 0.0061 -0.0001 -0.9765 -0.2155 -54.5266
0.9998 -0.0235 0.0385 -96.8437 0.0197 0.2154 -0.9763 0.0062 -0.0001 -0.9763 -0.2154 -54.5672
0.9986 -0.0624 0.1023 -99.9231 0.0524 0.2150 -0.9752 0.0064 -0.0001 -0.9752 -0.2150 -54.6054
0.9973 -0.0885 0.0875 -102.7789 0.0626 0.7138 -0.6976 0.0065 0.0389 -0.6993 -0.7121 -54.6287
0.9984 -0.0256 0.0987 -106.7487 0.0548 -0.4334 -0.8996 0.0064 0.0131 -0.8992 0.4340 -54.6097
0.9985 -0.0260 0.0987 -107.9831 0.0546 -0.4264 -0.9029 0.0064 0.0092 -0.9027 0.4269 -54.6000
1.0000 -0.0045 0.0168 -110.4237 0.0093 -0.4246 -0.9054 0.0061 0.0037 -0.9053 0.4246 -54.5795
0.9999 0.0052 -0.0197 -112.9713 -0.0109 -0.4228 -0.9062 0.0060 0.0013 -0.9062 0.4228 -54.5578
1.0000 -0.0038 0.0141 -115.4739 0.0078 -0.4218 -0.9067 0.0061 0.0004 -0.9067 0.4218 -54.5365
0.9995 0.0154 -0.0582 -118.0489 -0.0322 -0.4255 -0.9044 0.0059 0.0001 -0.9044 0.4255 -54.5144
0.9996 0.0141 -0.0532 -120.7878 -0.0294 -0.4255 -0.9045 0.0059 0.0000 -0.9045 0.4255 -54.4911
1.0000 -0.0011 0.0040 -123.4852 0.0022 -0.4257 -0.9049 0.0061 -0.0000 -0.9049 0.4257 -54.4680
0.9995 0.0155 -0.0586 -126.2512 -0.0324 -0.4254 -0.9044 0.0059 -0.0001 -0.9044 0.4254 -54.4444
0.9982 0.0290 -0.1096 -129.2262 -0.0606 -0.4247 -0.9033 0.0057 -0.0001 -0.9033 0.4247 -54.4189
0.9992 0.0195 -0.0734 -132.3907 -0.0406 -0.4250 -0.9043 0.0059 -0.0001 -0.9043 0.4250 -54.3919
1.0000 0.0029 -0.0111 -133.9556 -0.0061 -0.4253 -0.9050 0.0061 -0.0001 -0.9050 0.4253 -54.3785
0.9992 -0.0189 0.0715 -136.9433 0.0395 -0.4251 -0.9043 0.0063 -0.0001 -0.9043 0.4251 -54.3530
0.9994 -0.0164 0.0619 -138.3826 0.0342 -0.4253 -0.9044 0.0063 -0.0001 -0.9044 0.4253 -54.3407
0.9998 0.0086 -0.0324 -141.3243 -0.0179 -0.4254 -0.9048 0.0060 -0.0001 -0.9048 0.4254 -54.3155
0.9992 0.0189 -0.0713 -142.8658 -0.0394 -0.4250 -0.9043 0.0059 -0.0001 -0.9043 0.4250 -54.3024
0.9995 0.0152 -0.0574 -146.0701 -0.0317 -0.4250 -0.9046 0.0059 -0.0001 -0.9046 0.4250 -54.2750
1.0000 0.0003 -0.0011 -147.6526 -0.0006 -0.4253 -0.9050 0.0061 -0.0001 -0.9050 0.4253 -54.2614
0.9997 -0.0125 0.0471 -149.1886 0.0260 -0.4252 -0.9047 0.0062 -0.0001 -0.9047 0.4252 -54.2483
0.9990 -0.0212 0.0802 -150.6710 0.0443 -0.4250 -0.9041 0.0063 -0.0001 -0.9041 0.4250 -54.2356
0.9985 -0.0265 0.1002 -152.0978 0.0554 -0.4249 -0.9036 0.0064 -0.0001 -0.9036 0.4249 -54.2234
0.9990 -0.0212 0.0802 -154.8173 0.0443 -0.4253 -0.9040 0.0063 -0.0001 -0.9040 0.4252 -54.2002
0.9998 -0.0090 0.0340 -156.1720 0.0188 -0.4256 -0.9047 0.0062 -0.0001 -0.9047 0.4256 -54.1886
0.9996 -0.0131 0.0495 -158.8444 0.0273 -0.4255 -0.9045 0.0063 -0.0001 -0.9045 0.4255 -54.1658
0.9988 -0.0230 0.0871 -161.3517 0.0481 -0.4253 -0.9038 0.0064 -0.0001 -0.9038 0.4253 -54.1444
0.9985 -0.0264 0.0998 -164.7608 0.0551 -0.4251 -0.9034 0.0064 -0.0001 -0.9034 0.4251 -54.1152
0.9986 -0.0253 0.0955 -166.8181 0.0528 -0.4253 -0.9035 0.0064 -0.0001 -0.9035 0.4253 -54.0977
0.9989 -0.0370 0.0712 -168.7381 0.0356 0.0396 -0.9986 0.0063 0.0310 -0.9986 -0.0385 -54.0712
1.0000 -0.0094 0.0128 -170.6651 0.0070 0.4261 -0.9047 0.0061 0.0062 -0.9047 -0.4261 -54.0260
0.9997 -0.0327 0.0439 -172.5341 0.0244 0.4409 -0.8972 0.0062 0.0027 -0.8972 -0.4409 -53.9814
0.9995 -0.0358 0.0193 -174.2899 0.0279 0.9381 -0.3452 0.0063 0.0116 -0.3455 -0.9380 -53.9165
0.9991 -0.0258 -0.0089 -175.9538 0.0306 0.9888 0.1458 0.0063 0.0305 0.1449 -0.9890 -53.8439
0.9997 0.0059 -0.0082 -177.5694 0.0045 -0.4024 0.9155 0.0061 0.0245 0.9155 0.4023 -53.7145
0.9974 -0.0011 -0.0059 -179.2182 -0.0050 -0.8085 -0.5884 0.0061 0.0725 -0.5887 0.8083 -53.5408
0.9998 0.0126 -0.0283 -180.9325 -0.0142 -0.1074 -0.9941 0.0060 0.0129 -0.9941 0.1072 -53.3255
0.9999 -0.0063 0.0070 -182.6269 0.0045 0.6196 -0.7849 0.0061 0.0150 -0.7850 -0.6195 -53.0921
0.9993 -0.0267 0.0161 -184.2531 0.0203 0.9177 -0.3968 0.0062 0.0313 -0.3974 -0.9174 -52.8567
0.9997 0.0003 -0.0008 -185.8322 0.0004 0.1555 0.9878 0.0061 0.0243 0.9878 -0.1555 -52.5695
0.9976 0.0063 0.0001 -187.4220 0.0064 -0.9999 -0.0088 0.0061 0.0689 -0.0084 0.9999 -52.2401
0.9998 -0.0006 0.0216 -188.9580 0.0149 -0.6859 -0.7275 0.0062 0.0112 -0.7274 0.6860 -51.8909
0.9978 -0.0292 0.0298 -190.4094 0.0207 0.6917 -0.7219 0.0062 0.0622 -0.7228 -0.6908 -51.5251
0.9920 0.0122 0.0089 -191.7659 0.0174 -0.9666 -0.2559 0.0062 0.1254 -0.2538 0.9671 -51.0678
0.9760 0.0217 -0.0227 -193.6691 0.0155 -0.6713 0.7410 0.0062 0.2171 0.7433 0.6688 -50.0479
0.9927 -0.0165 0.0452 -194.7163 0.0235 -0.2640 -0.9642 0.0062 0.1180 -0.9635 0.2667 -49.1815
0.9997 -0.0239 0.0152 -195.7214 0.0180 0.9061 -0.4226 0.0062 0.0186 -0.4229 -0.9060 -48.3373
0.9998 -0.0117 -0.0060 -196.6832 0.0150 0.9798 0.1993 0.0062 0.0095 0.1992 -0.9798 -47.5141
0.9997 -0.0040 -0.0157 -198.0628 0.0142 0.8333 0.5527 0.0062 0.0221 0.5524 -0.8334 -46.3285
0.9997 0.0068 -0.0246 -198.9336 0.0135 0.4092 0.9123 0.0062 0.0210 0.9122 -0.4095 -45.5587
0.9997 0.0145 -0.0257 -199.7679 0.0130 -0.1278 0.9917 0.0062 0.0198 0.9918 0.1275 -44.8061
0.9997 0.0176 -0.0198 -200.5674 0.0125 -0.6135 0.7896 0.0062 0.0188 0.7897 0.6133 -44.0709
0.9998 0.0158 -0.0093 -201.3336 0.0121 -0.9232 0.3840 0.0062 0.0180 0.3842 0.9232 -43.3529
0.9998 0.0084 0.0020 -202.0689 0.0095 -0.9941 -0.1078 0.0061 0.0180 -0.1076 0.9941 -42.6511
0.9999 0.0130 -0.0191 -203.5571 -0.0102 0.3463 -0.9381 0.0060 0.0001 -0.9381 -0.3463 -41.1342
0.9991 0.0023 0.0000 -204.2999 -0.0023 1.0000 0.0013 0.0061 0.0426 0.0014 -1.0000 -40.3423
0.9955 -0.0069 -0.0093 -205.0135 -0.0126 -0.9280 -0.3723 0.0060 0.0935 -0.3733 0.9276 -39.4557
0.9992 -0.0204 0.0477 -205.6850 -0.0241 0.1421 0.9896 0.0059 0.0307 0.9897 -0.1413 -38.4615
0.9986 -0.0219 0.0035 -206.3995 -0.0203 -0.9959 0.0876 0.0060 0.0479 0.0867 0.9960 -37.3971
0.9994 0.0046 -0.0389 -207.1464 -0.0245 -0.6067 -0.7945 0.0059 0.0243 -0.7949 0.6062 -36.2451
0.9997 0.0066 -0.0127 -207.8986 -0.0063 0.0328 -0.9994 0.0061 0.0249 -0.9994 -0.0330 -35.0623
1.0000 -0.0092 0.0139 -208.6293 0.0073 0.3133 -0.9496 0.0061 0.0015 -0.9496 -0.3133 -33.8984
0.9999 -0.0214 0.0186 -209.3132 0.0153 0.7946 -0.6069 0.0062 0.0059 -0.6070 -0.7945 -32.7808
0.9986 -0.0034 -0.0272 -209.9378 0.0218 0.7812 0.6240 0.0062 0.0482 0.6231 -0.7818 -31.7048
0.9996 0.0193 -0.0380 -210.5115 0.0190 -0.0136 0.9997 0.0062 0.0215 0.9997 0.0132 -30.6731
0.9997 0.0218 -0.0265 -211.0552 0.0158 -0.5439 0.8390 0.0062 0.0197 0.8392 0.5437 -29.6780
0.9997 0.0185 -0.0122 -211.5704 0.0138 -0.8962 0.4434 0.0062 0.0189 0.4436 0.8961 -28.7132
0.9998 0.0119 0.0015 -212.0592 0.0127 -0.9981 -0.0596 0.0062 0.0181 -0.0593 0.9982 -27.7766
0.9998 0.0038 0.0128 -212.5234 0.0120 -0.8460 -0.5331 0.0062 0.0173 -0.5329 0.8461 -26.8673
0.9977 0.0144 -0.0065 -212.9488 -0.0117 0.9599 -0.2800 0.0060 0.0671 -0.2793 -0.9601 -25.9094
0.9984 -0.0614 0.0216 -213.3696 -0.0518 -0.9768 0.2078 0.0058 0.0208 0.2068 0.9770 -24.7616
0.9986 0.0158 -0.0396 -213.8256 -0.0202 -0.1968 -0.9802 0.0060 0.0479 -0.9804 0.1958 -23.5049
0.9996 -0.0007 0.0285 -214.2184 -0.0196 0.6890 0.7245 0.0060 0.0220 0.7248 -0.6887 -22.2130
0.9995 -0.0133 0.0332 -214.6320 -0.0169 0.1979 0.9801 0.0060 0.0263 0.9802 -0.1975 -20.8622
0.9989 -0.0442 0.0010 -215.0286 -0.0436 -0.9990 0.0119 0.0058 0.0196 0.0111 0.9990 -19.3794
0.9977 0.0102 -0.0179 -215.6267 -0.0090 0.1423 -0.9898 0.0060 0.0668 -0.9897 -0.1429 -17.0163
0.9971 -0.0053 0.0238 -216.1387 -0.0137 0.4856 0.8741 0.0060 0.0744 0.8746 -0.4847 -14.5503
0.9966 -0.0056 -0.0167 -216.5653 -0.0163 -0.8584 -0.5127 0.0060 0.0805 -0.5139 0.8577 -11.9234
0.9996 0.0163 -0.0172 -216.9081 -0.0115 0.6682 -0.7439 0.0060 0.0238 -0.7437 -0.6684 -9.1423
0.9991 -0.0042 -0.0162 -217.1780 0.0148 0.8358 0.5489 0.0062 0.0406 0.5484 -0.8361 -6.4076
0.9998 0.0208 -0.0128 -217.3699 0.0157 -0.9132 0.4071 0.0062 0.0094 0.4073 0.9132 -3.0239
0.9985 -0.0731 0.0446 -217.5157 -0.0554 -0.9143 0.4013 0.0058 0.0021 0.4011 0.9143 -0.3303
0.9987 -0.0674 0.0411 -217.6912 -0.0511 -0.9146 0.4011 0.0058 0.0004 0.4011 0.9146 2.9203
0.9998 -0.0270 0.0165 -217.8707 -0.0205 -0.9156 0.4015 0.0060 0.0000 0.4015 0.9156 6.2461
0.9984 -0.0739 0.0450 -218.0002 -0.0561 -0.9144 0.4008 0.0058 -0.0000 0.4008 0.9144 8.6443
0.9990 -0.0585 0.0357 -218.2166 -0.0444 -0.9151 0.4009 0.0058 -0.0001 0.4009 0.9151 12.6535
0.9999 -0.0211 0.0129 -218.4348 -0.0161 -0.9158 0.4012 0.0060 -0.0001 0.4012 0.9158 16.6949
0.9992 0.0035 0.0015 -218.6479 0.0043 -0.9846 -0.1750 0.0061 0.0395 -0.1748 0.9846 20.8759
0.9995 0.0011 0.0383 -218.7483 0.0279 -0.7268 -0.6863 0.0063 0.0169 -0.6859 0.7271 23.5587
0.9988 -0.0005 0.0692 -218.8340 0.0486 -0.7010 -0.7115 0.0064 0.0090 -0.7112 0.7013 26.0748
0.9985 -0.0012 0.0790 -218.9109 0.0550 -0.6948 -0.7171 0.0064 0.0036 -0.7170 0.6949 28.4022
0.9993 -0.0009 0.0543 -218.9825 0.0377 -0.6947 -0.7183 0.0063 0.0012 -0.7182 0.6948 30.5788
0.9989 0.0006 -0.0656 -219.0952 -0.0460 -0.7002 -0.7125 0.0058 0.0002 -0.7125 0.7002 34.0101
0.9976 0.0009 -0.0997 -219.1802 -0.0699 -0.6991 -0.7116 0.0057 0.0000 -0.7116 0.6991 36.5956
0.9968 0.0010 -0.1138 -219.3234 -0.0798 -0.6984 -0.7113 0.0056 -0.0000 -0.7113 0.6984 40.9514
0.9967 0.0011 -0.1155 -219.4293 -0.0809 -0.6982 -0.7114 0.0056 -0.0000 -0.7114 0.6982 44.1730
0.9967 0.0011 -0.1155 -219.5434 -0.0809 -0.6980 -0.7115 0.0056 -0.0001 -0.7115 0.6980 47.6465
0.9989 0.0006 -0.0674 -219.6640 -0.0472 -0.6994 -0.7131 0.0058 -0.0001 -0.7131 0.6994 51.3172
0.9997 -0.0003 0.0352 -219.7816 0.0247 -0.7001 -0.7137 0.0062 -0.0001 -0.7137 0.7001 54.8954
0.9989 -0.0006 0.0671 -219.8376 0.0470 -0.6996 -0.7130 0.0064 -0.0001 -0.7130 0.6996 56.5991
0.9977 -0.0009 0.0974 -219.9434 0.0682 -0.6989 -0.7120 0.0065 -0.0001 -0.7120 0.6989 59.8190
0.9974 -0.0009 0.1036 -220.0412 0.0726 -0.6988 -0.7116 0.0065 -0.0001 -0.7116 0.6988 62.7938
0.9975 -0.0009 0.1008 -220.1313 0.0706 -0.6990 -0.7116 0.0065 -0.0001 -0.7116 0.6990 65.5379
0.9983 -0.0653 0.1062 -220.1835 0.0545 0.2240 -0.9731 0.0064 0.0207 -0.9733 -0.2229 68.0908
0.9986 -0.0664 0.0976 -220.2199 0.0519 0.3383 -0.9396 0.0064 0.0102 -0.9398 -0.3378 70.4992
0.9987 0.0157 -0.0269 -220.1588 0.0136 -0.1624 0.9866 0.0062 0.0496 0.9867 0.1617 73.8881
0.9984 0.0023 -0.0019 -220.0582 0.0017 -0.8159 0.5782 0.0061 0.0572 0.5782 0.8159 76.1560
0.9998 -0.0082 0.0018 -219.9228 -0.0073 -0.9927 0.1203 0.0060 0.0199 0.1202 0.9927 78.4753
0.9953 -0.0114 0.0166 -219.7335 0.0089 0.3515 -0.9361 0.0061 0.0964 -0.9364 -0.3507 80.7432
0.9994 0.0042 -0.0004 -219.4777 -0.0040 0.9986 -0.0521 0.0061 0.0336 -0.0519 -0.9986 83.0297
0.9993 -0.0038 0.0266 -219.1774 -0.0163 0.5813 0.8135 0.0060 0.0337 0.8138 -0.5809 85.3416
0.9988 0.0070 -0.0135 -218.8511 0.0067 -0.0325 0.9994 0.0061 0.0495 0.9995 0.0322 87.6667
0.9996 0.0318 -0.0394 -218.5085 0.0231 -0.5224 0.8524 0.0062 0.0171 0.8526 0.5220 89.9045
0.9997 0.0331 -0.0400 -218.1774 0.0239 -0.5468 0.8370 0.0062 0.0078 0.8371 0.5466 92.0324
1.0000 0.0022 -0.0026 -217.8427 0.0016 -0.5483 0.8363 0.0061 0.0030 0.8363 0.5483 94.1737
0.9998 -0.0281 0.0341 -217.5019 -0.0203 -0.5431 0.8394 0.0060 0.0010 0.8394 0.5431 96.3522
0.9997 -0.0355 0.0429 -217.1391 -0.0257 -0.5472 0.8366 0.0059 0.0003 0.8366 0.5472 98.6715
0.9993 0.0220 -0.0146 -216.7738 0.0165 -0.8957 0.4443 0.0062 0.0348 0.4448 0.8955 100.9347
0.9986 0.0105 0.0360 -216.2119 0.0337 -0.8455 -0.5329 0.0063 0.0404 -0.5317 0.8462 104.1177
0.9990 -0.0087 0.0042 -215.7703 0.0069 0.9530 -0.3030 0.0061 0.0431 -0.3033 -0.9529 106.1355
0.9995 0.0001 -0.0053 -215.2820 0.0037 0.6930 0.7209 0.0061 0.0320 0.7209 -0.6931 108.1650
0.9987 0.0185 -0.0441 -214.7880 0.0224 0.1604 0.9868 0.0062 0.0448 0.9866 -0.1614 110.1263
0.9987 0.0382 -0.0394 -214.2853 0.0270 -0.6845 0.7285 0.0062 0.0430 0.7293 0.6836 111.9905
0.9989 -0.0193 0.0544 -213.7444 0.0283 -0.2801 -0.9595 0.0063 0.0366 -0.9593 0.2811 113.7341
0.9965 -0.0190 -0.0012 -213.1769 0.0197 0.9993 0.0317 0.0062 0.0814 0.0301 -0.9994 115.3914
0.9989 -0.0020 0.0051 -212.5531 -0.0026 0.1890 0.9820 0.0061 0.0478 0.9820 -0.1889 117.0583
0.9991 -0.0116 -0.0106 -211.8514 -0.0178 -0.9540 -0.2992 0.0060 0.0374 -0.2998 0.9538 118.7409
0.9997 0.0063 -0.0174 -211.0997 -0.0090 -0.2657 -0.9640 0.0060 0.0244 -0.9641 0.2654 120.4622
0.9997 -0.0243 0.0285 -209.9824 0.0174 0.5756 -0.8175 0.0062 0.0168 -0.8177 -0.5754 122.9392
0.9972 0.0001 -0.0218 -209.2261 0.0154 0.7033 0.7107 0.0062 0.0734 0.7099 -0.7041 124.4870
0.9990 -0.0059 0.0074 -208.4149 -0.0043 -0.5167 0.8561 0.0061 0.0438 0.8560 0.5169 126.0409
0.9992 0.0059 -0.0314 -207.5256 -0.0186 -0.5308 -0.8473 0.0060 0.0350 -0.8476 0.5302 127.6029
0.9997 0.0126 -0.0173 -206.5824 -0.0095 0.4127 -0.9108 0.0060 0.0230 -0.9107 -0.4129 129.1986
0.9969 -0.0026 -0.0188 -205.6225 0.0153 0.7873 0.6164 0.0062 0.0777 0.6154 -0.7880 130.7285
0.9987 0.0298 -0.0398 -204.6644 0.0222 -0.4447 0.8954 0.0062 0.0454 0.8959 0.4438 132.1650
0.9935 -0.0297 0.0385 -203.6867 0.0220 0.4765 -0.8789 0.0062 0.1115 -0.8801 -0.4744 133.4761
0.9988 0.0001 0.0015 -202.6484 -0.0011 0.7508 0.6605 0.0061 0.0490 0.6606 -0.7508 134.7654
0.9923 0.0032 -0.0318 -201.5137 -0.0205 -0.6265 -0.7791 0.0060 0.1222 -0.7807 0.6246 136.0333
0.9993 0.0412 -0.0423 -200.2356 -0.0292 0.6874 -0.7257 0.0059 0.0250 -0.7252 -0.6880 137.3711
0.9966 -0.0015 0.0079 -198.9293 -0.0047 0.5376 0.8432 0.0061 0.0823 0.8434 -0.5372 138.6776
0.9998 -0.0127 0.0184 -197.5643 -0.0098 -0.3619 0.9322 0.0060 0.0197 0.9321 0.3621 139.9813
0.9967 0.0010 0.0046 -196.1878 0.0040 -0.8229 -0.5682 0.0061 0.0812 -0.5679 0.8231 141.2325
0.9987 0.0109 -0.0145 -194.7492 -0.0081 0.4431 -0.8965 0.0060 0.0506 -0.8963 -0.4434 142.4671
0.9900 -0.0313 0.0260 -193.2105 -0.0225 -0.8141 0.5803 0.0060 0.1392 0.5778 0.8159 143.6485
0.9969 0.0297 -0.0613 -191.4964 -0.0307 -0.0324 -0.9990 0.0059 0.0724 -0.9991 0.0301 144.8467
0.9979 -0.0002 0.0393 -189.6859 -0.0277 0.7047 0.7090 0.0059 0.0588 0.7101 -0.7035 146.0074
0.9939 -0.0157 0.0035 -187.7937 -0.0141 -0.9921 0.1244 0.0060 0.1095 0.1228 0.9923 147.1354
0.9944 -0.0050 0.0600 -185.7349 -0.0392 0.6412 0.7664 0.0059 0.0978 0.7688 -0.6383 148.1739
0.9912 -0.0023 -0.0015 -183.5793 -0.0032 -0.9710 -0.2392 0.0061 0.1325 -0.2396 0.9709 149.1521
0.9938 -0.0053 0.0146 -181.3906 -0.0076 0.2687 0.9632 0.0060 0.1106 0.9634 -0.2679 149.9602
0.9905 0.0018 0.0148 -179.1677 0.0119 -0.7813 -0.6240 0.0062 0.1372 -0.6228 0.7823 150.6726
0.9938 -0.0022 0.0040 -176.9384 -0.0020 -0.1116 0.9938 0.0061 0.1110 0.9937 0.1118 151.2102
0.9907 -0.0045 0.0226 -174.6872 0.0133 -0.5219 -0.8529 0.0062 0.1351 -0.8519 0.5235 151.6516
0.9984 -0.0350 0.0390 -172.5066 0.0250 0.6232 -0.7817 0.0062 0.0508 -0.7825 -0.6222 152.0040
0.9985 -0.0381 -0.0042 -170.4524 0.0403 0.9978 0.0525 0.0063 0.0371 0.0510 -0.9979 152.2958
0.9979 0.0446 -0.0936 -167.6525 0.0469 0.0467 0.9978 0.0064 0.0448 0.9977 -0.0488 152.6300
0.9982 0.0648 -0.0644 -165.9675 0.0458 -0.7103 0.7024 0.0064 0.0384 0.7037 0.7091 152.7973
0.9987 0.0045 0.0537 -163.0001 0.0413 -0.7587 -0.6501 0.0063 0.0289 -0.6492 0.7595 153.0283
0.9991 -0.0477 0.0676 -160.5209 0.0365 0.3810 -0.9238 0.0063 0.0217 -0.9241 -0.3803 153.1586
0.9996 -0.0182 0.0020 -158.4365 0.0173 0.9982 -0.0570 0.0061 0.0213 -0.0574 -0.9982 153.2224
1.0000 -0.0099 0.0163 -156.4101 -0.0083 -0.2080 0.9781 0.0061 0.0039 0.9781 0.2081 153.2175
0.9970 -0.0760 -0.0013 -153.7538 -0.0767 -0.9970 -0.0081 0.0056 0.0054 -0.0085 0.9970 153.1484
0.9965 -0.1177 0.1123 -152.0113 -0.0833 -0.7361 0.6717 0.0056 -0.0108 0.6724 0.7355 153.1240
0.9991 -0.0347 0.0531 -150.1506 -0.0278 -0.2948 0.9552 0.0059 -0.0330 0.9554 0.2939 153.1084
1.0000 0.0042 -0.0095 -148.3328 0.0048 0.1043 0.9945 0.0061 -0.0069 0.9945 -0.1042 153.1111
0.9998 0.0160 -0.0364 -146.6006 0.0183 0.1201 0.9926 0.0062 -0.0029 0.9926 -0.1201 153.1142
0.9997 0.0230 -0.0523 -144.9525 0.0263 0.1209 0.9923 0.0062 -0.0011 0.9923 -0.1208 153.1176
1.0000 -0.0015 0.0034 -143.3404 -0.0017 0.1209 0.9927 0.0061 -0.0004 0.9927 -0.1209 153.1210
0.9989 -0.0406 0.0925 -141.5620 -0.0466 0.1207 0.9916 0.0058 -0.0002 0.9916 -0.1207 153.1248
0.9999 -0.0134 0.0305 -139.6831 -0.0154 0.1208 0.9926 0.0060 -0.0001 0.9926 -0.1208 153.1287
0.9998 -0.0183 0.0416 -137.7978 -0.0210 0.1207 0.9925 0.0060 -0.0001 0.9925 -0.1207 153.1326
0.9981 -0.0535 0.1217 -135.7199 -0.0613 0.1204 0.9908 0.0057 -0.0001 0.9908 -0.1204 153.1370
0.9970 -0.0677 0.1541 -133.3740 -0.0776 0.1200 0.9897 0.0056 -0.0001 0.9897 -0.1200 153.1420
0.9999 -0.0126 0.0287 -129.5502 -0.0145 0.1203 0.9926 0.0060 -0.0001 0.9926 -0.1203 153.1501
0.9995 0.0280 -0.0637 -127.1343 0.0321 0.1203 0.9922 0.0063 -0.0001 0.9922 -0.1203 153.1552
0.9989 0.0414 -0.0942 -124.8957 0.0474 0.1205 0.9916 0.0064 -0.0001 0.9916 -0.1205 153.1599
0.9987 0.0441 -0.1003 -122.8266 0.0505 0.1206 0.9914 0.0064 -0.0001 0.9914 -0.1206 153.1642
0.9988 0.0432 -0.0983 -120.9187 0.0495 0.1207 0.9915 0.0064 -0.0001 0.9915 -0.1207 153.1683
0.9994 0.0290 -0.0660 -119.1404 0.0332 0.1209 0.9921 0.0063 -0.0001 0.9921 -0.1209 153.1720
0.9997 -0.0199 0.0453 -117.3063 -0.0228 0.1208 0.9924 0.0060 -0.0001 0.9924 -0.1208 153.1759
0.9994 -0.0292 0.0664 -115.2848 -0.0334 0.1207 0.9921 0.0059 -0.0001 0.9921 -0.1207 153.1801
0.9999 0.0091 -0.0207 -113.2942 0.0104 0.1208 0.9926 0.0062 -0.0001 0.9926 -0.1208 153.1844
0.9995 0.0277 -0.0631 -111.4332 0.0318 0.1208 0.9922 0.0063 -0.0001 0.9922 -0.1208 153.1883
1.0000 0.0051 -0.0116 -109.6296 0.0059 0.1209 0.9926 0.0061 -0.0001 0.9926 -0.1209 153.1921
1.0000 -0.0037 0.0085 -107.7932 -0.0043 0.1209 0.9927 0.0061 -0.0001 0.9927 -0.1209 153.1960
0.9990 -0.0388 0.0883 -105.8397 -0.0445 0.1207 0.9917 0.0058 -0.0001 0.9917 -0.1207 153.2001
0.9973 -0.0639 0.1455 -103.6271 -0.0733 0.1203 0.9900 0.0057 -0.0001 0.9900 -0.1203 153.2048
0.9967 -0.0705 0.1604 -101.1488 -0.0808 0.1200 0.9895 0.0056 -0.0001 0.9895 -0.1200 153.2101
0.9987 -0.0436 0.0993 -98.4628 -0.0500 0.1201 0.9915 0.0058 -0.0001 0.9915 -0.1201 153.2157
0.9999 0.0129 -0.0293 -95.8390 0.0147 0.1203 0.9926 0.0062 -0.0001 0.9926 -0.1203 153.2212
0.9990 0.0393 -0.0895 -93.3945 0.0451 0.1204 0.9917 0.0064 -0.0001 0.9917 -0.1204 153.2264
0.9987 0.0445 -0.1014 -92.2431 0.0511 0.1204 0.9914 0.0064 -0.0001 0.9914 -0.1204 153.2288
0.9993 0.0317 -0.0722 -90.0470 0.0364 0.1205 0.9920 0.0063 -0.0001 0.9920 -0.1205 153.2334
1.0000 0.0070 -0.0159 -88.9431 0.0080 0.1206 0.9927 0.0061 -0.0001 0.9927 -0.1206 153.2358
0.9997 -0.0202 0.0460 -87.7924 -0.0232 0.1205 0.9924 0.0060 -0.0001 0.9924 -0.1205 153.2382
0.9989 -0.0403 0.0917 -86.5827 -0.0462 0.1203 0.9917 0.0058 -0.0001 0.9917 -0.1203 153.2408
0.9981 -0.0531 0.1208 -85.3112 -0.0608 0.1201 0.9909 0.0057 -0.0001 0.9909 -0.1201 153.2435
0.9979 -0.0568 0.1293 -83.9809 -0.0651 0.1200 0.9906 0.0057 -0.0001 0.9906 -0.1200 153.2462
0.9991 -0.0373 0.0849 -82.6301 -0.0428 0.1201 0.9918 0.0058 -0.0001 0.9918 -0.1201 153.2491
0.9999 0.0149 -0.0339 -80.0128 0.0171 0.1203 0.9926 0.0062 -0.0001 0.9926 -0.1203 153.2546
0.9990 0.0399 -0.0909 -77.5746 0.0458 0.1203 0.9917 0.0064 -0.0001 0.9917 -0.1203 153.2597
0.9994 0.0305 -0.0695 -75.2934 0.0350 0.1203 0.9921 0.0063 -0.0001 0.9921 -0.1203 153.2645
1.0000 0.0076 -0.0173 -73.0069 0.0087 0.1205 0.9927 0.0061 -0.0001 0.9927 -0.1205 153.2694
0.9995 0.0263 -0.0600 -70.7997 0.0302 0.1205 0.9923 0.0063 -0.0001 0.9923 -0.1205 153.2740
0.9991 0.0379 -0.0863 -68.7454 0.0435 0.1206 0.9918 0.0063 -0.0001 0.9918 -0.1206 153.2784
0.9990 0.0392 -0.0893 -66.8469 0.0450 0.1207 0.9917 0.0064 -0.0001 0.9917 -0.1207 153.2824
1.0000 0.0058 -0.0132 -65.0077 0.0066 0.1208 0.9927 0.0061 -0.0001 0.9927 -0.1208 153.2863
0.9999 -0.0142 0.0323 -63.0558 -0.0163 0.1207 0.9926 0.0060 -0.0001 0.9926 -0.1207 153.2904
0.9999 0.0131 -0.0299 -61.1386 0.0150 0.1208 0.9926 0.0062 -0.0001 0.9926 -0.1208 153.2944
0.9996 0.0348 -0.0389 -59.3319 0.0248 -0.6193 0.7848 0.0062 0.0115 0.7850 0.6190 153.2750
0.9995 0.0443 -0.0462 -57.6194 0.0314 -0.6770 0.7353 0.0063 0.0033 0.7354 0.6769 153.2537
0.9995 0.0321 -0.0063 -56.0175 0.0291 -0.9937 0.1080 0.0063 0.0105 0.1083 0.9937 153.2123
0.9995 0.0320 -0.0028 -54.5025 0.0306 -0.9985 0.0459 0.0063 0.0023 0.0460 0.9985 153.1723
0.9998 -0.0071 0.0101 -52.3752 0.0055 0.3825 -0.9240 0.0061 0.0169 -0.9240 -0.3824 153.0505
0.9996 -0.0204 0.0185 -50.2550 0.0145 0.7706 -0.6371 0.0062 0.0251 -0.6374 -0.7704 152.9074
0.9996 -0.0067 0.0442 -48.1444 -0.0269 0.5712 0.8204 0.0059 0.0033 0.8205 -0.5711 152.6902
0.9993 -0.0287 -0.0049 -45.8055 -0.0312 -0.9964 -0.0789 0.0059 0.0218 -0.0795 0.9963 152.3807
0.9977 0.0001 -0.0002 -43.3792 -0.0001 0.2447 -0.9696 0.0062 0.0683 -0.9696 -0.2447 151.9977
1.0000 -0.0026 0.0019 -40.9210 0.0020 0.8805 -0.4741 0.0061 0.0060 -0.4741 -0.8805 151.5415
0.9997 -0.0028 0.0046 -38.5671 -0.0024 -0.1853 0.9827 0.0061 0.0241 0.9827 0.1854 151.0299
0.9977 0.0025 0.0028 -36.2146 0.0042 -0.9394 -0.3429 0.0061 0.0673 -0.3427 0.9394 150.4528
1.0000 -0.0017 0.0059 -33.8410 0.0032 -0.3914 -0.9202 0.0061 0.0060 -0.9202 0.3914 149.8026
0.9997 0.0017 0.0011 -31.5738 -0.0023 0.9694 0.2455 0.0061 0.0233 0.2456 -0.9694 149.1066
0.9932 0.0029 -0.0342 -29.2662 -0.0223 -0.6401 -0.7679 0.0060 0.1143 -0.7696 0.6382 148.2609
0.9991 0.0153 -0.0085 -26.7752 -0.0119 0.9329 -0.3599 0.0060 0.0418 -0.3594 -0.9331 147.2058
0.9992 -0.0422 0.0687 -24.2548 -0.0352 -0.2236 0.9741 0.0059 0.0176 0.9739 0.2242 146.0211
0.9987 0.0228 -0.0556 -21.5814 -0.0283 -0.1786 -0.9835 0.0059 0.0418 -0.9837 0.1774 144.6471
0.9961 -0.0045 -0.0050 -18.9089 0.0075 0.9427 0.3335 0.0061 0.0881 0.3329 -0.9429 143.1605
0.9735 0.0241 0.0121 -16.6131 0.0316 -0.9806 -0.1935 0.0063 0.2265 -0.1864 0.9820 141.4816
0.9444 -0.0479 -0.0059 -14.9964 0.0540 0.9970 0.0562 0.0064 0.3244 0.0387 -0.9979 139.5185
0.9777 -0.0329 0.0882 -14.3725 0.0461 -0.2577 -0.9651 0.0064 0.2048 -0.9627 0.2668 138.1401
0.9987 -0.0328 0.0251 -13.7992 0.0238 0.8495 -0.5270 0.0062 0.0456 -0.5279 -0.8490 136.8025
0.9974 0.0876 -0.1384 -12.4822 -0.0716 0.2563 -0.9639 0.0057 -0.0051 -0.9640 -0.2560 133.7655
0.9955 0.1230 -0.1243 -11.1937 -0.0870 0.6969 -0.7119 0.0056 0.0373 -0.7096 -0.6992 130.8160
0.9985 0.0663 -0.0296 -10.2483 -0.0536 0.9598 -0.2754 0.0058 0.0120 -0.2748 -0.9600 128.5733
0.9950 -0.0094 0.0143 -9.3686 -0.0075 -0.3017 0.9534 0.0060 0.0999 0.9532 0.3024 126.3295
0.9993 -0.0063 0.0003 -8.5469 -0.0062 -0.9996 0.0273 0.0061 0.0376 0.0270 0.9996 124.0374
0.9990 -0.0080 0.0432 -7.7938 0.0255 -0.5318 -0.8465 0.0062 0.0365 -0.8460 0.5326 121.8095
0.9994 -0.0155 0.0579 -7.0905 0.0319 -0.4200 -0.9070 0.0063 0.0159 -0.9068 0.4205 119.6835
0.9984 -0.0444 0.0824 -6.4444 0.0413 0.0760 -0.9962 0.0063 0.0390 -0.9964 -0.0744 117.6845
0.9993 -0.0482 0.0610 -5.8531 0.0353 0.5029 -0.8636 0.0063 0.0103 -0.8638 -0.5026 115.7863
0.9986 -0.0541 0.0416 -5.3103 0.0393 0.8473 -0.5297 0.0063 0.0342 -0.5308 -0.8466 114.0041
0.9999 -0.0097 0.0028 -4.8015 0.0084 0.9860 -0.1666 0.0061 0.0071 -0.1666 -0.9860 112.2720
0.9995 -0.0081 0.0084 -3.8658 -0.0058 -0.6823 0.7311 0.0061 0.0307 0.7310 0.6824 108.7809
0.9962 0.0125 -0.0435 -3.2469 -0.0237 -0.3932 -0.9192 0.0060 0.0836 -0.9199 0.3914 106.0539
0.9986 0.0326 -0.0226 -2.6751 -0.0242 0.8836 -0.4676 0.0059 0.0460 -0.4666 -0.8841 103.0436
0.9988 0.0488 -0.0049 -2.2958 -0.0465 0.9975 -0.0526 0.0058 0.0133 -0.0520 -0.9976 100.8942
0.9952 -0.0313 0.0423 -1.9545 -0.0235 -0.4318 0.9017 0.0060 0.0946 0.9007 0.4338 98.6401
0.9962 -0.0107 -0.0561 -1.6747 -0.0480 -0.8099 -0.5847 0.0058 0.0722 -0.5875 0.8078 96.2606
0.9947 0.0403 0.0461 -1.4821 -0.0676 0.9377 0.3409 0.0057 0.0775 0.3458 -0.9359 93.6458
0.9962 0.0041 0.1048 -1.3187 -0.0771 0.7311 0.6779 0.0056 0.0411 0.6802 -0.7290 90.7774
0.9966 0.0001 0.1132 -1.1597 -0.0802 0.7056 0.7040 0.0056 0.0195 0.7051 -0.7045 87.6542
0.9971 -0.0004 0.1082 -0.9926 -0.0763 0.7026 0.7075 0.0056 0.0079 0.7079 -0.7021 84.2827
1.0000 -0.0001 0.0129 -0.8232 -0.0091 0.7042 0.7100 0.0060 0.0030 0.7100 -0.7041 80.8433
0.9990 0.0003 -0.0628 -0.6629 0.0442 0.7036 0.7093 0.0063 0.0010 0.7092 -0.7036 77.5862
0.9979 0.0004 -0.0916 -0.5142 0.0645 0.7029 0.7083 0.0065 0.0003 0.7083 -0.7029 74.5636
0.9976 0.0004 -0.0974 -0.3768 0.0686 0.7029 0.7080 0.0065 0.0001 0.7080 -0.7029 71.7724
0.9979 0.0003 -0.0920 -0.1906 0.0649 0.7033 0.7080 0.0065 -0.0000 0.7080 -0.7033 67.9882
0.9992 0.0002 -0.0584 -0.0770 0.0412 0.7042 0.7088 0.0063 -0.0001 0.7088 -0.7042 65.6806
0.9998 -0.0001 0.0295 0.0397 -0.0208 0.7046 0.7093 0.0060 -0.0001 0.7093 -0.7046 63.3100
0.9983 -0.0003 0.0824 0.1669 -0.0581 0.7034 0.7084 0.0057 -0.0001 0.7084 -0.7034 60.7247
0.9973 -0.0004 0.1042 0.3063 -0.0734 0.7026 0.7078 0.0057 -0.0001 0.7078 -0.7026 57.8927
0.9969 -0.0004 0.1119 0.4581 -0.0788 0.7022 0.7076 0.0056 -0.0001 0.7076 -0.7022 54.8081
0.9989 -0.0003 0.0674 0.6197 -0.0475 0.7034 0.7092 0.0058 -0.0001 0.7092 -0.7034 51.5238
0.9998 0.0001 -0.0302 0.7773 0.0213 0.7042 0.7097 0.0062 -0.0001 0.7097 -0.7042 48.3209
0.9985 0.0003 -0.0779 0.9244 0.0549 0.7034 0.7087 0.0064 -0.0001 0.7087 -0.7034 45.3307
0.9979 0.0003 -0.0921 1.0605 0.0649 0.7031 0.7081 0.0065 -0.0001 0.7081 -0.7031 42.5661
0.9986 0.0002 -0.0747 1.1871 0.0527 0.7038 0.7085 0.0064 -0.0001 0.7085 -0.7038 39.9926
0.9987 0.0002 -0.0734 1.3066 0.0517 0.7039 0.7084 0.0064 -0.0001 0.7084 -0.7039 37.5650
0.9993 0.0002 -0.0516 1.4188 0.0364 0.7044 0.7089 0.0063 -0.0001 0.7089 -0.7044 35.2856
0.9999 0.0001 -0.0239 1.5866 0.0168 0.7048 0.7092 0.0062 -0.0001 0.7093 -0.7048 31.8767
0.9999 -0.0025 0.0045 1.6679 -0.0023 -0.1391 0.9903 0.0061 0.0168 0.9903 0.1392 29.6393
0.9999 0.0160 -0.0257 1.7409 0.0132 -0.2407 0.9705 0.0062 0.0072 0.9705 0.2406 27.3980
0.9995 0.0380 -0.0603 1.8072 0.0312 -0.2502 0.9677 0.0064 -0.0008 0.9677 0.2502 25.2832
0.9999 0.0034 -0.0022 1.8446 0.0025 -0.8978 0.4403 0.0061 0.0149 0.4404 0.8978 23.2267
0.9987 -0.0645 0.0363 1.8790 -0.0497 -0.9299 0.3644 0.0058 0.0055 0.3642 0.9300 20.9985
0.9974 -0.0931 0.0520 1.9154 -0.0719 -0.9300 0.3604 0.0057 0.0022 0.3603 0.9301 18.5165
0.9969 -0.1024 0.0571 1.9553 -0.0791 -0.9297 0.3598 0.0056 0.0008 0.3598 0.9297 15.7776
0.9988 -0.0628 0.0350 1.9982 -0.0486 -0.9315 0.3604 0.0058 0.0003 0.3604 0.9315 12.8351
0.9998 0.0229 -0.0128 2.0400 0.0177 -0.9325 0.3608 0.0062 0.0000 0.3608 0.9325 9.9634
0.9989 0.0606 -0.0338 2.0790 0.0469 -0.9315 0.3607 0.0064 -0.0000 0.3607 0.9315 7.2831
1.0000 0.0108 -0.0060 2.1167 0.0084 -0.9325 0.3611 0.0061 -0.0001 0.3611 0.9325 4.6872
0.9984 -0.0730 0.0407 2.1780 -0.0564 -0.9311 0.3603 0.0058 -0.0001 0.3603 0.9311 0.4795
0.9966 -0.0514 -0.0360 2.2099 -0.0717 -0.9655 -0.2503 0.0057 0.0414 -0.2531 0.9648 -2.6227
0.9987 0.0139 -0.0758 2.2023 -0.0449 -0.5348 -0.8438 0.0058 0.0253 -0.8444 0.5338 -5.9209
0.9982 -0.0247 0.0447 2.1637 0.0225 0.1050 -0.9942 0.0062 0.0564 -0.9943 -0.1038 -9.1362
0.9955 0.0396 -0.0870 2.0148 0.0437 0.0918 0.9948 0.0063 0.0842 0.9945 -0.0955 -12.1526
0.9944 0.0765 -0.0643 1.8016 0.0549 -0.8082 0.5863 0.0064 0.0905 0.5903 0.8053 -14.9937
0.9791 -0.0173 -0.0676 1.4530 0.0625 0.8365 0.5443 0.0065 0.1933 0.5342 -0.8432 -17.6067
0.9957 0.0408 0.0211 0.5127 0.0526 -0.9782 -0.2009 0.0064 0.0757 -0.1970 0.9790 -22.3149
0.9618 0.0137 0.0084 -4.1175 -0.0192 0.9747 0.2227 0.0060 0.2730 0.2278 -0.9735 -33.2252
0.9967 -0.0120 0.0296 -6.8835 0.0151 -0.1887 -0.9819 0.0062 0.0804 -0.9817 0.1899 -36.8113
0.9530 0.0175 -0.0706 -10.0716 -0.0411 -0.4749 -0.8791 0.0058 0.3002 -0.8849 0.4640 -40.0082
0.9965 0.0175 -0.0066 -15.1043 0.0146 -0.9737 0.2275 0.0062 0.0826 0.2287 0.9734 -43.5969
0.9397 -0.0092 -0.0570 -19.6275 -0.0504 -0.8118 -0.5817 0.0058 0.3381 -0.5956 0.8019 -45.9846
0.9937 0.0249 -0.0132 -24.9728 0.0195 -0.9403 0.3398 0.0062 0.1101 0.3418 0.9396 -47.6535
0.9960 -0.0064 0.0021 -28.7761 0.0055 0.9807 -0.1955 0.0061 0.0891 -0.1960 -0.9806 -48.5787
0.9936 -0.0158 -0.0610 -32.9129 -0.0557 -0.8348 -0.5477 0.0058 0.0986 -0.5523 0.8318 -49.3211
0.9992 0.0026 -0.0110 -37.4205 -0.0062 -0.4623 -0.8867 0.0061 0.0402 -0.8868 0.4621 -49.9649
0.9991 -0.0169 0.0680 -40.2711 0.0381 -0.4498 -0.8923 0.0063 0.0172 -0.8920 0.4504 -50.3520
0.9972 -0.0119 0.0269 -44.4636 -0.0135 0.1130 0.9935 0.0060 0.0738 0.9936 -0.1120 -50.7832
0.9910 -0.0079 0.0501 -48.6773 0.0306 -0.5685 -0.8221 0.0063 0.1302 -0.8199 0.5717 -51.0278
0.9987 -0.0378 0.0358 -52.6074 0.0268 0.7442 -0.6674 0.0062 0.0435 -0.6683 -0.7434 -51.0707
0.9990 0.0225 -0.0803 -56.6632 -0.0438 -0.4019 -0.9146 0.0058 -0.0129 -0.9144 0.4024 -51.0319
0.9976 0.0965 -0.0975 -61.2253 -0.0682 0.6980 -0.7129 0.0057 -0.0076 -0.7132 -0.6976 -51.0270
0.9996 -0.0010 0.0056 -65.9889 0.0033 -0.5304 -0.8477 0.0061 -0.0275 -0.8478 0.5303 -51.1039
0.9996 0.0060 -0.0432 -70.7026 -0.0267 -0.5853 -0.8104 0.0059 -0.0112 -0.8102 0.5855 -51.2240
1.0000 -0.0011 0.0078 -75.6444 0.0048 -0.5871 -0.8095 0.0061 -0.0029 -0.8095 0.5871 -51.3576
0.9985 -0.0123 0.0898 -80.2291 0.0555 -0.5865 -0.8080 0.0064 -0.0007 -0.8081 0.5865 -51.4822
0.9985 -0.0123 0.0900 -84.4063 0.0556 -0.5867 -0.8079 0.0064 -0.0002 -0.8079 0.5867 -51.5957
0.9982 -0.0787 0.1040 -88.1474 0.0585 0.4565 -0.8878 0.0064 0.0140 -0.8882 -0.4558 -51.6457
0.9998 0.0272 -0.0352 -91.7550 -0.0200 0.4782 -0.8780 0.0060 0.0044 -0.8780 -0.4783 -51.6747
0.9977 0.0917 -0.1187 -95.8174 -0.0676 0.4775 -0.8760 0.0057 0.0009 -0.8760 -0.4776 -51.7052
0.9972 0.1007 -0.1303 -100.4381 -0.0742 0.4776 -0.8754 0.0057 0.0001 -0.8754 -0.4776 -51.7399
0.9998 -0.0282 0.0365 -105.1984 0.0208 0.4788 -0.8777 0.0062 -0.0000 -0.8777 -0.4788 -51.7756
0.9982 -0.0823 0.1065 -109.5117 0.0606 0.4777 -0.8764 0.0064 -0.0001 -0.8764 -0.4777 -51.8080
0.9979 -0.0873 0.1131 -112.1144 0.0644 0.4775 -0.8763 0.0065 -0.0001 -0.8763 -0.4775 -51.8275
0.9983 -0.0789 0.1021 -115.6439 0.0581 0.4774 -0.8767 0.0064 -0.0001 -0.8767 -0.4774 -51.8540
0.9990 0.0598 -0.0774 -120.2956 -0.0441 0.4779 -0.8773 0.0058 -0.0001 -0.8773 -0.4779 -51.8890
0.9991 0.0564 -0.0730 -124.3096 -0.0416 0.4782 -0.8773 0.0058 -0.0001 -0.8773 -0.4782 -51.9191
0.9994 -0.0487 0.0630 -128.2261 0.0359 0.4782 -0.8775 0.0063 -0.0001 -0.8775 -0.4782 -51.9485
0.9985 -0.0740 0.0958 -131.7231 0.0545 0.4776 -0.8769 0.0064 -0.0001 -0.8769 -0.4776 -51.9748
1.0000 -0.0115 0.0149 -134.9307 0.0085 0.4781 -0.8783 0.0061 -0.0001 -0.8783 -0.4781 -51.9989
