0.9998 0.0027 -0.0054 -0.7072 -0.0027 -0.0022 -1.0000 0.0061 0.0215 -1.0000 0.0021 -17.0935
0.9943 -0.0145 0.0031 -1.0712 -0.0131 -0.9929 0.1179 0.0060 0.1059 0.1166 0.9931 -18.8465
0.9991 0.0141 -0.0579 -1.2370 -0.0326 -0.4556 -0.8896 0.0059 0.0268 -0.8900 0.4548 -19.4822
0.9985 0.0119 -0.0075 -1.7452 -0.0090 0.9081 -0.4186 0.0060 0.0535 -0.4182 -0.9083 -21.4555
0.9956 -0.0151 0.0401 -1.9612 -0.0207 0.2403 0.9705 0.0060 0.0912 0.9709 -0.2385 -22.1224
0.9989 -0.0387 0.0158 -2.4410 -0.0318 -0.9682 0.2482 0.0059 0.0339 0.2471 0.9685 -23.5653
0.9992 0.0332 -0.0644 -2.9924 -0.0322 0.0289 -0.9991 0.0059 0.0238 -0.9990 -0.0297 -25.0685
0.9990 0.0355 -0.0425 -3.2877 -0.0256 0.5560 -0.8308 0.0059 0.0378 -0.8302 -0.5568 -25.8482
0.9924 -0.0434 0.0435 -3.9715 -0.0308 -0.7053 0.7082 0.0059 0.1194 0.7056 0.7079 -27.4199
0.9914 -0.0044 0.0089 -5.6738 -0.0045 0.0209 0.9998 0.0061 0.1311 0.9998 -0.0203 -30.7357
0.9994 -0.0098 0.0003 -6.6473 -0.0096 -0.9998 0.0172 0.0060 0.0340 0.0168 0.9998 -32.3679
0.9961 -0.0051 0.0082 -7.6473 0.0042 0.2440 -0.9698 0.0061 0.0877 -0.9699 -0.2437 -33.9506
0.9944 0.0146 -0.0382 -10.0437 -0.0197 -0.2336 -0.9721 0.0060 0.1039 -0.9726 0.2316 -37.1336
0.9953 -0.0601 0.0750 -11.4813 -0.0439 -0.5165 0.8552 0.0058 0.0858 0.8532 0.5197 -38.7398
0.9977 -0.0085 0.0022 -12.9989 -0.0075 -0.9888 0.1493 0.0060 0.0680 0.1488 0.9888 -40.3733
0.9982 0.0149 -0.0165 -14.5658 -0.0106 0.6245 -0.7809 0.0060 0.0587 -0.7806 -0.6250 -41.9260
0.9983 -0.0091 0.0022 -16.1615 0.0081 0.9911 -0.1328 0.0061 0.0584 -0.1332 -0.9911 -43.4613
0.9874 -0.0013 -0.0101 -17.8189 -0.0083 -0.7877 -0.6160 0.0060 0.1580 -0.6170 0.7869 -44.8868
0.9955 0.0201 -0.0011 -19.6439 -0.0196 0.9994 -0.0280 0.0060 0.0929 -0.0262 -0.9995 -46.3013
0.9849 -0.0020 0.0182 -21.5119 0.0117 -0.6216 -0.7832 0.0062 0.1727 -0.7820 0.6232 -47.5815
0.9606 -0.0518 0.0565 -23.4089 0.0375 0.6388 -0.7684 0.0063 0.2753 -0.7750 -0.6309 -48.5760
0.9943 0.0480 -0.0399 -25.2818 0.0345 -0.8143 0.5794 0.0063 0.1011 0.5823 0.8123 -49.3615
0.9926 -0.0203 0.0530 -27.0835 0.0273 -0.2316 -0.9724 0.0063 0.1186 -0.9717 0.2348 -50.0419
0.9994 -0.0052 0.0054 -28.9158 0.0037 0.6768 -0.7361 0.0061 0.0343 -0.7362 -0.6767 -50.6784
0.9960 0.0029 -0.0157 -30.7295 0.0093 0.5375 0.8432 0.0061 0.0884 0.8428 -0.5382 -51.2568
0.9985 -0.0056 0.0050 -32.5892 -0.0040 -0.7733 0.6340 0.0061 0.0540 0.6339 0.7734 -51.7909
0.9911 -0.0096 0.0043 -34.4399 0.0078 0.9613 -0.2753 0.0061 0.1331 -0.2763 -0.9610 -52.2171
0.9977 -0.0079 0.0126 -36.3407 -0.0065 -0.2432 0.9699 0.0061 0.0676 0.9698 0.2437 -52.5676
0.9995 0.0055 -0.0231 -39.2957 -0.0130 -0.4655 -0.8849 0.0060 0.0287 -0.8851 0.4652 -52.9859
0.9998 -0.0004 0.0017 -40.2829 0.0009 -0.4336 -0.9011 0.0061 0.0185 -0.9011 0.4336 -53.1199
0.9997 0.0120 -0.0168 -42.2600 -0.0091 0.3957 -0.9183 0.0060 0.0211 -0.9182 -0.3959 -53.3601
0.9961 -0.0003 0.0116 -44.2811 -0.0080 0.6867 0.7269 0.0060 0.0879 0.7274 -0.6862 -53.5515
0.9989 -0.0207 0.0374 -45.3193 -0.0188 -0.1090 0.9939 0.0060 0.0439 0.9938 0.1098 -53.6234
0.9988 0.0062 -0.0059 -47.3991 0.0044 -0.7345 0.6786 0.0061 0.0494 0.6787 0.7344 -53.7541
0.9995 0.0256 -0.0144 -48.4000 0.0198 -0.9315 0.3632 0.0062 0.0255 0.3637 0.9313 -53.8046
0.9997 0.0280 -0.0125 -50.3177 0.0226 -0.9609 0.2758 0.0062 0.0095 0.2760 0.9609 -53.8997
0.9995 -0.0084 -0.0297 -52.2972 -0.0276 -0.8429 -0.5374 0.0059 0.0172 -0.5378 0.8426 -53.9695
0.9969 0.0393 -0.1238 -54.5184 -0.0660 -0.3432 -0.9369 0.0057 0.0438 -0.9379 0.3405 -54.0304
0.9968 0.0909 -0.1537 -57.0024 -0.0781 0.1799 -0.9806 0.0056 0.0146 -0.9804 -0.1810 -54.0690
0.9967 0.0968 -0.1590 -59.7458 -0.0814 0.2113 -0.9740 0.0056 0.0072 -0.9739 -0.2118 -54.1056
0.9966 0.0976 -0.1599 -62.7456 -0.0819 0.2141 -0.9734 0.0056 0.0030 -0.9733 -0.2144 -54.1433
0.9967 0.0973 -0.1594 -65.9997 -0.0816 0.2147 -0.9733 0.0056 0.0011 -0.9733 -0.2148 -54.1839
0.9988 0.0573 -0.0938 -69.4530 -0.0480 0.2154 -0.9754 0.0058 0.0004 -0.9753 -0.2154 -54.2268
1.0000 -0.0026 0.0043 -72.8516 0.0022 0.2156 -0.9765 0.0061 0.0001 -0.9765 -0.2156 -54.2691
0.9996 0.0322 -0.0527 -76.2894 -0.0270 0.2156 -0.9761 0.0059 0.0000 -0.9761 -0.2156 -54.3118
0.9987 0.0611 -0.1000 -79.9136 -0.0512 0.2155 -0.9752 0.0058 -0.0000 -0.9752 -0.2155 -54.3568
1.0000 -0.0025 0.0041 -83.5847 0.0021 0.2158 -0.9764 0.0061 -0.0001 -0.9764 -0.2158 -54.4024
0.9987 -0.0603 0.0988 -87.0597 0.0506 0.2154 -0.9752 0.0064 -0.0001 -0.9752 -0.2154 -54.4456
0.9987 -0.0598 0.0980 -90.3161 0.0502 0.2152 -0.9753 0.0064 -0.0001 -0.9753 -0.2152 -54.4860
1.0000 0.0050 -0.0082 -93.5769 -0.0042 0.2155 -0.9765 0.0061 -0.0001 -0.9765 -0.2155 -54.5266
0.9998 -0.0235 0.0385 -96.8437 0.0197 0.2154 -0.9763 0.0062 -0.0001 -0.9763 -0.2154 -54.5672
0.9986 -0.0624 0.1023 -99.9231 0.0524 0.2150 -0.9752 0.0064 -0.0001 -0.9752 -0.2150 -54.6054
0.9973 -0.0885 0.0875 -102.7789 0.0626 0.7138 -0.6976 0.0065 0.0389 -0.6993 -0.7121 -54.6287
0.9985 -0.0224 0.0930 -105.4687 0.0524 -0.4594 -0.8867 0.0064 0.0170 -0.8863 0.4602 -54.6185
0.9985 -0.0260 0.0987 -107.9831 0.0546 -0.4264 -0.9029 0.0064 0.0092 -0.9027 0.4269 -54.6000
1.0000 -0.0045 0.0168 -110.4237 0.0093 -0.4246 -0.9054 0.0061 0.0037 -0.9053 0.4246 -54.5795
0.9999 0.0052 -0.0197 -112.9713 -0.0109 -0.4228 -0.9062 0.0060 0.0013 -0.9062 0.4228 -54.5578
1.0000 -0.0038 0.0141 -115.4739 0.0078 -0.4218 -0.9067 0.0061 0.0004 -0.9067 0.4218 -54.5365
0.9995 0.0154 -0.0582 -118.0489 -0.0322 -0.4255 -0.9044 0.0059 0.0001 -0.9044 0.4255 -54.5144
0.9996 0.0141 -0.0532 -120.7878 -0.0294 -0.4255 -0.9045 0.0059 0.0000 -0.9045 0.4255 -54.4911
1.0000 -0.0011 0.0040 -123.4852 0.0022 -0.4257 -0.9049 0.0061 -0.0000 -0.9049 0.4257 -54.4680
0.9995 0.0155 -0.0586 -126.2512 -0.0324 -0.4254 -0.9044 0.0059 -0.0001 -0.9044 0.4254 -54.4444
0.9982 0.0290 -0.1096 -129.2262 -0.0606 -0.4247 -0.9033 0.0057 -0.0001 -0.9033 0.4247 -54.4189
0.9992 0.0195 -0.0734 -132.3907 -0.0406 -0.4250 -0.9043 0.0059 -0.0001 -0.9043 0.4250 -54.3919
1.0000 0.0029 -0.0111 -133.9556 -0.0061 -0.4253 -0.9050 0.0061 -0.0001 -0.9050 0.4253 -54.3785
0.9992 -0.0189 0.0715 -136.9433 0.0395 -0.4251 -0.9043 0.0063 -0.0001 -0.9043 0.4251 -54.3530
0.9994 -0.0164 0.0619 -138.3826 0.0342 -0.4253 -0.9044 0.0063 -0.0001 -0.9044 0.4253 -54.3407
0.9998 0.0086 -0.0324 -141.3243 -0.0179 -0.4254 -0.9048 0.0060 -0.0001 -0.9048 0.4254 -54.3155
0.9988 0.0239 -0.0903 -144.4599 -0.0499 -0.4248 -0.9039 0.0058 -0.0001 -0.9039 0.4248 -54.2887
1.0000 0.0003 -0.0011 -147.6526 -0.0006 -0.4253 -0.9050 0.0061 -0.0001 -0.9050 0.4253 -54.2614
0.9990 -0.0212 0.0802 -150.6710 0.0443 -0.4250 -0.9041 0.0063 -0.0001 -0.9041 0.4250 -54.2356
0.9983 -0.0282 0.1063 -153.4718 0.0587 -0.4249 -0.9033 0.0064 -0.0001 -0.9033 0.4249 -54.2117
0.9998 -0.0090 0.0340 -156.1720 0.0188 -0.4256 -0.9047 0.0062 -0.0001 -0.9047 0.4256 -54.1886
0.9992 -0.0189 0.0715 -160.1216 0.0395 -0.4254 -0.9041 0.0063 -0.0001 -0.9041 0.4254 -54.1549
0.9986 -0.0254 0.0960 -162.5341 0.0530 -0.4253 -0.9035 0.0064 -0.0001 -0.9035 0.4253 -54.1343
0.9985 -0.0258 0.0976 -165.8100 0.0539 -0.4252 -0.9035 0.0064 -0.0001 -0.9035 0.4252 -54.1063
0.9989 -0.0370 0.0712 -168.7381 0.0356 0.0396 -0.9986 0.0063 0.0310 -0.9986 -0.0385 -54.0712
0.9999 -0.0198 0.0266 -171.6138 0.0148 0.4385 -0.8986 0.0062 0.0041 -0.8987 -0.4384 -54.0035
0.9995 -0.0358 0.0193 -174.2899 0.0279 0.9381 -0.3452 0.0063 0.0116 -0.3455 -0.9380 -53.9165
0.9976 0.0164 -0.0446 -176.7554 0.0231 0.2572 0.9661 0.0062 0.0659 0.9657 -0.2587 -53.7826
0.9994 0.0131 -0.0345 -180.0684 -0.0177 -0.2325 -0.9724 0.0060 0.0290 -0.9725 0.2320 -53.4328
0.9999 -0.0063 0.0070 -182.6269 0.0045 0.6196 -0.7849 0.0061 0.0150 -0.7850 -0.6195 -53.0921
0.9993 -0.0267 0.0161 -184.2531 0.0203 0.9177 -0.3968 0.0062 0.0313 -0.3974 -0.9174 -52.8567
0.9993 -0.0021 0.0029 -186.6353 -0.0016 -0.3860 0.9225 0.0061 0.0373 0.9225 0.3861 -52.4141
0.9998 -0.0006 0.0216 -188.9580 0.0149 -0.6859 -0.7275 0.0062 0.0112 -0.7274 0.6860 -51.8909
0.9978 -0.0292 0.0298 -190.4094 0.0207 0.6917 -0.7219 0.0062 0.0622 -0.7228 -0.6908 -51.5251
0.9920 0.0122 0.0089 -191.7659 0.0174 -0.9666 -0.2559 0.0062 0.1254 -0.2538 0.9671 -51.0678
0.9760 0.0217 -0.0227 -193.6691 0.0155 -0.6713 0.7410 0.0062 0.2171 0.7433 0.6688 -50.0479
0.9927 -0.0165 0.0452 -194.7163 0.0235 -0.2640 -0.9642 0.0062 0.1180 -0.9635 0.2667 -49.1815
0.9983 -0.0307 0.0303 -195.2226 0.0218 0.7178 -0.6959 0.0062 0.0544 -0.6967 -0.7170 -48.7555
0.9997 -0.0239 0.0152 -195.7214 0.0180 0.9061 -0.4226 0.0062 0.0186 -0.4229 -0.9060 -48.3373
0.9998 -0.0117 -0.0060 -196.6832 0.0150 0.9798 0.1993 0.0062 0.0095 0.1992 -0.9798 -47.5141
0.9999 -0.0098 -0.0063 -197.6142 0.0133 0.9716 0.2362 0.0062 0.0015 0.2362 -0.9716 -46.7204
0.9999 -0.0000 -0.0177 -198.5041 0.0125 0.7086 0.7055 0.0062 0.0047 0.7055 -0.7086 -45.9420
0.9999 0.0089 -0.0233 -199.3564 0.0120 0.2265 0.9739 0.0062 0.0036 0.9739 -0.2265 -45.1807
0.9999 0.0145 -0.0219 -200.1731 0.0115 -0.3081 0.9513 0.0062 0.0028 0.9513 0.3081 -44.4368
0.9999 0.0157 -0.0149 -200.9557 0.0111 -0.7434 0.6688 0.0062 0.0022 0.6688 0.7434 -43.7102
0.9999 0.0129 -0.0048 -201.7058 0.0107 -0.9750 0.2221 0.0062 0.0017 0.2221 0.9750 -43.0010
0.9998 0.0138 -0.0235 -203.1734 -0.0119 0.1723 -0.9850 0.0060 0.0173 -0.9849 -0.1725 -41.5255
0.9998 0.0037 -0.0040 -203.9345 -0.0026 0.6472 -0.7623 0.0061 0.0173 -0.7623 -0.6472 -40.7426
0.9974 -0.0118 0.0261 -204.6625 -0.0132 0.1014 0.9948 0.0060 0.0702 0.9949 -0.1005 -39.9129
0.9927 0.0133 -0.0029 -205.3426 -0.0120 0.9928 -0.1193 0.0060 0.1198 -0.1178 -0.9930 -38.9726
0.9996 -0.0295 0.0397 -206.0453 -0.0221 -0.4357 0.8998 0.0060 0.0201 0.8996 0.4361 -37.9381
0.9995 -0.0136 -0.0247 -206.7691 -0.0288 -0.9027 -0.4293 0.0059 0.0092 -0.4295 0.9026 -36.8303
0.9998 0.0092 -0.0316 -207.5264 -0.0172 -0.3876 -0.9217 0.0060 0.0053 -0.9217 0.3875 -35.6536
1.0000 0.0007 -0.0011 -208.2664 -0.0006 0.2752 -0.9614 0.0061 0.0065 -0.9614 -0.2752 -34.4750
0.9996 -0.0207 0.0225 -208.9755 0.0147 0.6405 -0.7679 0.0062 0.0235 -0.7681 -0.6402 -33.3341
0.9996 -0.0222 0.0093 -209.6379 0.0181 0.9661 -0.2577 0.0062 0.0231 -0.2581 -0.9659 -32.2378
0.9997 0.0105 -0.0361 -210.2294 0.0196 0.3878 0.9215 0.0062 0.0111 0.9215 -0.3880 -31.1836
0.9999 0.0190 -0.0312 -210.7884 0.0160 -0.2139 0.9767 0.0062 0.0034 0.9767 0.2139 -30.1717
0.9999 0.0189 -0.0194 -211.3175 0.0134 -0.6905 0.7232 0.0062 0.0028 0.7232 0.6905 -29.1921
0.9999 0.0148 -0.0066 -211.8193 0.0119 -0.9609 0.2767 0.0062 0.0023 0.2768 0.9609 -28.2416
0.9999 0.0083 0.0051 -212.2956 0.0111 -0.9733 -0.2291 0.0062 0.0018 -0.2291 0.9733 -27.3187
0.9990 -0.0002 0.0005 -212.7414 0.0003 -0.1234 -0.9924 0.0061 0.0436 -0.9924 0.1234 -26.3999
0.9942 -0.0431 0.0708 -213.1485 -0.0363 -0.2104 0.9769 0.0059 0.1014 0.9762 0.2140 -25.3649
0.9986 0.0158 -0.0396 -213.8256 -0.0202 -0.1968 -0.9802 0.0060 0.0479 -0.9804 0.1958 -23.5049
0.9996 -0.0007 0.0285 -214.2184 -0.0196 0.6890 0.7245 0.0060 0.0220 0.7248 -0.6887 -22.2130
0.9995 -0.0133 0.0332 -214.6320 -0.0169 0.1979 0.9801 0.0060 0.0263 0.9802 -0.1975 -20.8622
0.9989 -0.0442 0.0010 -215.0286 -0.0436 -0.9990 0.0119 0.0058 0.0196 0.0111 0.9990 -19.3794
0.9977 0.0102 -0.0179 -215.6267 -0.0090 0.1423 -0.9898 0.0060 0.0668 -0.9897 -0.1429 -17.0163
0.9991 0.0173 -0.0053 -215.9834 -0.0149 0.9838 -0.1786 0.0060 0.0389 -0.1781 -0.9839 -15.3841
0.9989 -0.0270 0.0263 -216.4401 -0.0191 -0.7254 0.6881 0.0060 0.0439 0.6875 0.7259 -12.8114
0.9991 0.0173 -0.0476 -216.6856 -0.0247 -0.2623 -0.9647 0.0059 0.0355 -0.9649 0.2615 -11.0078
0.9990 -0.0003 0.0001 -217.0058 0.0002 0.9568 -0.2907 0.0061 0.0437 -0.2907 -0.9568 -8.2179
0.9969 0.0280 -0.0446 -217.2326 0.0230 -0.2467 0.9688 0.0062 0.0756 0.9693 0.2450 -5.5364
0.9998 0.0208 -0.0128 -217.3699 0.0157 -0.9132 0.4071 0.0062 0.0094 0.4073 0.9132 -3.0239
0.9985 -0.0731 0.0446 -217.5157 -0.0554 -0.9143 0.4013 0.0058 0.0021 0.4011 0.9143 -0.3303
0.9987 -0.0674 0.0411 -217.6912 -0.0511 -0.9146 0.4011 0.0058 0.0004 0.4011 0.9146 2.9203
0.9998 -0.0270 0.0165 -217.8707 -0.0205 -0.9156 0.4015 0.0060 0.0000 0.4015 0.9156 6.2461
0.9978 -0.0875 0.0533 -218.0699 -0.0664 -0.9139 0.4005 0.0057 -0.0000 0.4005 0.9139 9.9349
0.9999 -0.0175 0.0107 -218.2895 -0.0133 -0.9159 0.4012 0.0060 -0.0001 0.4012 0.9159 14.0030
0.9996 -0.0390 0.0238 -218.5101 -0.0296 -0.9156 0.4010 0.0059 -0.0001 0.4010 0.9156 18.0898
0.9996 0.0030 0.0181 -218.7001 0.0151 -0.8004 -0.5993 0.0062 0.0233 -0.5990 0.8006 22.2335
0.9991 0.0000 0.0566 -218.7926 0.0401 -0.7067 -0.7064 0.0063 0.0128 -0.7061 0.7070 24.8404
0.9986 -0.0009 0.0763 -218.8733 0.0533 -0.6972 -0.7149 0.0064 0.0059 -0.7147 0.6974 27.2616
0.9986 -0.0013 0.0756 -218.9470 0.0526 -0.6941 -0.7179 0.0064 0.0021 -0.7179 0.6942 29.5011
1.0000 -0.0002 0.0132 -219.0184 0.0092 -0.6979 -0.7161 0.0061 0.0007 -0.7161 0.6979 31.6719
0.9989 0.0006 -0.0656 -219.0952 -0.0460 -0.7002 -0.7125 0.0058 0.0002 -0.7125 0.7002 34.0101
0.9969 0.0010 -0.1115 -219.2736 -0.0781 -0.6985 -0.7113 0.0056 -0.0000 -0.7113 0.6985 39.4358
0.9967 0.0011 -0.1150 -219.3753 -0.0806 -0.6982 -0.7113 0.0056 -0.0000 -0.7113 0.6982 42.5306
0.9967 0.0011 -0.1155 -219.4853 -0.0809 -0.6982 -0.7114 0.0056 -0.0000 -0.7114 0.6982 45.8784
0.9971 0.0010 -0.1088 -219.6034 -0.0762 -0.6982 -0.7118 0.0056 -0.0001 -0.7118 0.6982 49.4729
1.0000 0.0001 -0.0113 -219.7237 -0.0079 -0.7002 -0.7139 0.0060 -0.0001 -0.7139 0.7002 53.1319
0.9989 -0.0006 0.0671 -219.8376 0.0470 -0.6996 -0.7130 0.0064 -0.0001 -0.7130 0.6996 56.5991
0.9977 -0.0009 0.0974 -219.9434 0.0682 -0.6989 -0.7120 0.0065 -0.0001 -0.7120 0.6989 59.8190
0.9974 -0.0009 0.1036 -220.0412 0.0726 -0.6988 -0.7116 0.0065 -0.0001 -0.7116 0.6988 62.7938
0.9975 -0.0009 0.1008 -220.1313 0.0706 -0.6990 -0.7116 0.0065 -0.0001 -0.7116 0.6990 65.5379
0.9983 -0.0653 0.1062 -220.1835 0.0545 0.2240 -0.9731 0.0064 0.0207 -0.9733 -0.2229 68.0908
0.9986 -0.0664 0.0976 -220.2199 0.0519 0.3383 -0.9396 0.0064 0.0102 -0.9398 -0.3378 70.4992
0.9951 0.0004 -0.0534 -220.1991 0.0376 0.7022 0.7110 0.0063 0.0912 0.7086 -0.7046 72.7588
0.9995 0.0092 -0.0133 -220.1158 0.0071 -0.3619 0.9322 0.0061 0.0309 0.9323 0.3617 75.0225
0.9994 -0.0149 0.0052 -219.9914 -0.0126 -0.9779 0.2088 0.0060 0.0321 0.2084 0.9780 77.3119
0.9988 0.0036 0.0063 -219.8427 0.0074 -0.9069 -0.4214 0.0061 0.0483 -0.4211 0.9070 79.6175
0.9986 0.0059 -0.0025 -219.6074 -0.0048 0.9661 -0.2581 0.0061 0.0535 -0.2579 -0.9662 81.8831
0.9982 0.0017 0.0049 -219.3332 -0.0048 0.8587 0.5124 0.0061 0.0594 0.5126 -0.8586 84.1747
0.9997 -0.0033 0.0160 -219.0192 -0.0092 0.5043 0.8635 0.0060 0.0211 0.8636 -0.5041 86.5155
0.9995 0.0183 -0.0246 -218.6785 0.0137 -0.4362 0.8997 0.0062 0.0270 0.8999 0.4359 88.7983
0.9995 0.0426 -0.0518 -218.3419 0.0308 -0.5424 0.8395 0.0063 0.0118 0.8397 0.5421 90.9774
1.0000 0.0072 -0.0087 -218.0106 0.0052 -0.5478 0.8366 0.0061 0.0049 0.8366 0.5478 93.0998
1.0000 -0.0032 0.0039 -217.6745 -0.0023 -0.5471 0.8370 0.0061 0.0018 0.8370 0.5472 95.2489
0.9993 -0.0513 0.0623 -217.3218 -0.0371 -0.5427 0.8391 0.0059 0.0006 0.8391 0.5428 97.5033
1.0000 -0.0028 0.0034 -216.9594 -0.0020 -0.5477 0.8367 0.0061 0.0002 0.8367 0.5477 99.8201
0.9996 0.0270 0.0020 -216.4019 0.0280 -0.9990 -0.0349 0.0063 0.0105 -0.0346 0.9990 103.0891
0.9990 -0.0087 0.0042 -215.7703 0.0069 0.9530 -0.3030 0.0061 0.0431 -0.3033 -0.9529 106.1355
0.9995 0.0001 -0.0053 -215.2820 0.0037 0.6930 0.7209 0.0061 0.0320 0.7209 -0.6931 108.1650
0.9987 0.0185 -0.0441 -214.7880 0.0224 0.1604 0.9868 0.0062 0.0448 0.9866 -0.1614 110.1263
0.9987 0.0382 -0.0394 -214.2853 0.0270 -0.6845 0.7285 0.0062 0.0430 0.7293 0.6836 111.9905
0.9989 -0.0193 0.0544 -213.7444 0.0283 -0.2801 -0.9595 0.0063 0.0366 -0.9593 0.2811 113.7341
0.9965 -0.0190 -0.0012 -213.1769 0.0197 0.9993 0.0317 0.0062 0.0814 0.0301 -0.9994 115.3914
0.9989 -0.0020 0.0051 -212.5531 -0.0026 0.1890 0.9820 0.0061 0.0478 0.9820 -0.1889 117.0583
0.9986 0.0032 -0.0247 -211.4782 -0.0154 -0.5970 -0.8021 0.0060 0.0499 -0.8026 0.5964 119.6019
0.9992 -0.0186 0.0287 -210.3525 0.0150 0.2808 -0.9596 0.0062 0.0382 -0.9598 -0.2803 122.1340
0.9991 -0.0274 0.0176 -209.6122 0.0206 0.9031 -0.4288 0.0062 0.0372 -0.4295 -0.9028 123.7234
0.9995 -0.0010 0.0022 -208.8263 -0.0011 0.0533 0.9986 0.0061 0.0305 0.9986 -0.0532 125.2611
0.9968 -0.0048 -0.0034 -207.9801 -0.0067 -0.9672 -0.2538 0.0060 0.0796 -0.2543 0.9671 126.8130
0.9987 0.0169 -0.0318 -207.0566 -0.0160 0.0599 -0.9981 0.0060 0.0480 -0.9980 -0.0606 128.4013
0.9991 -0.0043 0.0035 -206.1062 0.0031 0.8216 -0.5701 0.0061 0.0424 -0.5702 -0.8215 129.9804
0.9993 0.0150 -0.0348 -205.1412 0.0176 0.1357 0.9906 0.0062 0.0343 0.9905 -0.1363 131.4575
0.9968 0.0241 0.0058 -204.1842 0.0272 -0.9940 -0.1056 0.0062 0.0757 -0.1036 0.9943 132.8370
0.9988 0.0001 0.0015 -202.6484 -0.0011 0.7508 0.6605 0.0061 0.0490 0.6606 -0.7508 134.7654
0.9978 0.0517 -0.0651 -200.8808 -0.0378 0.5070 -0.8611 0.0059 0.0543 -0.8601 -0.5088 136.6927
0.9966 -0.0015 0.0079 -198.9293 -0.0047 0.5376 0.8432 0.0061 0.0823 0.8434 -0.5372 138.6776
0.9998 -0.0127 0.0184 -197.5643 -0.0098 -0.3619 0.9322 0.0060 0.0197 0.9321 0.3621 139.9813
0.9967 0.0010 0.0046 -196.1878 0.0040 -0.8229 -0.5682 0.0061 0.0812 -0.5679 0.8231 141.2325
0.9987 0.0109 -0.0145 -194.7492 -0.0081 0.4431 -0.8965 0.0060 0.0506 -0.8963 -0.4434 142.4671
0.9900 -0.0313 0.0260 -193.2105 -0.0225 -0.8141 0.5803 0.0060 0.1392 0.5778 0.8159 143.6485
0.9969 0.0297 -0.0613 -191.4964 -0.0307 -0.0324 -0.9990 0.0059 0.0724 -0.9991 0.0301 144.8467
0.9979 -0.0002 0.0393 -189.6859 -0.0277 0.7047 0.7090 0.0059 0.0588 0.7101 -0.7035 146.0074
0.9939 -0.0157 0.0035 -187.7937 -0.0141 -0.9921 0.1244 0.0060 0.1095 0.1228 0.9923 147.1354
0.9944 -0.0050 0.0600 -185.7349 -0.0392 0.6412 0.7664 0.0059 0.0978 0.7688 -0.6383 148.1739
0.9912 -0.0023 -0.0015 -183.5793 -0.0032 -0.9710 -0.2392 0.0061 0.1325 -0.2396 0.9709 149.1521
0.9938 -0.0053 0.0146 -181.3906 -0.0076 0.2687 0.9632 0.0060 0.1106 0.9634 -0.2679 149.9602
0.9905 0.0018 0.0148 -179.1677 0.0119 -0.7813 -0.6240 0.0062 0.1372 -0.6228 0.7823 150.6726
0.9938 -0.0022 0.0040 -176.9384 -0.0020 -0.1116 0.9938 0.0061 0.1110 0.9937 0.1118 151.2102
0.9907 -0.0045 0.0226 -174.6872 0.0133 -0.5219 -0.8529 0.0062 0.1351 -0.8519 0.5235 151.6516
0.9984 -0.0350 0.0390 -172.5066 0.0250 0.6232 -0.7817 0.0062 0.0508 -0.7825 -0.6222 152.0040
0.9985 -0.0381 -0.0042 -170.4524 0.0403 0.9978 0.0525 0.0063 0.0371 0.0510 -0.9979 152.2958
0.9979 0.0446 -0.0936 -167.6525 0.0469 0.0467 0.9978 0.0064 0.0448 0.9977 -0.0488 152.6300
0.9982 0.0648 -0.0644 -165.9675 0.0458 -0.7103 0.7024 0.0064 0.0384 0.7037 0.7091 152.7973
0.9987 0.0045 0.0537 -163.0001 0.0413 -0.7587 -0.6501 0.0063 0.0289 -0.6492 0.7595 153.0283
0.9989 -0.0301 0.0761 -161.7030 0.0389 -0.2057 -0.9778 0.0063 0.0250 -0.9776 0.2066 153.1036
0.9994 -0.0491 0.0583 -159.9708 0.0353 0.5642 -0.8249 0.0063 0.0046 -0.8250 -0.5640 153.1808
0.9996 -0.0182 0.0020 -158.4365 0.0173 0.9982 -0.0570 0.0061 0.0213 -0.0574 -0.9982 153.2224
0.9998 -0.0026 -0.0053 -157.4329 0.0059 0.8939 0.4483 0.0060 0.0207 0.4482 -0.8939 153.2369
1.0000 -0.0099 0.0163 -156.4101 -0.0083 -0.2080 0.9781 0.0061 0.0039 0.9781 0.2081 153.2175
0.9984 -0.0794 0.0743 -155.2233 -0.0563 -0.7501 0.6590 0.0058 0.0006 0.6589 0.7501 153.1935
0.9970 -0.0760 -0.0013 -153.7538 -0.0767 -0.9970 -0.0081 0.0056 0.0054 -0.0085 0.9970 153.1484
0.9965 -0.1177 0.1123 -152.0113 -0.0833 -0.7361 0.6717 0.0056 -0.0108 0.6724 0.7355 153.1240
0.9991 -0.0347 0.0531 -150.1506 -0.0278 -0.2948 0.9552 0.0059 -0.0330 0.9554 0.2939 153.1084
1.0000 0.0042 -0.0095 -148.3328 0.0048 0.1043 0.9945 0.0061 -0.0069 0.9945 -0.1042 153.1111
0.9998 0.0160 -0.0364 -146.6006 0.0183 0.1201 0.9926 0.0062 -0.0029 0.9926 -0.1201 153.1142
0.9997 0.0230 -0.0523 -144.9525 0.0263 0.1209 0.9923 0.0062 -0.0011 0.9923 -0.1208 153.1176
1.0000 -0.0015 0.0034 -143.3404 -0.0017 0.1209 0.9927 0.0061 -0.0004 0.9927 -0.1209 153.1210
0.9989 -0.0406 0.0925 -141.5620 -0.0466 0.1207 0.9916 0.0058 -0.0002 0.9916 -0.1207 153.1248
1.0000 -0.0075 0.0170 -138.7523 -0.0086 0.1208 0.9926 0.0060 -0.0001 0.9926 -0.1208 153.1306
0.9981 -0.0535 0.1217 -135.7199 -0.0613 0.1204 0.9908 0.0057 -0.0001 0.9908 -0.1204 153.1370
0.9970 -0.0677 0.1541 -133.3740 -0.0776 0.1200 0.9897 0.0056 -0.0001 0.9897 -0.1200 153.1420
0.9999 -0.0126 0.0287 -129.5502 -0.0145 0.1203 0.9926 0.0060 -0.0001 0.9926 -0.1203 153.1501
0.9995 0.0280 -0.0637 -127.1343 0.0321 0.1203 0.9922 0.0063 -0.0001 0.9922 -0.1203 153.1552
0.9989 0.0414 -0.0942 -124.8957 0.0474 0.1205 0.9916 0.0064 -0.0001 0.9916 -0.1205 153.1599
0.9987 0.0441 -0.1003 -122.8266 0.0505 0.1206 0.9914 0.0064 -0.0001 0.9914 -0.1206 153.1642
0.9988 0.0432 -0.0983 -120.9187 0.0495 0.1207 0.9915 0.0064 -0.0001 0.9915 -0.1207 153.1683
0.9994 0.0290 -0.0660 -119.1404 0.0332 0.1209 0.9921 0.0063 -0.0001 0.9921 -0.1209 153.1720
0.9997 -0.0199 0.0453 -117.3063 -0.0228 0.1208 0.9924 0.0060 -0.0001 0.9924 -0.1208 153.1759
0.9994 -0.0292 0.0664 -115.2848 -0.0334 0.1207 0.9921 0.0059 -0.0001 0.9921 -0.1207 153.1801
0.9999 0.0091 -0.0207 -113.2942 0.0104 0.1208 0.9926 0.0062 -0.0001 0.9926 -0.1208 153.1844
0.9997 0.0215 -0.0491 -112.3467 0.0247 0.1208 0.9924 0.0062 -0.0001 0.9924 -0.1208 153.1864
0.9997 0.0213 -0.0486 -110.5373 0.0245 0.1209 0.9924 0.0062 -0.0001 0.9924 -0.1209 153.1902
1.0000 0.0005 -0.0010 -108.7135 0.0005 0.1209 0.9927 0.0061 -0.0001 0.9927 -0.1209 153.1941
0.9998 -0.0187 0.0427 -106.8438 -0.0215 0.1208 0.9924 0.0060 -0.0001 0.9924 -0.1208 153.1980
0.9980 -0.0550 0.1253 -104.7673 -0.0631 0.1205 0.9907 0.0057 -0.0001 0.9907 -0.1205 153.2024
0.9969 -0.0683 0.1556 -102.4206 -0.0784 0.1201 0.9897 0.0056 -0.0001 0.9897 -0.1202 153.2074
0.9970 -0.0674 0.1533 -99.8164 -0.0772 0.1200 0.9898 0.0056 -0.0001 0.9898 -0.1200 153.2129
0.9999 -0.0123 0.0279 -97.1311 -0.0141 0.1203 0.9926 0.0060 -0.0001 0.9926 -0.1203 153.2185
0.9994 0.0295 -0.0671 -94.5930 0.0338 0.1203 0.9922 0.0063 -0.0001 0.9922 -0.1203 153.2238
0.9987 0.0445 -0.1014 -92.2431 0.0511 0.1204 0.9914 0.0064 -0.0001 0.9914 -0.1204 153.2288
0.9987 0.0443 -0.1009 -91.1347 0.0508 0.1205 0.9914 0.0064 -0.0001 0.9914 -0.1205 153.2311
1.0000 0.0070 -0.0159 -88.9431 0.0080 0.1206 0.9927 0.0061 -0.0001 0.9927 -0.1206 153.2358
0.9997 -0.0202 0.0460 -87.7924 -0.0232 0.1205 0.9924 0.0060 -0.0001 0.9924 -0.1205 153.2382
0.9989 -0.0403 0.0917 -86.5827 -0.0462 0.1203 0.9917 0.0058 -0.0001 0.9917 -0.1203 153.2408
0.9981 -0.0531 0.1208 -85.3112 -0.0608 0.1201 0.9909 0.0057 -0.0001 0.9909 -0.1201 153.2435
0.9979 -0.0568 0.1293 -83.9809 -0.0651 0.1200 0.9906 0.0057 -0.0001 0.9906 -0.1200 153.2462
0.9991 -0.0373 0.0849 -82.6301 -0.0428 0.1201 0.9918 0.0058 -0.0001 0.9918 -0.1201 153.2491
0.9999 0.0149 -0.0339 -80.0128 0.0171 0.1203 0.9926 0.0062 -0.0001 0.9926 -0.1203 153.2546
0.9990 0.0399 -0.0909 -77.5746 0.0458 0.1203 0.9917 0.0064 -0.0001 0.9917 -0.1203 153.2597
0.9994 0.0305 -0.0695 -75.2934 0.0350 0.1203 0.9921 0.0063 -0.0001 0.9921 -0.1203 153.2645
1.0000 0.0076 -0.0173 -73.0069 0.0087 0.1205 0.9927 0.0061 -0.0001 0.9927 -0.1205 153.2694
0.9995 0.0263 -0.0600 -70.7997 0.0302 0.1205 0.9923 0.0063 -0.0001 0.9923 -0.1205 153.2740
0.9991 0.0379 -0.0863 -68.7454 0.0435 0.1206 0.9918 0.0063 -0.0001 0.9918 -0.1206 153.2784
0.9990 0.0392 -0.0893 -66.8469 0.0450 0.1207 0.9917 0.0064 -0.0001 0.9917 -0.1207 153.2824
1.0000 0.0058 -0.0132 -65.0077 0.0066 0.1208 0.9927 0.0061 -0.0001 0.9927 -0.1208 153.2863
0.9999 -0.0142 0.0323 -63.0558 -0.0163 0.1207 0.9926 0.0060 -0.0001 0.9926 -0.1207 153.2904
0.9999 0.0131 -0.0299 -61.1386 0.0150 0.1208 0.9926 0.0062 -0.0001 0.9926 -0.1208 153.2944
0.9996 0.0348 -0.0389 -59.3319 0.0248 -0.6193 0.7848 0.0062 0.0115 0.7850 0.6190 153.2750
0.9990 0.0443 -0.0263 -56.8084 0.0338 -0.9205 0.3893 0.0063 0.0294 0.3902 0.9201 153.2343
0.9995 0.0320 -0.0028 -54.5025 0.0306 -0.9985 0.0459 0.0063 0.0023 0.0460 0.9985 153.1723
0.9998 -0.0071 0.0101 -52.3752 0.0055 0.3825 -0.9240 0.0061 0.0169 -0.9240 -0.3824 153.0505
0.9996 -0.0204 0.0185 -50.2550 0.0145 0.7706 -0.6371 0.0062 0.0251 -0.6374 -0.7704 152.9074
0.9996 -0.0067 0.0442 -48.1444 -0.0269 0.5712 0.8204 0.0059 0.0033 0.8205 -0.5711 152.6902
0.9993 -0.0287 -0.0049 -45.8055 -0.0312 -0.9964 -0.0789 0.0059 0.0218 -0.0795 0.9963 152.3807
0.9970 0.0026 0.0169 -44.1781 0.0139 -0.7951 -0.6063 0.0065 0.0763 -0.6054 0.7958 152.1413
0.9999 0.0142 -0.0103 -41.7362 -0.0104 0.8684 -0.4958 0.0060 0.0103 -0.4957 -0.8684 151.6921
0.9994 -0.0139 0.0017 -40.1292 0.0131 0.9978 -0.0648 0.0062 0.0307 -0.0652 -0.9978 151.3861
0.9999 -0.0044 0.0067 -37.7703 -0.0035 -0.3018 0.9533 0.0061 0.0097 0.9533 0.3019 150.8483
0.9996 0.0029 -0.0149 -35.4271 -0.0087 -0.5206 -0.8538 0.0060 0.0253 -0.8539 0.5204 150.2352
0.9997 0.0017 0.0011 -31.5738 -0.0023 0.9694 0.2455 0.0061 0.0233 0.2456 -0.9694 149.1066
0.9932 0.0029 -0.0342 -29.2662 -0.0223 -0.6401 -0.7679 0.0060 0.1143 -0.7696 0.6382 148.2609
0.9991 0.0153 -0.0085 -26.7752 -0.0119 0.9329 -0.3599 0.0060 0.0418 -0.3594 -0.9331 147.2058
0.9992 -0.0422 0.0687 -24.2548 -0.0352 -0.2236 0.9741 0.0059 0.0176 0.9739 0.2242 146.0211
0.9987 0.0228 -0.0556 -21.5814 -0.0283 -0.1786 -0.9835 0.0059 0.0418 -0.9837 0.1774 144.6471
0.9989 0.0024 -0.0030 -19.7752 -0.0017 0.5052 -0.8630 0.0061 0.0476 -0.8630 -0.5053 143.6679
0.9908 0.0259 -0.0192 -18.0842 0.0191 -0.8632 0.5044 0.0062 0.1337 0.5066 0.8619 142.6306
0.9735 0.0241 0.0121 -16.6131 0.0316 -0.9806 -0.1935 0.0063 0.2265 -0.1864 0.9820 141.4816
0.9444 -0.0479 -0.0059 -14.9964 0.0540 0.9970 0.0562 0.0064 0.3244 0.0387 -0.9979 139.5185
0.9777 -0.0329 0.0882 -14.3725 0.0461 -0.2577 -0.9651 0.0064 0.2048 -0.9627 0.2668 138.1401
0.9987 -0.0328 0.0251 -13.7992 0.0238 0.8495 -0.5270 0.0062 0.0456 -0.5279 -0.8490 136.8025
0.9995 0.0384 -0.0280 -13.2007 -0.0281 0.8666 -0.4983 0.0059 0.0170 -0.4979 -0.8668 135.3944
0.9963 0.1018 -0.1694 -11.6440 -0.0864 0.1964 -0.9767 0.0056 -0.0006 -0.9767 -0.1964 131.8666
0.9965 0.1058 -0.0590 -10.7250 -0.0818 0.9297 -0.3592 0.0056 0.0187 -0.3578 -0.9302 129.7056
0.9987 0.0129 0.0123 -9.7910 -0.0200 0.9515 0.3070 0.0060 0.0467 0.3079 -0.9512 127.4516
0.9982 -0.0175 0.0073 -8.9565 -0.0143 -0.9672 0.2538 0.0060 0.0575 0.2530 0.9674 125.1858
0.9980 0.0036 0.0131 -8.1606 0.0121 -0.8400 -0.5425 0.0062 0.0624 -0.5418 0.8404 122.9082
0.9994 -0.0124 0.0487 -7.4368 0.0272 -0.4422 -0.8965 0.0062 0.0236 -0.8962 0.4428 120.7335
0.9992 -0.0189 0.0695 -6.7564 0.0382 -0.4142 -0.9094 0.0063 0.0104 -0.9092 0.4145 118.6677
0.9992 -0.0478 0.0647 -6.1448 0.0359 0.4311 -0.9016 0.0063 0.0183 -0.9019 -0.4305 116.7232
0.9993 -0.0523 0.0650 -5.5718 0.0380 0.5185 -0.8542 0.0063 0.0069 -0.8544 -0.5183 114.8805
0.9995 -0.0346 0.0132 -5.0578 0.0288 0.9730 -0.2290 0.0063 0.0143 -0.2294 -0.9729 113.1435
0.9994 -0.0068 -0.0063 -4.2996 0.0104 0.9531 0.3024 0.0062 0.0323 0.3021 -0.9532 110.5274
0.9999 -0.0101 0.0090 -3.6467 -0.0072 -0.7813 0.6241 0.0060 0.0149 0.6240 0.7814 107.8880
0.9993 0.0438 -0.0546 -2.8607 -0.0319 0.5165 -0.8557 0.0059 0.0199 -0.8553 -0.5171 104.0608
0.9988 0.0488 -0.0049 -2.2958 -0.0465 0.9975 -0.0526 0.0058 0.0133 -0.0520 -0.9976 100.8942
0.9981 -0.0382 0.0113 -1.8100 -0.0331 -0.9848 0.1704 0.0059 0.0523 0.1687 0.9851 97.4768
0.9947 0.0403 0.0461 -1.4821 -0.0676 0.9377 0.3409 0.0057 0.0775 0.3458 -0.9359 93.6458
0.9962 0.0041 0.1048 -1.3187 -0.0771 0.7311 0.6779 0.0056 0.0411 0.6802 -0.7290 90.7774
0.9966 0.0001 0.1132 -1.1597 -0.0802 0.7056 0.7040 0.0056 0.0195 0.7051 -0.7045 87.6542
0.9971 -0.0004 0.1082 -0.9926 -0.0763 0.7026 0.7075 0.0056 0.0079 0.7079 -0.7021 84.2827
1.0000 -0.0001 0.0129 -0.8232 -0.0091 0.7042 0.7100 0.0060 0.0030 0.7100 -0.7041 80.8433
0.9990 0.0003 -0.0628 -0.6629 0.0442 0.7036 0.7093 0.0063 0.0010 0.7092 -0.7036 77.5862
0.9979 0.0004 -0.0916 -0.5142 0.0645 0.7029 0.7083 0.0065 0.0003 0.7083 -0.7029 74.5636
0.9978 0.0003 -0.0946 -0.2502 0.0667 0.7031 0.7080 0.0065 -0.0000 0.7080 -0.7031 69.1985
0.9982 0.0003 -0.0855 -0.1333 0.0602 0.7035 0.7081 0.0064 -0.0001 0.7081 -0.7035 66.8238
0.9998 -0.0001 0.0295 0.0397 -0.0208 0.7046 0.7093 0.0060 -0.0001 0.7093 -0.7046 63.3100
0.9983 -0.0003 0.0824 0.1669 -0.0581 0.7034 0.7084 0.0057 -0.0001 0.7084 -0.7034 60.7247
0.9973 -0.0004 0.1042 0.3063 -0.0734 0.7026 0.7078 0.0057 -0.0001 0.7078 -0.7026 57.8927
0.9969 -0.0004 0.1119 0.4581 -0.0788 0.7022 0.7076 0.0056 -0.0001 0.7076 -0.7022 54.8081
0.9989 -0.0003 0.0674 0.6197 -0.0475 0.7034 0.7092 0.0058 -0.0001 0.7092 -0.7034 51.5238
0.9998 0.0001 -0.0302 0.7773 0.0213 0.7042 0.7097 0.0062 -0.0001 0.7097 -0.7042 48.3209
0.9985 0.0003 -0.0779 0.9244 0.0549 0.7034 0.7087 0.0064 -0.0001 0.7087 -0.7034 45.3307
0.9979 0.0003 -0.0921 1.0605 0.0649 0.7031 0.7081 0.0065 -0.0001 0.7081 -0.7031 42.5661
0.9986 0.0002 -0.0747 1.1871 0.0527 0.7038 0.7085 0.0064 -0.0001 0.7085 -0.7038 39.9926
0.9987 0.0002 -0.0734 1.3066 0.0517 0.7039 0.7084 0.0064 -0.0001 0.7084 -0.7039 37.5650
0.9993 0.0002 -0.0516 1.4188 0.0364 0.7044 0.7089 0.0063 -0.0001 0.7089 -0.7044 35.2856
0.9999 0.0001 -0.0239 1.5866 0.0168 0.7048 0.7092 0.0062 -0.0001 0.7093 -0.7048 31.8767
0.9999 -0.0025 0.0045 1.6679 -0.0023 -0.1391 0.9903 0.0061 0.0168 0.9903 0.1392 29.6393
0.9999 0.0160 -0.0257 1.7409 0.0132 -0.2407 0.9705 0.0062 0.0072 0.9705 0.2406 27.3980
0.9995 0.0380 -0.0603 1.8072 0.0312 -0.2502 0.9677 0.0064 -0.0008 0.9677 0.2502 25.2832
0.9999 0.0034 -0.0022 1.8446 0.0025 -0.8978 0.4403 0.0061 0.0149 0.4404 0.8978 23.2267
0.9987 -0.0645 0.0363 1.8790 -0.0497 -0.9299 0.3644 0.0058 0.0055 0.3642 0.9300 20.9985
0.9974 -0.0931 0.0520 1.9154 -0.0719 -0.9300 0.3604 0.0057 0.0022 0.3603 0.9301 18.5165
0.9969 -0.1024 0.0571 1.9553 -0.0791 -0.9297 0.3598 0.0056 0.0008 0.3598 0.9297 15.7776
0.9988 -0.0628 0.0350 1.9982 -0.0486 -0.9315 0.3604 0.0058 0.0003 0.3604 0.9315 12.8351
0.9998 0.0229 -0.0128 2.0400 0.0177 -0.9325 0.3608 0.0062 0.0000 0.3608 0.9325 9.9634
0.9989 0.0606 -0.0338 2.0790 0.0469 -0.9315 0.3607 0.0064 -0.0000 0.3607 0.9315 7.2831
1.0000 0.0108 -0.0060 2.1167 0.0084 -0.9325 0.3611 0.0061 -0.0001 0.3611 0.9325 4.6872
0.9991 -0.0537 0.0300 2.1568 -0.0415 -0.9318 0.3606 0.0058 -0.0001 0.3606 0.9318 1.9388
0.9978 -0.0855 0.0477 2.2001 -0.0661 -0.9306 0.3600 0.0057 -0.0001 0.3600 0.9306 -1.0409
0.9971 0.0041 -0.1043 2.2091 -0.0709 -0.6760 -0.7335 0.0057 0.0292 -0.7349 0.6744 -4.2624
0.9997 0.0032 -0.0143 2.1905 -0.0082 -0.4860 -0.8739 0.0060 0.0216 -0.8740 0.4859 -7.5524
0.9923 -0.0301 -0.0200 2.1016 0.0416 0.9698 0.2403 0.0063 0.1164 0.2356 -0.9710 -10.6646
0.9966 0.0592 -0.0931 1.9176 0.0483 -0.2602 0.9644 0.0064 0.0665 0.9652 0.2571 -13.5990
0.9890 -0.0201 0.1028 1.6522 0.0607 -0.5243 -0.8494 0.0064 0.1351 -0.8451 0.5313 -16.3306
0.9904 0.0740 -0.0773 1.2235 0.0526 -0.6739 0.7369 0.0064 0.1276 0.7414 0.6690 -18.8434
0.9925 -0.0561 0.1039 0.2516 0.0523 0.0761 -0.9957 0.0064 0.1104 -0.9962 -0.0703 -23.3784
0.9968 0.0013 0.0154 -1.2464 -0.0119 0.7594 0.6505 0.0060 0.0792 0.6512 -0.7588 -27.5296
0.9941 0.0429 -0.0253 -2.5221 0.0329 -0.9224 0.3848 0.0063 0.1033 0.3879 0.9211 -30.5226
0.9618 0.0137 0.0084 -4.1175 -0.0192 0.9747 0.2227 0.0060 0.2730 0.2278 -0.9735 -33.2252
0.9975 0.0002 -0.0056 -6.1951 -0.0038 -0.6758 -0.7371 0.0061 0.0707 -0.7373 0.6756 -35.9475
0.9730 0.0343 -0.0253 -9.1534 -0.0255 0.8637 -0.5034 0.0059 0.2292 -0.4984 -0.8666 -39.2465
0.9893 -0.0483 0.0609 -12.0970 -0.0354 -0.5032 0.8634 0.0059 0.1412 0.8609 0.5076 -41.5054
0.9923 0.0035 -0.0088 -16.1282 -0.0045 -0.1987 -0.9800 0.0061 0.1235 -0.9802 0.1982 -44.2518
0.9793 -0.0535 0.0515 -22.3146 -0.0383 -0.7325 0.6797 0.0059 0.1987 0.6741 0.7377 -46.8815
0.9931 0.0253 0.0176 -26.2449 0.0355 -0.9679 -0.2489 0.0063 0.1116 -0.2450 0.9689 -47.9955
0.9948 0.0033 0.0261 -30.0963 -0.0210 0.7831 0.6216 0.0060 0.0998 0.6232 -0.7818 -48.8516
0.9954 0.0145 -0.0997 -34.4102 -0.0613 -0.5785 -0.8134 0.0057 0.0737 -0.8160 0.5748 -49.5439
0.9994 -0.0095 0.0387 -38.8699 0.0217 -0.4531 -0.8912 0.0062 0.0269 -0.8909 0.4536 -50.1623
0.9982 -0.0367 0.0649 -41.6463 0.0327 0.1284 -0.9912 0.0063 0.0510 -0.9914 -0.1268 -50.5248
0.9984 -0.0093 0.0154 -45.9001 -0.0079 -0.2029 0.9792 0.0060 0.0559 0.9791 0.2033 -50.8932
0.9958 -0.0455 0.0584 -50.0147 0.0335 0.4856 -0.8736 0.0063 0.0852 -0.8750 -0.4831 -51.0506
0.9976 -0.0011 0.0037 -53.9130 0.0020 -0.3974 -0.9176 0.0061 0.0690 -0.9176 0.3976 -51.0614
0.9983 -0.0092 -0.0722 -58.1237 -0.0579 -0.7807 -0.6223 0.0057 -0.0058 -0.6220 0.7809 -51.0278
0.9978 0.0522 -0.0908 -62.8259 -0.0459 0.1466 -0.9881 0.0058 -0.0484 -0.9884 -0.1444 -51.0431
0.9997 -0.0024 0.0155 -67.5371 0.0094 -0.5707 -0.8211 0.0061 -0.0223 -0.8212 0.5706 -51.1411
0.9992 0.0088 -0.0640 -72.3515 -0.0395 -0.5862 -0.8092 0.0059 -0.0073 -0.8091 0.5864 -51.2684
0.9995 -0.0067 0.0486 -77.2278 0.0300 -0.5870 -0.8091 0.0063 -0.0018 -0.8091 0.5869 -51.4006
0.9987 -0.0113 0.0827 -81.6642 0.0511 -0.5867 -0.8082 0.0064 -0.0004 -0.8082 0.5867 -51.5212
0.9975 -0.0557 0.1182 -85.7027 0.0592 -0.0580 -0.9966 0.0064 0.0379 -0.9964 0.0602 -51.6189
0.9991 -0.0557 0.0721 -89.3240 0.0410 0.4780 -0.8774 0.0063 0.0103 -0.8776 -0.4777 -51.6558
0.9991 0.0582 -0.0753 -93.0483 -0.0429 0.4779 -0.8774 0.0058 0.0027 -0.8773 -0.4780 -51.6844
0.9973 0.0996 -0.1289 -97.2959 -0.0734 0.4774 -0.8756 0.0057 0.0005 -0.8756 -0.4774 -51.7163
0.9989 0.0637 -0.0824 -102.0578 -0.0469 0.4784 -0.8769 0.0058 0.0001 -0.8769 -0.4784 -51.7521
0.9991 -0.0563 0.0728 -106.6920 0.0415 0.4784 -0.8772 0.0063 -0.0000 -0.8772 -0.4784 -51.7868
0.9980 -0.0863 0.1118 -110.8394 0.0636 0.4776 -0.8763 0.0065 -0.0001 -0.8763 -0.4776 -51.8179
0.9980 -0.0847 0.1097 -114.5135 0.0625 0.4774 -0.8765 0.0065 -0.0001 -0.8765 -0.4774 -51.8455
0.9983 0.0797 -0.1032 -121.5884 -0.0588 0.4776 -0.8766 0.0057 -0.0001 -0.8766 -0.4776 -51.8987
1.0000 0.0121 -0.0157 -125.6575 -0.0089 0.4786 -0.8780 0.0060 -0.0001 -0.8780 -0.4786 -51.9292
0.9989 -0.0631 0.0818 -129.4390 0.0466 0.4779 -0.8772 0.0064 -0.0001 -0.8772 -0.4779 -51.9576
0.9986 -0.0705 0.0912 -132.8004 0.0519 0.4775 -0.8771 0.0064 -0.0001 -0.8771 -0.4775 -51.9829
1.0000 -0.0115 0.0149 -134.9307 0.0085 0.4781 -0.8783 0.0061 -0.0001 -0.8783 -0.4781 -51.9989
0.9998 -0.0279 0.0362 -139.3680 0.0206 0.4780 -0.8781 0.0062 -0.0001 -0.8781 -0.4780 -52.0322
0.9990 -0.0595 0.0771 -142.3740 0.0439 0.4775 -0.8775 0.0063 -0.0001 -0.8775 -0.4776 -52.0548
