0.9955 0.1335 -0.1355 -1.9201 -0.0944 0.6934 -0.7143 0.0057 -0.0001 -0.7143 -0.6934 -0.0053
0.9974 0.1019 -0.1034 -2.4809 -0.0720 0.6948 -0.7156 0.0058 -0.0001 -0.7156 -0.6948 -0.0069
0.9977 0.0963 -0.0978 -3.0869 -0.0681 0.6948 -0.7160 0.0058 -0.0001 -0.7160 -0.6948 -0.0086
0.9972 0.1052 -0.1064 -3.7557 -0.0744 0.6974 -0.7128 0.0057 -0.0000 -0.7128 -0.6974 -0.0104
0.9965 0.1174 -0.1193 -4.4970 -0.0830 0.6934 -0.7158 0.0056 -0.0001 -0.7158 -0.6934 -0.0124
0.9960 0.1259 -0.1273 -5.3138 -0.0890 0.6966 -0.7120 0.0056 0.0000 -0.7120 -0.6966 -0.0147
0.9956 0.1321 -0.1337 -6.2073 -0.0934 0.6954 -0.7125 0.0055 -0.0000 -0.7125 -0.6954 -0.0171
0.9953 0.1371 -0.1388 -7.1805 -0.0970 0.6952 -0.7122 0.0055 -0.0000 -0.7122 -0.6952 -0.0198
0.9958 0.1290 -0.1305 -8.2238 -0.0912 0.6957 -0.7125 0.0056 -0.0000 -0.7125 -0.6957 -0.0226
0.9981 0.0862 -0.0872 -9.2941 -0.0609 0.6973 -0.7142 0.0057 -0.0001 -0.7142 -0.6973 -0.0255
0.9997 0.0341 -0.0345 -10.3488 -0.0241 0.6984 -0.7153 0.0059 -0.0001 -0.7153 -0.6984 -0.0284
1.0000 -0.0054 0.0055 -11.3731 0.0038 0.6986 -0.7155 0.0061 -0.0001 -0.7155 -0.6986 -0.0312
0.9998 -0.0312 0.0316 -12.3616 0.0221 0.6984 -0.7154 0.0062 -0.0001 -0.7154 -0.6984 -0.0339
0.9995 -0.0467 0.0473 -13.3126 0.0330 0.6981 -0.7152 0.0063 -0.0001 -0.7152 -0.6981 -0.0365
0.9991 -0.0595 0.0602 -15.1028 0.0420 0.6978 -0.7151 0.0063 -0.0001 -0.7151 -0.6978 -0.0413
0.9991 -0.0611 0.0618 -16.7496 0.0432 0.6977 -0.7151 0.0063 -0.0001 -0.7151 -0.6977 -0.0458
0.9991 -0.0594 0.0601 -18.2607 0.0420 0.6977 -0.7152 0.0063 -0.0001 -0.7152 -0.6977 -0.0499
0.9996 -0.0403 0.0408 -19.6615 0.0285 0.6979 -0.7156 0.0063 -0.0001 -0.7156 -0.6979 -0.0537
0.9997 0.0335 -0.0340 -21.1187 -0.0237 0.6981 -0.7156 0.0060 -0.0001 -0.7156 -0.6981 -0.0577
0.9999 0.0214 -0.0217 -23.5880 -0.0151 0.6983 -0.7157 0.0060 -0.0001 -0.7157 -0.6983 -0.0645
0.9997 -0.0369 0.0373 -25.9270 0.0261 0.6981 -0.7156 0.0062 -0.0001 -0.7156 -0.6981 -0.0708
1.0000 -0.0017 0.0017 -28.0757 0.0012 0.6982 -0.7159 0.0061 -0.0001 -0.7159 -0.6982 -0.0767
0.9976 0.0979 -0.0991 -30.5678 -0.0692 0.6967 -0.7140 0.0057 -0.0001 -0.7140 -0.6967 -0.0835
0.9961 0.1248 -0.1263 -33.7201 -0.0882 0.6959 -0.7127 0.0056 -0.0001 -0.7127 -0.6959 -0.0921
0.9964 0.1202 -0.1215 -37.4848 -0.0850 0.6963 -0.7127 0.0056 -0.0001 -0.7127 -0.6963 -0.1023
0.9987 0.0712 -0.0720 -41.7798 -0.0503 0.6982 -0.7142 0.0058 -0.0001 -0.7142 -0.6982 -0.1139
0.9999 -0.0238 0.0241 -44.6203 0.0168 0.6989 -0.7151 0.0062 -0.0001 -0.7151 -0.6989 -0.1216
0.9985 -0.0779 0.0788 -48.5167 0.0551 0.6977 -0.7143 0.0064 -0.0001 -0.7143 -0.6977 -0.1322
0.9983 -0.0820 0.0830 -51.9702 0.0580 0.6973 -0.7144 0.0064 -0.0001 -0.7144 -0.6973 -0.1416
0.9987 -0.0713 0.0732 -55.9680 0.0505 0.6878 -0.7241 0.0064 -0.0000 -0.7241 -0.6878 -0.1524
0.9994 -0.0496 0.0510 -60.1380 0.0351 0.6859 -0.7269 0.0063 -0.0000 -0.7269 -0.6859 -0.1639
0.9994 -0.0496 0.0511 -62.9930 0.0351 0.6846 -0.7281 0.0063 -0.0000 -0.7281 -0.6846 -0.1717
0.9994 -0.0474 0.0490 -65.3939 0.0336 0.6836 -0.7291 0.0063 -0.0000 -0.7291 -0.6836 -0.1783
0.9983 0.0078 -0.0408 -67.0966 -0.0240 -0.5261 -0.8501 0.0059 -0.0527 -0.8494 0.5272 -0.2160
1.0000 -0.0001 -0.0002 -69.8095 -0.0002 -0.8896 -0.4567 0.0061 0.0010 -0.4567 0.8896 -0.3190
0.9984 0.0633 -0.0423 -73.2058 -0.0472 0.8929 -0.4477 0.0058 -0.0315 -0.4491 -0.8923 -0.5926
0.9982 -0.0050 0.0272 -76.2412 0.0161 -0.5361 -0.8440 0.0062 -0.0584 -0.8445 0.5353 -0.9635
0.9669 -0.0023 0.0570 -79.6693 -0.0400 0.6882 0.7244 0.0059 -0.2521 0.7174 -0.6956 -2.0927
0.9245 0.0267 0.0456 -81.1144 -0.0594 0.9154 0.3981 0.0057 -0.3766 0.3776 -0.9243 -3.1346
0.9399 0.0258 -0.1034 -82.4304 -0.0607 -0.4788 -0.8758 0.0057 -0.3360 -0.8660 0.4968 -4.6609
0.9820 -0.0597 0.0580 -83.0836 -0.0426 -0.7269 0.6854 0.0058 -0.1838 0.6912 0.7215 -5.5131
0.9869 -0.0085 -0.0007 -84.2856 0.0090 0.9992 0.0401 0.0061 -0.1609 0.0416 -0.9991 -7.2209
0.9825 -0.0013 0.0177 -84.8149 0.0118 -0.6539 -0.7565 0.0062 -0.1858 -0.7579 0.6523 -8.0836
0.9741 0.0001 0.0054 -85.2997 -0.0040 0.7298 0.6837 0.0061 -0.2262 0.6830 -0.7304 -8.9905
0.9972 0.0151 -0.0354 -86.2601 -0.0179 -0.1465 -0.9890 0.0060 -0.0729 -0.9889 0.1478 -10.9231
0.9968 0.0000 -0.0008 -86.7228 -0.0006 -0.6842 -0.7293 0.0061 -0.0805 -0.7292 0.6843 -11.8890
0.9865 0.0106 0.0017 -87.5478 -0.0117 0.9971 0.0747 0.0060 -0.1634 0.0728 -0.9973 -13.8612
0.9982 0.0176 -0.0425 -88.3273 -0.0216 -0.1709 -0.9851 0.0060 -0.0556 -0.9849 0.1721 -15.9870
0.9940 0.0252 -0.0220 -89.0286 0.0180 -0.7907 0.6119 0.0062 -0.1078 0.6104 0.7919 -18.0814
0.9960 0.0033 -0.0058 -89.5718 -0.0029 0.1362 -0.9907 0.0061 -0.0889 -0.9907 -0.1359 -20.1658
0.9739 -0.0113 0.0069 -90.6043 -0.0087 -0.9158 0.4015 0.0060 -0.2268 0.4033 0.9150 -25.7025
0.9949 0.0512 -0.0114 -90.7449 -0.0461 0.9913 -0.1234 0.0058 -0.0901 -0.1275 -0.9908 -28.1043
0.9968 0.0093 -0.0097 -90.8462 -0.0066 0.6721 -0.7404 0.0061 -0.0799 -0.7408 -0.6717 -30.5815
0.9835 -0.0071 0.0225 -90.8090 -0.0121 0.3541 0.9351 0.0060 -0.1805 0.9344 -0.3561 -33.0313
0.9838 -0.0112 0.0689 -90.5082 -0.0421 0.5664 0.8231 0.0058 -0.1744 0.8189 -0.5724 -35.6086
0.9914 0.0050 -0.0033 -90.0835 -0.0037 0.8963 -0.4434 0.0061 -0.1310 -0.4439 -0.8961 -38.2344
0.9768 -0.0075 0.0185 -89.4973 -0.0095 0.2017 0.9794 0.0060 -0.2138 0.9790 -0.2037 -40.7913
0.9885 0.0108 -0.0042 -87.9005 0.0090 -0.9721 0.2343 0.0061 -0.1507 0.2330 0.9724 -45.9492
0.9978 0.0017 -0.0037 -86.9671 0.0018 0.0438 0.9990 0.0061 -0.0660 0.9990 -0.0437 -48.4666
0.9971 0.0041 -0.0495 -86.0354 0.0323 0.6414 0.7665 0.0063 -0.0691 0.7680 -0.6397 -50.8774
0.9836 0.0058 -0.0027 -85.0021 0.0047 -0.9550 0.2967 0.0061 -0.1804 0.2959 0.9552 -53.1666
0.9966 0.0029 0.0128 -83.8047 -0.0114 0.8251 0.5649 0.0060 -0.0814 0.5641 -0.8256 -55.4887
0.9984 0.0007 0.0002 -81.2110 0.0008 -0.9920 -0.1260 0.0061 -0.0569 -0.1261 0.9920 -59.9265
0.9976 0.0412 -0.0289 -79.8954 0.0304 -0.8797 0.4745 0.0063 -0.0626 0.4729 0.8806 -62.0346
0.9972 -0.0176 0.0128 -76.9561 -0.0129 -0.8671 0.4980 0.0060 -0.0730 0.4988 0.8666 -65.9996
0.9658 0.0227 0.0049 -73.5784 -0.0262 0.9951 0.0953 0.0059 -0.2579 0.0886 -0.9957 -69.6895
0.9057 -0.0329 0.0856 -71.4016 -0.0468 0.2818 0.9583 0.0058 -0.4212 0.9528 -0.3007 -71.2869
0.9015 0.0312 0.0308 -68.7976 -0.0549 0.9541 0.2943 0.0058 -0.4292 0.2717 -0.9611 -72.4918
0.9577 -0.0022 -0.0079 -66.0009 -0.0077 -0.8486 -0.5290 0.0060 -0.2876 -0.5271 0.8498 -73.4129
0.9882 0.0249 0.0186 -63.3092 0.0359 -0.9646 -0.2611 0.0063 -0.1492 -0.2663 0.9632 -74.1469
0.9920 0.0087 -0.0018 -56.5737 -0.0080 0.9938 -0.1105 0.0060 -0.1261 -0.1115 -0.9937 -75.6992
0.9981 0.0057 -0.0118 -53.7657 -0.0059 -0.0335 -0.9994 0.0061 -0.0615 -0.9994 0.0339 -76.1990
0.9922 0.0390 -0.0390 -49.7336 0.0276 -0.7059 0.7077 0.0063 -0.1215 0.7054 0.7083 -76.8101
0.9985 0.0027 -0.0157 -47.0722 0.0094 0.5485 0.8361 0.0061 -0.0537 0.8364 -0.5481 -77.1017
0.9992 -0.0009 0.0002 -43.1780 0.0008 0.9918 -0.1281 0.0061 -0.0387 -0.1280 -0.9918 -77.4584
0.9998 -0.0180 0.0076 -39.3346 0.0147 0.9655 -0.2598 0.0062 -0.0115 -0.2597 -0.9656 -77.7639
0.9996 0.0356 -0.0150 -36.7270 -0.0291 0.9658 -0.2576 0.0059 -0.0044 -0.2578 -0.9658 -77.9671
0.9973 0.0841 -0.0915 -33.9069 -0.0597 0.6414 -0.7649 0.0057 -0.0423 -0.7665 -0.6395 -78.1736
0.9971 0.0735 -0.1469 -30.8417 -0.0735 0.0011 -0.9973 0.0057 -0.0216 -0.9973 0.0005 -78.3598
0.9969 0.0726 -0.1531 -29.2149 -0.0766 -0.0517 -0.9957 0.0056 -0.0180 -0.9956 0.0531 -78.4519
0.9960 -0.0559 -0.0408 -25.7730 -0.0791 -0.9630 -0.2575 0.0056 -0.0411 -0.2544 0.9639 -78.6012
0.9962 -0.0765 -0.0063 -23.9578 -0.0797 -0.9960 -0.0391 0.0056 -0.0348 -0.0363 0.9962 -78.6652
0.9965 -0.0861 0.0127 -20.1400 -0.0800 -0.9937 0.0789 0.0056 -0.0238 0.0808 0.9935 -78.7799
0.9971 -0.0823 0.0149 -16.0790 -0.0752 -0.9922 0.0990 0.0056 -0.0126 0.1000 0.9921 -78.8893
1.0000 -0.0057 0.0011 -11.9603 -0.0052 -0.9947 0.1029 0.0061 -0.0058 0.1029 0.9947 -78.9964
0.9994 0.0364 -0.0069 -8.0220 0.0332 -0.9940 0.1040 0.0063 -0.0024 0.1039 0.9940 -79.0976
0.9998 0.0217 -0.0041 -6.0778 0.0198 -0.9944 0.1042 0.0062 -0.0016 0.1042 0.9944 -79.1475
0.9992 0.0431 -0.0082 -2.2647 0.0392 -0.9938 0.1044 0.0063 -0.0006 0.1043 0.9938 -79.2451
0.9970 0.0936 -0.0857 1.3204 0.0664 -0.7621 0.6441 0.0065 -0.0404 0.6420 0.7638 -79.3245
0.9976 0.0703 -0.1274 4.6675 0.0641 -0.1035 0.9926 0.0065 -0.0272 0.9924 0.1053 -79.3584
0.9988 0.0468 -0.0919 7.8492 0.0460 -0.0184 0.9988 0.0064 -0.0188 0.9988 0.0193 -79.3692
0.9999 -0.0128 0.0253 11.0595 -0.0127 -0.0106 0.9999 0.0060 -0.0089 0.9999 0.0104 -79.3717
0.9987 -0.0522 0.1035 14.4620 -0.0517 -0.0098 0.9986 0.0058 -0.0035 0.9986 0.0096 -79.3727
0.9976 -0.0698 0.1383 18.0985 -0.0692 -0.0099 0.9976 0.0057 -0.0013 0.9976 0.0098 -79.3734
0.9971 -0.0766 0.1517 21.9786 -0.0758 -0.0101 0.9971 0.0056 -0.0005 0.9971 0.0101 -79.3741
0.9970 -0.0788 0.1560 26.1040 -0.0780 -0.0104 0.9969 0.0056 -0.0002 0.9969 0.0104 -79.3748
0.9969 -0.0793 0.1569 30.4734 -0.0785 -0.0108 0.9969 0.0056 -0.0001 0.9969 0.0108 -79.3756
0.9990 -0.0448 0.0885 35.0318 -0.0443 -0.0110 0.9990 0.0058 -0.0001 0.9990 0.0110 -79.3765
0.9995 0.0329 -0.0652 39.4739 0.0326 -0.0109 0.9994 0.0063 -0.0001 0.9994 0.0109 -79.3773
0.9975 0.0717 -0.1419 43.6418 0.0710 -0.0106 0.9974 0.0065 -0.0001 0.9974 0.0106 -79.3781
0.9992 0.0404 -0.0800 47.6236 0.0400 -0.0104 0.9991 0.0063 -0.0001 0.9991 0.0104 -79.3789
0.9989 0.0479 -0.0949 51.5100 0.0474 -0.0102 0.9988 0.0064 -0.0001 0.9988 0.0102 -79.3796
0.9976 0.0705 -0.1396 55.1623 0.0698 -0.0100 0.9975 0.0065 -0.0001 0.9975 0.0100 -79.3803
0.9969 0.0791 -0.1567 58.5490 0.0784 -0.0096 0.9969 0.0066 -0.0001 0.9969 0.0097 -79.3808
0.9963 -0.0155 0.0577 63.2611 0.0319 -0.4219 -0.9061 0.0063 -0.0796 -0.9072 0.4196 -79.2461
0.9981 0.0063 0.0404 66.3231 0.0334 -0.7955 -0.6050 0.0063 -0.0524 -0.6064 0.7945 -79.0602
0.9986 0.0130 -0.0092 69.3087 0.0096 -0.8761 0.4820 0.0061 -0.0527 0.4816 0.8764 -78.8169
0.9993 0.0374 -0.0337 72.2591 0.0266 -0.7739 0.6328 0.0062 -0.0272 0.6322 0.7743 -78.5492
0.9981 0.0398 -0.0620 75.0581 0.0322 -0.2705 0.9622 0.0063 -0.0526 0.9617 0.2721 -78.2734
0.9997 0.0076 -0.0229 77.8428 0.0121 0.3214 0.9469 0.0062 -0.0226 0.9470 -0.3211 -77.9626
0.9992 0.0226 -0.0735 80.5151 0.0394 0.3582 0.9328 0.0063 -0.0115 0.9330 -0.3578 -77.6544
0.9981 -0.0063 0.0232 84.2627 0.0128 -0.4145 -0.9099 0.0062 -0.0606 -0.9103 0.4138 -77.0960
0.9982 0.0110 0.0098 87.9249 0.0166 -0.9559 -0.2933 0.0062 -0.0568 -0.2943 0.9556 -76.4415
0.9989 0.0053 0.0159 91.6402 -0.0155 0.8575 0.5142 0.0060 -0.0442 0.5136 -0.8579 -75.5946
0.9931 -0.0067 0.0150 94.0799 0.0076 -0.1096 -0.9940 0.0061 -0.1174 -0.9940 0.1087 -74.9485
0.9964 0.0210 -0.0121 97.7625 -0.0161 0.9262 -0.3768 0.0060 -0.0836 -0.3780 -0.9257 -73.6569
0.9901 0.0037 0.0065 100.1573 0.0078 -0.9062 -0.4228 0.0061 -0.1398 -0.4238 0.9057 -72.6899
0.9628 -0.0245 0.0008 102.5023 -0.0251 -0.9996 0.0156 0.0059 -0.2690 0.0223 0.9995 -71.4890
0.8986 0.0129 -0.0700 104.7675 -0.0455 -0.5852 -0.8096 0.0058 -0.4364 -0.7980 0.6013 -69.8509
0.9627 -0.0106 0.0082 107.8962 -0.0079 -0.8498 0.5271 0.0060 -0.2705 0.5289 0.8487 -66.7147
0.9546 0.0020 -0.0117 109.7180 -0.0073 -0.5687 -0.8225 0.0060 -0.2978 -0.8213 0.5705 -64.4427
0.9875 -0.0106 0.0253 111.4369 -0.0129 0.1687 0.9856 0.0060 -0.1570 0.9852 -0.1707 -61.9791
0.9924 -0.0080 -0.0321 113.0354 0.0292 0.8333 0.5521 0.0063 -0.1195 0.5550 -0.8313 -59.5448
0.9986 -0.0088 0.0005 114.5415 0.0085 0.9996 -0.0278 0.0061 -0.0517 -0.0273 -0.9996 -57.1515
0.9978 -0.0319 0.0276 116.0105 0.0228 0.7939 -0.6076 0.0062 -0.0618 -0.6065 -0.7948 -54.7672
0.9822 0.0007 -0.0027 117.3244 0.0015 0.4321 0.9018 0.0061 -0.1877 0.9020 -0.4318 -52.3619
0.9783 0.0191 0.0256 118.4343 -0.0353 0.9294 0.3673 0.0059 -0.2044 0.3606 -0.9321 -49.7188
0.9922 -0.0039 0.0037 119.4272 0.0027 0.7388 -0.6739 0.0061 -0.1248 -0.6736 -0.7390 -46.9732
0.9865 0.0219 0.0037 120.2673 0.0241 -0.9968 -0.0768 0.0062 -0.1617 -0.0807 0.9965 -44.3182
0.9971 -0.0210 0.0351 121.0212 -0.0179 -0.1924 0.9812 0.0060 -0.0737 0.9814 0.1911 -41.5965
0.9900 0.0112 -0.0095 121.7017 -0.0081 0.8069 -0.5906 0.0060 -0.1406 -0.5916 -0.8062 -38.7984
0.9878 0.0071 0.0351 122.1927 -0.0307 0.8174 0.5753 0.0059 -0.1527 0.5715 -0.8201 -35.8853
0.9912 -0.0067 0.0066 122.5710 0.0048 0.7225 -0.6914 0.0061 -0.1320 -0.6909 -0.7229 -32.9209
0.9979 0.0024 -0.0042 122.8665 -0.0021 0.1228 -0.9924 0.0061 -0.0641 -0.9924 -0.1227 -29.9995
0.9994 -0.0208 0.0388 123.1388 0.0194 0.0740 -0.9971 0.0062 -0.0288 -0.9970 -0.0745 -27.1001
0.9999 0.0021 -0.0040 123.4010 -0.0020 0.0701 -0.9975 0.0061 -0.0113 -0.9975 -0.0701 -24.2543
0.9990 0.0471 -0.0880 123.6763 -0.0441 0.0699 -0.9966 0.0058 -0.0041 -0.9966 -0.0697 -21.2582
0.9973 -0.0314 -0.0564 123.9342 -0.0659 -0.9019 -0.4270 0.0057 -0.0308 -0.4251 0.9027 -18.0338
0.9988 -0.0337 -0.0156 124.1784 -0.0422 -0.9820 -0.1843 0.0058 -0.0229 -0.1833 0.9821 -14.6157
0.9985 0.0058 -0.0038 124.3914 0.0043 -0.8966 0.4428 0.0061 -0.0549 0.4426 0.8967 -11.2519
0.9995 0.0079 -0.0114 124.5575 0.0061 -0.3626 0.9319 0.0061 -0.0316 0.9319 0.3627 -7.9000
0.9995 0.0292 -0.0449 124.6985 0.0234 -0.2890 0.9570 0.0062 -0.0194 0.9569 0.2894 -4.6505
0.9991 0.0025 0.0188 124.7952 -0.0152 0.7861 0.6179 0.0060 -0.0388 0.6175 -0.7865 -1.3710
0.9991 -0.0190 -0.0293 124.8897 0.0367 0.9161 0.3992 0.0063 -0.0189 0.3998 -0.9158 3.5002
0.9991 -0.0216 -0.0317 124.9373 0.0407 0.9199 0.3900 0.0063 -0.0089 0.3903 -0.9198 6.5219
0.9999 0.0078 0.0114 124.9836 -0.0146 0.9209 0.3895 0.0060 -0.0035 0.3894 -0.9209 9.5699
0.9988 0.0257 0.0376 125.0325 -0.0483 0.9199 0.3892 0.0058 -0.0013 0.3891 -0.9199 12.8083
1.0000 -0.0003 -0.0005 125.0822 0.0006 0.9210 0.3896 0.0061 -0.0005 0.3896 -0.9210 16.1010
0.9991 -0.0231 -0.0338 125.1293 0.0434 0.9202 0.3891 0.0063 -0.0002 0.3891 -0.9202 19.2171
0.9999 -0.0064 -0.0094 125.1747 0.0121 0.9210 0.3894 0.0062 -0.0001 0.3894 -0.9210 22.2277
0.9995 0.0175 0.0257 125.2221 -0.0330 0.9205 0.3894 0.0059 -0.0001 0.3894 -0.9205 25.3696
1.0000 -0.0020 -0.0029 125.2702 0.0038 0.9210 0.3896 0.0061 -0.0001 0.3896 -0.9210 28.5558
0.9997 0.0140 0.0205 125.3418 -0.0263 0.9206 0.3895 0.0059 -0.0001 0.3895 -0.9206 33.3017
1.0000 -0.0027 -0.0040 125.4169 0.0051 0.9209 0.3897 0.0061 -0.0001 0.3897 -0.9209 38.2742
0.9995 -0.0167 0.0159 125.4517 0.0118 0.7393 -0.6733 0.0062 -0.0281 -0.6730 -0.7395 43.0058
0.9996 -0.0332 0.0388 125.4272 0.0238 0.5799 -0.8143 0.0062 -0.0141 -0.8141 -0.5802 47.6073
0.9990 0.0038 -0.0556 125.3215 -0.0368 -0.6537 -0.7559 0.0059 -0.0267 -0.7552 0.6544 52.2926
0.9996 -0.0000 0.0383 125.1731 0.0271 -0.7068 -0.7069 0.0062 -0.0112 -0.7071 0.7066 57.0450
0.9999 -0.0001 -0.0210 125.0215 -0.0149 -0.7087 -0.7053 0.0060 -0.0029 -0.7053 0.7088 61.6506
0.9994 0.0001 0.0490 124.8695 0.0347 -0.7085 -0.7049 0.0063 -0.0007 -0.7049 0.7085 66.2455
0.9939 0.0486 -0.0858 124.6731 0.0434 -0.1280 0.9908 0.0063 -0.1017 0.9903 0.1324 70.4184
0.9990 -0.0202 -0.0129 124.3146 0.0274 0.9714 0.2357 0.0063 -0.0358 0.2367 -0.9712 74.4546
0.9937 -0.0208 0.0659 123.8964 0.0352 -0.3477 -0.9369 0.0063 -0.1062 -0.9382 0.3442 78.1719
0.9995 -0.0120 0.0016 123.3227 -0.0113 -0.9974 0.0718 0.0060 -0.0283 0.0721 0.9973 81.9172
0.9984 0.0514 -0.0435 122.7381 0.0368 -0.8052 0.5919 0.0063 -0.0431 0.5906 0.8061 85.5293
0.9722 -0.0054 0.0307 121.8887 -0.0188 0.5573 0.8301 0.0060 -0.2332 0.8276 -0.5610 88.9561
0.9971 0.0001 -0.0010 120.6110 -0.0007 -0.6532 -0.7571 0.0061 -0.0764 -0.7571 0.6533 92.5248
0.9833 0.0011 -0.0011 119.1910 -0.0008 0.7060 -0.7082 0.0061 -0.1821 -0.7083 -0.7059 95.8663
0.9834 0.0298 -0.0651 116.2610 -0.0330 -0.0942 -0.9950 0.0059 -0.1785 -0.9944 0.1001 100.2328
0.9954 -0.0089 0.0322 114.6023 0.0177 -0.4107 -0.9116 0.0062 -0.0944 -0.9123 0.4092 102.3098
0.9994 -0.0142 0.0015 111.2088 -0.0134 -0.9983 0.0573 0.0060 -0.0305 0.0577 0.9982 106.3770
0.9991 0.0392 -0.0521 108.6680 0.0292 -0.4522 0.8914 0.0063 -0.0296 0.8910 0.4530 109.3104
0.9990 0.0550 -0.0806 107.0665 0.0429 -0.3412 0.9390 0.0063 -0.0135 0.9388 0.3418 111.1214
0.9951 -0.0382 0.0074 105.5215 0.0348 0.9938 -0.1059 0.0063 -0.0929 -0.1027 -0.9941 112.7850
0.9993 0.0230 -0.0342 103.8952 -0.0181 0.3272 -0.9448 0.0060 -0.0320 -0.9450 -0.3267 114.4412
0.9987 -0.0024 0.0066 102.2178 0.0034 -0.2587 -0.9660 0.0061 -0.0502 -0.9660 0.2585 116.1184
0.9865 0.0056 0.0061 100.4747 -0.0093 0.9443 0.3288 0.0060 -0.1638 0.3274 -0.9448 117.6832
0.9479 0.0175 -0.0715 98.4386 -0.0419 -0.4816 -0.8754 0.0058 -0.3158 -0.8690 0.4932 119.1119
0.9489 0.0663 -0.0303 96.0243 -0.0556 0.9587 -0.2788 0.0058 -0.3106 -0.2954 -0.9539 120.2724
0.9832 0.0032 -0.0133 93.4529 -0.0076 -0.4664 -0.8845 0.0060 -0.1825 -0.8839 0.4676 121.2712
0.9826 0.0237 -0.0348 90.9494 0.0186 -0.3332 0.9427 0.0062 -0.1848 0.9415 0.3364 122.0990
0.9956 0.0137 -0.0027 87.0474 -0.0125 0.9941 -0.1082 0.0060 -0.0925 -0.1094 -0.9939 123.2074
0.9805 0.0140 -0.0233 84.4396 0.0120 -0.1845 0.9828 0.0062 -0.1962 0.9823 0.1868 123.7817
0.9956 -0.0041 0.0031 81.7958 0.0030 0.8569 -0.5155 0.0061 -0.0939 -0.5153 -0.8570 124.2120
0.9959 -0.0014 -0.0011 79.2110 -0.0021 -0.9644 -0.2644 0.0065 -0.0910 -0.2642 0.9645 124.5337
0.9981 0.0057 -0.0074 76.6058 0.0042 -0.4680 0.8837 0.0061 -0.0618 0.8836 0.4683 124.7649
0.9995 0.0194 -0.0270 74.0668 0.0147 -0.4025 0.9153 0.0062 -0.0283 0.9151 0.4029 124.9699
0.9995 -0.0384 0.0533 71.4594 -0.0291 -0.4029 0.9148 0.0059 -0.0109 0.9149 0.4026 125.1751
0.9982 -0.0793 0.1102 68.6396 -0.0602 -0.4023 0.9135 0.0057 -0.0039 0.9136 0.4021 125.3964
0.9964 -0.0566 0.1431 65.5758 -0.0731 0.2046 0.9761 0.0057 -0.0427 0.9755 -0.2076 125.6235
0.9970 0.0190 0.0836 62.2650 -0.0738 0.8218 0.5650 0.0057 -0.0253 0.5634 -0.8229 125.8271
0.9998 0.0042 0.0112 58.8823 -0.0112 0.8677 0.4969 0.0060 -0.0174 0.4968 -0.8678 126.0150
0.9987 0.0095 -0.0020 55.5548 -0.0086 0.9933 -0.1152 0.0060 -0.0508 -0.1156 -0.9933 126.1788
0.9986 0.0614 -0.0685 52.0892 -0.0437 0.6203 -0.7831 0.0058 -0.0303 -0.7839 -0.6193 126.3035
0.9960 0.0597 -0.1279 48.4041 -0.0642 -0.0679 -0.9956 0.0057 -0.0630 -0.9954 0.0719 126.3988
0.9967 0.0973 -0.0891 44.4849 -0.0691 0.7623 -0.6435 0.0057 -0.0436 -0.6458 -0.7604 126.4403
0.9995 0.0052 -0.0055 40.5086 -0.0037 0.6659 -0.7460 0.0061 -0.0314 -0.7461 -0.6658 126.4471
0.9993 -0.0453 0.0491 36.7075 0.0321 0.6451 -0.7634 0.0063 -0.0169 -0.7631 -0.6455 126.4386
0.9997 -0.0302 0.0329 32.9643 0.0215 0.6422 -0.7663 0.0062 -0.0076 -0.7662 -0.6423 126.4251
0.9986 -0.0745 0.0812 29.3794 0.0529 0.6406 -0.7660 0.0064 -0.0030 -0.7659 -0.6407 126.4110
0.9979 -0.0902 0.0983 27.6782 0.0641 0.6400 -0.7657 0.0065 -0.0019 -0.7656 -0.6401 126.4041
0.9974 -0.1008 0.1099 24.4639 0.0716 0.6394 -0.7656 0.0065 -0.0008 -0.7655 -0.6394 126.3911
0.9984 -0.0784 0.0855 22.9234 0.0557 0.6399 -0.7664 0.0064 -0.0005 -0.7664 -0.6399 126.3848
0.9997 -0.0333 0.0363 21.3754 0.0236 0.6407 -0.7674 0.0062 -0.0003 -0.7674 -0.6407 126.3785
1.0000 0.0117 -0.0127 19.7914 -0.0083 0.6409 -0.7676 0.0060 -0.0002 -0.7676 -0.6409 126.3721
0.9995 0.0465 -0.0507 18.1580 -0.0330 0.6407 -0.7671 0.0059 -0.0002 -0.7671 -0.6406 126.3654
0.9987 0.0708 -0.0771 16.4688 -0.0503 0.6403 -0.7665 0.0058 -0.0001 -0.7665 -0.6403 126.3585
0.9984 0.0803 -0.0875 14.7250 -0.0570 0.6402 -0.7661 0.0058 -0.0001 -0.7661 -0.6402 126.3514
1.0000 0.0025 -0.0027 11.2341 -0.0017 0.6412 -0.7674 0.0061 -0.0001 -0.7674 -0.6412 126.3372
0.9989 -0.0665 0.0725 7.9297 0.0472 0.6403 -0.7666 0.0064 -0.0001 -0.7666 -0.6403 126.3238
0.9989 -0.0658 0.0717 4.8330 0.0467 0.6402 -0.7668 0.0064 -0.0001 -0.7668 -0.6402 126.3112
1.0000 0.0098 -0.0106 1.7221 -0.0069 0.6409 -0.7676 0.0060 -0.0001 -0.7676 -0.6409 126.2985
0.9998 -0.0247 0.0269 -1.4009 0.0175 0.6408 -0.7675 0.0062 -0.0001 -0.7675 -0.6408 126.2858
0.9989 -0.0668 0.0728 -4.3465 0.0474 0.6401 -0.7668 0.0064 -0.0001 -0.7668 -0.6401 126.2737
0.9999 -0.0160 0.0174 -7.1957 0.0114 0.6407 -0.7677 0.0062 -0.0001 -0.7677 -0.6407 126.2622
0.9994 0.0483 -0.0526 -10.1830 -0.0343 0.6405 -0.7672 0.0059 -0.0001 -0.7672 -0.6405 126.2500
1.0000 -0.0068 0.0074 -13.2168 0.0048 0.6409 -0.7676 0.0061 -0.0001 -0.7676 -0.6409 126.2376
0.9990 -0.0624 0.0681 -16.0812 0.0443 0.6401 -0.7670 0.0063 -0.0001 -0.7670 -0.6401 126.2259
0.9984 -0.0797 0.0869 -18.7374 0.0566 0.6396 -0.7666 0.0064 -0.0001 -0.7666 -0.6396 126.2151
0.9991 -0.0130 0.0236 -21.3070 0.0119 0.0986 -0.9951 0.0062 -0.0401 -0.9950 -0.0991 126.1918
0.9999 -0.0044 0.0196 -25.2886 0.0112 -0.4832 -0.8755 0.0062 -0.0120 -0.8755 0.4830 126.1041
0.9993 0.0280 0.0045 -28.9940 0.0303 -0.9968 -0.0744 0.0063 -0.0231 -0.0751 0.9967 125.9807
0.9999 0.0059 -0.0004 -31.4332 0.0057 -0.9994 0.0346 0.0061 -0.0102 0.0346 0.9994 125.8765
0.9976 0.0358 -0.0088 -35.1750 -0.0317 0.9898 -0.1390 0.0059 -0.0609 -0.1409 -0.9895 125.5890
0.9976 -0.0012 0.0015 -37.7430 0.0009 0.5233 -0.8522 0.0061 -0.0692 -0.8521 -0.5233 125.3154
0.9984 -0.0389 0.0394 -41.5733 -0.0275 -0.6969 0.7167 0.0059 -0.0489 0.7176 0.6959 124.7243
0.9985 0.0073 -0.0132 -45.4669 0.0067 -0.1077 0.9942 0.0061 -0.0546 0.9941 0.1080 124.0555
0.9997 0.0074 -0.0306 -49.3161 0.0172 0.4598 0.8878 0.0062 -0.0148 0.8880 -0.4596 123.3307
0.9946 -0.0358 0.0448 -51.7339 0.0261 0.5125 -0.8583 0.0062 -0.1001 -0.8569 -0.5147 122.8131
0.9977 0.0130 0.0082 -55.3110 0.0176 -0.9724 -0.2326 0.0062 -0.0650 -0.2338 0.9721 121.9162
0.9936 -0.0084 -0.0298 -58.7894 -0.0278 -0.8440 -0.5357 0.0059 -0.1097 -0.5331 0.8456 120.7560
0.9981 -0.0275 -0.0024 -61.2547 -0.0287 -0.9987 -0.0425 0.0059 -0.0541 -0.0409 0.9988 119.8176
0.9823 0.0073 -0.0195 -64.8314 -0.0102 -0.2505 -0.9681 0.0060 -0.1872 -0.9676 0.2524 118.2525
0.9806 0.0010 -0.0631 -67.1938 -0.0448 -0.7020 -0.7108 0.0058 -0.1906 -0.7048 0.7081 116.8655
0.9968 -0.0057 0.0029 -70.8433 -0.0045 -0.9468 0.3217 0.0061 -0.0797 0.3220 0.9467 114.4655
0.9904 -0.0070 -0.0223 -73.1131 0.0215 0.8536 0.5205 0.0062 -0.1363 0.5230 -0.8520 112.8537
0.9943 -0.0086 0.0197 -76.3689 -0.0099 0.1249 0.9921 0.0060 -0.1058 0.9920 -0.1260 110.1255
0.9951 -0.0042 -0.0360 -78.4292 0.0287 0.7772 0.6286 0.0063 -0.0948 0.6308 -0.7755 108.2724
0.9799 0.0077 -0.0066 -80.3238 0.0056 -0.7996 0.6005 0.0061 -0.1996 0.5996 0.8003 106.3627
0.9325 0.0427 -0.0325 -82.0480 -0.0325 0.8554 -0.5169 0.0059 -0.3597 -0.5269 -0.8494 104.1475
0.9735 0.0106 0.0298 -83.5979 -0.0304 0.8676 0.4963 0.0059 -0.2265 0.4903 -0.8710 101.6175
0.9725 -0.0011 0.0084 -84.9542 0.0053 -0.6027 -0.7980 0.0061 -0.2330 -0.7987 0.6017 99.0306
0.9807 0.0302 -0.0358 -86.1068 -0.0219 0.5663 -0.8239 0.0060 -0.1941 -0.8263 -0.5628 96.3044
0.9890 -0.0002 0.0119 -87.1523 0.0084 -0.6987 -0.7153 0.0061 -0.1479 -0.7162 0.6979 93.5069
0.9719 0.0022 -0.0021 -88.0014 -0.0016 0.7384 -0.6743 0.0061 -0.2352 -0.6746 -0.7382 90.7054
0.9913 -0.0137 0.0068 -88.6985 -0.0110 -0.9510 0.3090 0.0060 -0.1311 0.3103 0.9506 87.7704
0.9844 -0.0085 -0.0085 -89.2545 0.0137 0.9496 0.3133 0.0062 -0.1753 0.3156 -0.9488 84.8740
0.9961 -0.0076 0.0112 -89.6944 0.0060 0.3250 -0.9457 0.0061 -0.0875 -0.9455 -0.3254 81.9603
0.9963 -0.0106 0.0356 -90.0723 0.0192 -0.3757 -0.9265 0.0062 -0.0841 -0.9272 0.3742 79.1235
0.9957 -0.0149 0.0371 -90.3365 -0.0190 0.1981 0.9800 0.0060 -0.0904 0.9797 -0.1997 76.2306
0.9986 0.0024 -0.0183 -90.5461 0.0113 0.5914 0.8063 0.0062 -0.0513 0.8067 -0.5909 73.3082
0.9985 -0.0296 0.0077 -90.6921 0.0260 0.9886 -0.1481 0.0062 -0.0478 -0.1468 -0.9888 70.5209
0.9997 -0.0121 0.0056 -90.8154 0.0097 0.9573 -0.2889 0.0061 -0.0228 -0.2887 -0.9574 67.7388
0.9982 -0.0509 0.0557 -90.9153 0.0362 0.6371 -0.7699 0.0063 -0.0483 -0.7688 -0.6384 65.0647
0.9998 -0.0095 0.0165 -90.9805 0.0083 0.1525 -0.9883 0.0061 -0.0185 -0.9882 -0.1527 62.4647
0.9997 -0.0249 0.0443 -91.0382 0.0223 0.1227 -0.9922 0.0062 -0.0088 -0.9922 -0.1229 59.8828
0.9990 -0.0493 0.0881 -91.0906 0.0444 0.1186 -0.9919 0.0064 -0.0035 -0.9919 -0.1188 57.4568
0.9988 -0.0552 0.0989 -91.1390 0.0498 0.1162 -0.9920 0.0064 -0.0013 -0.9920 -0.1163 55.2071
0.9992 -0.0443 0.0793 -91.1847 0.0399 0.1152 -0.9925 0.0063 -0.0005 -0.9925 -0.1152 53.0817
0.9993 -0.0020 0.0504 -91.2024 0.0343 -0.6777 -0.7345 0.0063 -0.0142 -0.7349 0.6773 51.0740
0.9993 0.0033 0.0503 -91.2181 0.0380 -0.7488 -0.6617 0.0063 -0.0036 -0.6618 0.7487 48.2670
1.0000 0.0003 0.0047 -91.2309 0.0036 -0.7500 -0.6615 0.0061 -0.0009 -0.6615 0.7500 45.5797
0.9996 0.0025 0.0362 -91.2431 0.0274 -0.7505 -0.6603 0.0063 -0.0002 -0.6603 0.7505 42.9948
0.9996 0.0027 0.0393 -91.2544 0.0298 -0.7512 -0.6594 0.0063 -0.0001 -0.6594 0.7512 40.6200
0.9997 0.0023 0.0328 -91.2645 0.0248 -0.7512 -0.6596 0.0062 -0.0000 -0.6596 0.7512 38.4798
1.0000 0.0007 0.0098 -91.2745 0.0074 -0.7520 -0.6591 0.0061 -0.0001 -0.6591 0.7520 36.3593
1.0000 -0.0003 -0.0044 -91.2843 -0.0034 -0.7513 -0.6599 0.0061 -0.0001 -0.6599 0.7513 34.3119
1.0000 0.0001 0.0010 -91.2941 0.0008 -0.7507 -0.6607 0.0061 -0.0001 -0.6607 0.7507 32.2323
0.9997 -0.0022 -0.0343 -91.3085 -0.0259 -0.7488 -0.6623 0.0059 -0.0001 -0.6623 0.7488 29.1887
0.9979 -0.0694 0.0086 -91.2842 -0.0652 -0.9957 0.0660 0.0057 -0.0040 0.0663 0.9957 26.5217
0.9999 -0.0113 0.0017 -91.2573 -0.0105 -0.9968 0.0791 0.0060 -0.0009 0.0791 0.9968 23.6109
0.9996 -0.0290 0.0043 -91.2288 -0.0270 -0.9965 0.0788 0.0059 -0.0002 0.0788 0.9965 20.5425
0.9999 -0.0180 0.0025 -91.1997 -0.0168 -0.9971 0.0740 0.0060 -0.0001 0.0740 0.9971 17.4239
0.9980 -0.0675 0.0087 -91.1672 -0.0633 -0.9957 0.0683 0.0057 -0.0001 0.0683 0.9957 13.9336
0.9999 0.0130 -0.0018 -91.1331 0.0121 -0.9971 0.0745 0.0062 -0.0001 0.0745 0.9971 10.2723
0.9997 -0.0272 0.0035 -91.0996 -0.0255 -0.9973 0.0691 0.0059 -0.0001 0.0691 0.9973 6.6760
0.9997 0.0248 -0.0034 -91.0657 0.0231 -0.9969 0.0746 0.0062 -0.0000 0.0746 0.9969 3.0195
0.9984 0.0642 -0.0513 -91.0242 0.0463 -0.8312 0.5541 0.0064 -0.0333 0.5528 0.8320 -0.2879
1.0000 -0.0054 0.0066 -90.9452 -0.0039 -0.5393 0.8421 0.0067 0.0024 0.8421 0.5393 -3.4288
1.0000 0.0120 -0.0143 -90.8667 0.0086 -0.5607 0.8280 0.0065 0.0025 0.8280 0.5607 -6.5258
0.9998 0.0294 -0.0348 -90.7899 0.0211 -0.5675 0.8231 0.0062 -0.0012 0.8231 0.5675 -9.5962
0.9997 -0.0346 0.0409 -90.7143 -0.0249 -0.5675 0.8230 0.0059 -0.0003 0.8230 0.5675 -12.6200
0.9999 0.0231 -0.0274 -90.6364 0.0166 -0.5676 0.8231 0.0062 -0.0001 0.8231 0.5676 -15.7369
0.9992 0.0301 -0.0531 -90.5553 0.0268 -0.1315 0.9910 0.0062 -0.0305 0.9909 0.1323 -18.5837
0.9998 -0.0122 0.0333 -90.4392 -0.0172 0.2595 0.9656 0.0060 -0.0038 0.9656 -0.2595 -21.5017
0.9994 0.0007 -0.0183 -90.3133 0.0124 0.6781 0.7349 0.0062 -0.0320 0.7352 -0.6778 -24.3900
1.0000 0.0013 -0.0008 -89.9125 -0.0009 0.9051 -0.4253 0.0061 -0.0062 -0.4253 -0.9051 -30.9409
0.9992 0.0311 -0.0200 -89.0666 0.0234 -0.9040 0.4269 0.0062 -0.0328 0.4262 0.9043 -39.0965
0.9983 0.0213 0.0148 -86.4825 -0.0297 0.9679 0.2495 0.0059 -0.0506 0.2480 -0.9683 -52.7898
0.9991 -0.0319 0.0218 -85.4700 0.0237 0.8878 -0.4597 0.0062 -0.0339 -0.4590 -0.8881 -56.2542
0.9852 0.0336 0.0025 -84.2770 0.0354 -0.9987 -0.0359 0.0063 -0.1675 -0.0418 0.9985 -59.1555
0.9682 -0.0015 0.0584 -82.5990 0.0415 -0.6992 -0.7137 0.0063 -0.2469 -0.7209 0.6919 -61.2073
0.9983 0.0013 -0.0044 -81.0975 -0.0024 -0.3876 -0.9218 0.0061 -0.0578 -0.9217 0.3878 -62.4507
0.9997 -0.0030 -0.0009 -78.9532 -0.0035 -0.9916 -0.1297 0.0061 -0.0251 -0.1296 0.9916 -64.2184
0.9979 0.0080 -0.0015 -75.8966 -0.0073 0.9950 -0.0993 0.0060 -0.0637 -0.0998 -0.9950 -66.5156
0.9995 0.0017 -0.0027 -73.9233 -0.0014 0.2593 -0.9658 0.0061 -0.0316 -0.9658 -0.2592 -67.8961
0.9999 -0.0104 0.0021 -71.8817 -0.0094 -0.9939 0.1100 0.0060 -0.0099 0.1101 0.9939 -69.2157
1.0000 0.0012 0.0087 -69.0660 -0.0070 0.7873 0.6165 0.0061 -0.0032 0.6165 -0.7874 -70.9036
0.9999 0.0027 -0.0077 -66.1408 -0.0040 -0.2721 -0.9622 0.0062 -0.0166 -0.9622 0.2722 -72.4956
0.9994 0.0424 -0.0573 -63.2895 0.0318 -0.4326 0.9010 0.0063 -0.0115 0.9009 0.4329 -73.8916
0.9993 -0.0397 0.0044 -60.8295 0.0375 0.9976 -0.0588 0.0063 -0.0048 -0.0587 -0.9976 -74.9746
1.0000 -0.0004 0.0030 -57.7142 0.0019 -0.6015 -0.7989 0.0061 -0.0065 -0.7989 0.6015 -76.2349
0.9998 -0.0242 0.0325 -54.7440 0.0181 0.4393 -0.8982 0.0059 -0.0071 -0.8981 -0.4394 -77.1878
0.9999 -0.0050 -0.0145 -52.4552 -0.0143 -0.8612 -0.5081 0.0061 0.0081 -0.5082 0.8611 -77.7829
0.9987 0.0157 0.0527 -49.7885 -0.0496 0.8466 0.5300 0.0058 0.0100 0.5304 -0.8463 -78.3164
0.9997 -0.0183 0.0033 -47.2530 -0.0167 -0.9950 0.0985 0.0060 -0.0190 0.0988 0.9950 -78.6971
0.9998 -0.0037 0.0223 -44.6116 -0.0134 0.5545 0.8321 0.0060 -0.0135 0.8320 -0.5546 -78.9870
0.9997 -0.0029 -0.0076 -41.9348 0.0077 0.8716 0.4902 0.0061 -0.0237 0.4903 -0.8715 -79.2417
0.9988 0.0347 0.0248 -38.0373 -0.0487 0.9659 0.2542 0.0058 -0.0001 0.2542 -0.9659 -79.5791
0.9993 -0.0003 -0.0003 -33.6162 -0.0005 -0.9407 -0.3392 0.0061 -0.0374 -0.3392 0.9407 -79.7923
0.9964 -0.0262 0.0175 -29.1686 0.0195 0.8935 -0.4487 0.0061 -0.0829 -0.4473 -0.8942 -79.7416
0.9995 -0.0299 0.0609 -25.9083 0.0305 -0.0170 -0.9994 0.0062 -0.0130 -0.9994 0.0166 -79.5749
0.9998 0.0196 -0.0400 -22.2955 -0.0200 -0.0201 -0.9996 0.0060 -0.0011 -0.9996 0.0201 -79.3758
0.9999 0.0100 -0.0205 -18.5161 -0.0102 -0.0201 -0.9997 0.0060 -0.0001 -0.9997 0.0201 -79.1670
0.9966 0.0806 -0.1644 -13.7967 -0.0822 -0.0196 -0.9964 0.0056 -0.0001 -0.9964 0.0196 -78.9063
0.9998 0.0257 -0.0350 12.7602 -0.0193 0.4237 -0.9056 0.0061 -0.0002 -0.9056 -0.4237 -77.4719
0.9972 0.0997 -0.1358 17.0812 -0.0750 0.4228 -0.9031 0.0057 -0.0001 -0.9031 -0.4228 -77.2678
0.9997 0.0334 -0.0455 21.8695 -0.0251 0.4242 -0.9052 0.0059 -0.0001 -0.9052 -0.4242 -77.0417
0.9992 -0.0382 0.0343 26.4413 0.0272 0.7748 -0.6316 0.0062 0.0287 -0.6322 -0.7743 -76.8353
0.9999 0.0121 -0.0264 30.9732 0.0132 0.0840 0.9964 0.0062 0.0052 0.9964 -0.0841 -76.8206
1.0000 0.0062 -0.0136 35.0458 0.0068 0.0827 0.9966 0.0061 0.0003 0.9966 -0.0827 -76.8147
0.9995 -0.0283 0.0618 39.0830 -0.0310 0.0825 0.9961 0.0059 -0.0000 0.9961 -0.0825 -76.8088
1.0000 -0.0087 0.0189 43.3485 -0.0095 0.0826 0.9965 0.0060 -0.0001 0.9965 -0.0826 -76.8026
1.0000 0.0081 -0.0176 47.8110 0.0088 0.0825 0.9965 0.0061 -0.0001 0.9965 -0.0825 -76.7962
