0.9987 0.0022 0.0236 -0.5477 0.0183 -0.7639 -0.6451 0.0062 0.0473 -0.6445 0.7644 -15.9150
0.9989 -0.0041 0.0036 -0.8029 0.0030 0.7977 -0.6031 0.0061 0.0464 -0.6032 -0.7976 -17.6784
0.9943 -0.0145 0.0031 -1.0712 -0.0131 -0.9929 0.1179 0.0060 0.1059 0.1166 0.9931 -18.8465
0.9991 0.0141 -0.0579 -1.2370 -0.0326 -0.4556 -0.8896 0.0059 0.0268 -0.8900 0.4548 -19.4822
0.9989 -0.0387 0.0158 -2.4410 -0.0318 -0.9682 0.2482 0.0059 0.0339 0.2471 0.9685 -23.5653
0.9974 0.0056 -0.0424 -2.7091 -0.0264 -0.5943 -0.8038 0.0059 0.0668 -0.8048 0.5929 -24.3036
0.9990 0.0355 -0.0425 -3.2877 -0.0256 0.5560 -0.8308 0.0059 0.0378 -0.8302 -0.5568 -25.8482
0.9976 -0.0202 -0.0389 -4.3688 -0.0442 -0.8973 -0.4393 0.0058 0.0527 -0.4414 0.8962 -28.2526
0.9960 0.0168 -0.0141 -5.2124 -0.0121 0.8107 -0.5854 0.0060 0.0885 -0.5845 -0.8113 -29.9320
0.9978 -0.0170 0.0076 -6.1587 -0.0138 -0.9616 0.2740 0.0060 0.0644 0.2731 0.9619 -31.5473
0.9907 -0.0019 0.0173 -8.1996 -0.0110 0.6183 0.7859 0.0060 0.1353 0.7868 -0.6171 -34.7244
0.9973 -0.0278 0.0059 -9.4043 -0.0250 -0.9927 0.1177 0.0059 0.0687 0.1160 0.9929 -36.3353
0.9872 0.0069 0.0347 -10.7371 -0.0302 0.8157 0.5777 0.0059 0.1564 0.5816 -0.8129 -37.9252
0.9982 -0.0430 0.0409 -12.2403 -0.0305 -0.7416 0.6702 0.0059 0.0508 0.6690 0.7426 -39.5677
0.9942 0.0003 -0.0008 -13.7712 -0.0004 -0.2501 -0.9682 0.0061 0.1072 -0.9682 0.2500 -41.1489
0.9993 0.0078 -0.0071 -15.3660 -0.0055 0.7665 -0.6422 0.0061 0.0359 -0.6420 -0.7667 -42.7056
0.9949 0.0065 -0.0173 -16.9678 0.0089 0.2476 0.9688 0.0061 0.1005 0.9686 -0.2485 -44.1861
0.9955 0.0392 -0.0443 -18.7202 -0.0280 0.6097 -0.7921 0.0059 0.0904 -0.7906 -0.6117 -45.5955
0.9920 0.0004 -0.0007 -20.5723 0.0004 0.0305 0.9995 0.0061 0.1261 0.9995 -0.0305 -46.9678
0.9743 0.0137 -0.0463 -22.4597 0.0255 0.3921 0.9196 0.0062 0.2237 0.9173 -0.3974 -48.1237
0.9849 0.0434 -0.0643 -24.3553 0.0343 -0.3254 0.9450 0.0063 0.1697 0.9468 0.3199 -48.9761
0.9945 0.0363 -0.0005 -26.1859 0.0362 -0.9993 0.0075 0.0063 0.0984 0.0111 0.9993 -49.7184
0.9981 -0.0099 0.0120 -27.9967 0.0072 0.5486 -0.8361 0.0061 0.0611 -0.8363 -0.5482 -50.3590
0.9986 -0.0140 0.0069 -29.8236 0.0111 0.9503 -0.3111 0.0062 0.0525 -0.3116 -0.9501 -50.9815
0.9991 -0.0062 0.0100 -31.6542 -0.0052 -0.2351 0.9720 0.0061 0.0419 0.9719 0.2353 -51.5273
0.9985 -0.0056 0.0050 -32.5892 -0.0040 -0.7733 0.6340 0.0061 0.0540 0.6339 0.7734 -51.7909
0.9911 -0.0096 0.0043 -34.4399 0.0078 0.9613 -0.2753 0.0061 0.1331 -0.2763 -0.9610 -52.2171
0.9977 -0.0079 0.0126 -36.3407 -0.0065 -0.2432 0.9699 0.0061 0.0676 0.9698 0.2437 -52.5676
0.9949 -0.0068 -0.0012 -37.3046 -0.0074 -0.9969 -0.0779 0.0060 0.1005 -0.0786 0.9969 -52.7119
0.9985 0.0035 -0.0295 -38.2946 -0.0186 -0.6075 -0.7941 0.0060 0.0508 -0.7946 0.6068 -52.8482
0.9995 0.0055 -0.0231 -39.2957 -0.0130 -0.4655 -0.8849 0.0060 0.0287 -0.8851 0.4652 -52.9859
0.9998 -0.0004 0.0017 -40.2829 0.0009 -0.4336 -0.9011 0.0061 0.0185 -0.9011 0.4336 -53.1199
0.9997 0.0120 -0.0168 -42.2600 -0.0091 0.3957 -0.9183 0.0060 0.0211 -0.9182 -0.3959 -53.3601
0.9961 -0.0003 0.0116 -44.2811 -0.0080 0.6867 0.7269 0.0060 0.0879 0.7274 -0.6862 -53.5515
0.9996 -0.0157 0.0242 -46.3680 -0.0126 -0.2835 0.9589 0.0060 0.0252 0.9588 0.2838 -53.6957
0.9995 0.0256 -0.0144 -48.4000 0.0198 -0.9315 0.3632 0.0062 0.0255 0.3637 0.9313 -53.8046
0.9997 0.0280 -0.0125 -50.3177 0.0226 -0.9609 0.2758 0.0062 0.0095 0.2760 0.9609 -53.8997
0.9995 -0.0084 -0.0297 -52.2972 -0.0276 -0.8429 -0.5374 0.0059 0.0172 -0.5378 0.8426 -53.9695
0.9969 0.0393 -0.1238 -54.5184 -0.0660 -0.3432 -0.9369 0.0057 0.0438 -0.9379 0.3405 -54.0304
0.9968 0.0909 -0.1537 -57.0024 -0.0781 0.1799 -0.9806 0.0056 0.0146 -0.9804 -0.1810 -54.0690
0.9967 0.0968 -0.1590 -59.7458 -0.0814 0.2113 -0.9740 0.0056 0.0072 -0.9739 -0.2118 -54.1056
0.9966 0.0976 -0.1599 -62.7456 -0.0819 0.2141 -0.9734 0.0056 0.0030 -0.9733 -0.2144 -54.1433
0.9967 0.0973 -0.1594 -65.9997 -0.0816 0.2147 -0.9733 0.0056 0.0011 -0.9733 -0.2148 -54.1839
0.9988 0.0573 -0.0938 -69.4530 -0.0480 0.2154 -0.9754 0.0058 0.0004 -0.9753 -0.2154 -54.2268
1.0000 -0.0026 0.0043 -72.8516 0.0022 0.2156 -0.9765 0.0061 0.0001 -0.9765 -0.2156 -54.2691
0.9996 0.0322 -0.0527 -76.2894 -0.0270 0.2156 -0.9761 0.0059 0.0000 -0.9761 -0.2156 -54.3118
0.9987 0.0611 -0.1000 -79.9136 -0.0512 0.2155 -0.9752 0.0058 -0.0000 -0.9752 -0.2155 -54.3568
1.0000 -0.0025 0.0041 -83.5847 0.0021 0.2158 -0.9764 0.0061 -0.0001 -0.9764 -0.2158 -54.4024
0.9987 -0.0603 0.0988 -87.0597 0.0506 0.2154 -0.9752 0.0064 -0.0001 -0.9752 -0.2154 -54.4456
0.9987 -0.0598 0.0980 -90.3161 0.0502 0.2152 -0.9753 0.0064 -0.0001 -0.9753 -0.2152 -54.4860
1.0000 0.0050 -0.0082 -93.5769 -0.0042 0.2155 -0.9765 0.0061 -0.0001 -0.9765 -0.2155 -54.5266
0.9998 -0.0235 0.0385 -96.8437 0.0197 0.2154 -0.9763 0.0062 -0.0001 -0.9763 -0.2154 -54.5672
0.9986 -0.0624 0.1023 -99.9231 0.0524 0.2150 -0.9752 0.0064 -0.0001 -0.9752 -0.2150 -54.6054
0.9973 -0.0885 0.0875 -102.7789 0.0626 0.7138 -0.6976 0.0065 0.0389 -0.6993 -0.7121 -54.6287
0.9984 -0.0256 0.0987 -106.7487 0.0548 -0.4334 -0.8996 0.0064 0.0131 -0.8992 0.4340 -54.6097
0.9985 -0.0260 0.0987 -107.9831 0.0546 -0.4264 -0.9029 0.0064 0.0092 -0.9027 0.4269 -54.6000
1.0000 -0.0045 0.0168 -110.4237 0.0093 -0.4246 -0.9054 0.0061 0.0037 -0.9053 0.4246 -54.5795
0.9999 0.0075 -0.0283 -111.6916 -0.0156 -0.4251 -0.9050 0.0060 0.0022 -0.9050 0.4251 -54.5687
1.0000 -0.0030 0.0110 -114.2296 0.0061 -0.4209 -0.9071 0.0061 0.0007 -0.9071 0.4209 -54.5471
1.0000 -0.0038 0.0141 -115.4739 0.0078 -0.4218 -0.9067 0.0061 0.0004 -0.9067 0.4218 -54.5365
0.9995 0.0154 -0.0582 -118.0489 -0.0322 -0.4255 -0.9044 0.0059 0.0001 -0.9044 0.4255 -54.5144
0.9996 0.0141 -0.0532 -120.7878 -0.0294 -0.4255 -0.9045 0.0059 0.0000 -0.9045 0.4255 -54.4911
0.9999 0.0061 -0.0230 -124.8467 -0.0127 -0.4256 -0.9048 0.0060 -0.0001 -0.9048 0.4256 -54.4564
0.9988 0.0234 -0.0883 -127.7094 -0.0488 -0.4250 -0.9039 0.0058 -0.0001 -0.9039 0.4250 -54.4319
0.9980 0.0306 -0.1154 -130.7994 -0.0638 -0.4245 -0.9032 0.0057 -0.0001 -0.9032 0.4245 -54.4055
1.0000 0.0029 -0.0111 -133.9556 -0.0061 -0.4253 -0.9050 0.0061 -0.0001 -0.9050 0.4253 -54.3785
0.9992 -0.0189 0.0715 -136.9433 0.0395 -0.4251 -0.9043 0.0063 -0.0001 -0.9043 0.4251 -54.3530
0.9994 -0.0164 0.0619 -138.3826 0.0342 -0.4253 -0.9044 0.0063 -0.0001 -0.9044 0.4253 -54.3407
0.9998 0.0086 -0.0324 -141.3243 -0.0179 -0.4254 -0.9048 0.0060 -0.0001 -0.9048 0.4254 -54.3155
0.9988 0.0239 -0.0903 -144.4599 -0.0499 -0.4248 -0.9039 0.0058 -0.0001 -0.9039 0.4248 -54.2887
1.0000 0.0003 -0.0011 -147.6526 -0.0006 -0.4253 -0.9050 0.0061 -0.0001 -0.9050 0.4253 -54.2614
0.9997 -0.0125 0.0471 -149.1886 0.0260 -0.4252 -0.9047 0.0062 -0.0001 -0.9047 0.4252 -54.2483
0.9990 -0.0212 0.0802 -150.6710 0.0443 -0.4250 -0.9041 0.0063 -0.0001 -0.9041 0.4250 -54.2356
0.9985 -0.0265 0.1002 -152.0978 0.0554 -0.4249 -0.9036 0.0064 -0.0001 -0.9036 0.4249 -54.2234
0.9983 -0.0282 0.1063 -153.4718 0.0587 -0.4249 -0.9033 0.0064 -0.0001 -0.9033 0.4249 -54.2117
0.9990 -0.0212 0.0802 -154.8173 0.0443 -0.4253 -0.9040 0.0063 -0.0001 -0.9040 0.4252 -54.2002
0.9999 -0.0075 0.0285 -157.5239 0.0157 -0.4256 -0.9048 0.0062 -0.0001 -0.9048 0.4256 -54.1771
0.9996 -0.0131 0.0495 -158.8444 0.0273 -0.4255 -0.9045 0.0063 -0.0001 -0.9045 0.4255 -54.1658
0.9988 -0.0230 0.0871 -161.3517 0.0481 -0.4253 -0.9038 0.0064 -0.0001 -0.9038 0.4253 -54.1444
0.9985 -0.0265 0.1001 -163.6697 0.0553 -0.4252 -0.9034 0.0064 -0.0001 -0.9034 0.4252 -54.1246
0.9985 -0.0258 0.0976 -165.8100 0.0539 -0.4252 -0.9035 0.0064 -0.0001 -0.9035 0.4252 -54.1063
0.9988 -0.0237 0.0897 -167.7881 0.0495 -0.4254 -0.9036 0.0064 -0.0001 -0.9036 0.4254 -54.0894
0.9998 -0.0163 0.0234 -169.6989 0.0126 0.3651 -0.9309 0.0062 0.0125 -0.9310 -0.3649 -54.0484
0.9999 -0.0198 0.0266 -171.6138 0.0148 0.4385 -0.8986 0.0062 0.0041 -0.8987 -0.4384 -54.0035
0.9991 -0.0428 0.0374 -173.4225 0.0305 0.7903 -0.6120 0.0063 0.0307 -0.6127 -0.7897 -53.9504
0.9996 -0.0357 0.0166 -175.1356 0.0286 0.9567 -0.2897 0.0063 0.0053 -0.2898 -0.9567 -53.8843
0.9976 0.0164 -0.0446 -176.7554 0.0231 0.2572 0.9661 0.0062 0.0659 0.9657 -0.2587 -53.7826
0.9993 -0.0013 0.0011 -178.3926 -0.0009 -0.8274 0.5617 0.0061 0.0380 0.5616 0.8274 -53.6391
0.9994 0.0131 -0.0345 -180.0684 -0.0177 -0.2325 -0.9724 0.0060 0.0290 -0.9725 0.2320 -53.4328
0.9993 0.0023 -0.0033 -181.7851 -0.0017 0.3559 -0.9345 0.0061 0.0361 -0.9345 -0.3559 -53.2099
0.9999 -0.0180 0.0191 -183.4527 0.0128 0.6636 -0.7480 0.0062 0.0072 -0.7480 -0.6635 -52.9773
0.9977 -0.0009 -0.0226 -185.0364 0.0166 0.7331 0.6799 0.0062 0.0660 0.6791 -0.7339 -52.7171
0.9993 -0.0021 0.0029 -186.6353 -0.0016 -0.3860 0.9225 0.0061 0.0373 0.9225 0.3861 -52.4141
0.9996 0.0012 0.0116 -188.1973 0.0091 -0.7704 -0.6375 0.0061 0.0266 -0.6373 0.7706 -52.0625
0.9993 -0.0130 0.0394 -189.6944 0.0208 -0.3210 -0.9468 0.0062 0.0321 -0.9466 0.3217 -51.7157
0.9954 0.0056 -0.0366 -191.0989 0.0224 0.5731 0.8192 0.0062 0.0929 0.8180 -0.5748 -51.3121
0.9868 -0.0021 -0.0018 -192.4272 0.0031 0.9588 0.2840 0.0061 0.1622 0.2835 -0.9590 -50.7759
0.9760 0.0217 -0.0227 -193.6691 0.0155 -0.6713 0.7410 0.0062 0.2171 0.7433 0.6688 -50.0479
0.9927 -0.0165 0.0452 -194.7163 0.0235 -0.2640 -0.9642 0.0062 0.1180 -0.9635 0.2667 -49.1815
0.9997 -0.0239 0.0152 -195.7214 0.0180 0.9061 -0.4226 0.0062 0.0186 -0.4229 -0.9060 -48.3373
0.9998 -0.0117 -0.0060 -196.6832 0.0150 0.9798 0.1993 0.0062 0.0095 0.1992 -0.9798 -47.5141
0.9999 -0.0098 -0.0063 -197.6142 0.0133 0.9716 0.2362 0.0062 0.0015 0.2362 -0.9716 -46.7204
0.9999 -0.0000 -0.0177 -198.5041 0.0125 0.7086 0.7055 0.0062 0.0047 0.7055 -0.7086 -45.9420
0.9999 0.0089 -0.0233 -199.3564 0.0120 0.2265 0.9739 0.0062 0.0036 0.9739 -0.2265 -45.1807
0.9999 0.0145 -0.0219 -200.1731 0.0115 -0.3081 0.9513 0.0062 0.0028 0.9513 0.3081 -44.4368
0.9999 0.0157 -0.0149 -200.9557 0.0111 -0.7434 0.6688 0.0062 0.0022 0.6688 0.7434 -43.7102
0.9999 0.0129 -0.0048 -201.7058 0.0107 -0.9750 0.2221 0.0062 0.0017 0.2221 0.9750 -43.0010
0.9998 0.0138 -0.0235 -203.1734 -0.0119 0.1723 -0.9850 0.0060 0.0173 -0.9849 -0.1725 -41.5255
0.9998 0.0037 -0.0040 -203.9345 -0.0026 0.6472 -0.7623 0.0061 0.0173 -0.7623 -0.6472 -40.7426
0.9974 -0.0118 0.0261 -204.6625 -0.0132 0.1014 0.9948 0.0060 0.0702 0.9949 -0.1005 -39.9129
0.9927 0.0133 -0.0029 -205.3426 -0.0120 0.9928 -0.1193 0.0060 0.1198 -0.1178 -0.9930 -38.9726
0.9996 -0.0295 0.0397 -206.0453 -0.0221 -0.4357 0.8998 0.0060 0.0201 0.8996 0.4361 -37.9381
0.9995 -0.0136 -0.0247 -206.7691 -0.0288 -0.9027 -0.4293 0.0059 0.0092 -0.4295 0.9026 -36.8303
0.9998 0.0092 -0.0316 -207.5264 -0.0172 -0.3876 -0.9217 0.0060 0.0053 -0.9217 0.3875 -35.6536
1.0000 0.0007 -0.0011 -208.2664 -0.0006 0.2752 -0.9614 0.0061 0.0065 -0.9614 -0.2752 -34.4750
0.9996 -0.0207 0.0225 -208.9755 0.0147 0.6405 -0.7679 0.0062 0.0235 -0.7681 -0.6402 -33.3341
0.9996 -0.0222 0.0093 -209.6379 0.0181 0.9661 -0.2577 0.0062 0.0231 -0.2581 -0.9659 -32.2378
0.9996 0.0193 -0.0380 -210.5115 0.0190 -0.0136 0.9997 0.0062 0.0215 0.9997 0.0132 -30.6731
0.9997 0.0218 -0.0265 -211.0552 0.0158 -0.5439 0.8390 0.0062 0.0197 0.8392 0.5437 -29.6780
0.9997 0.0185 -0.0122 -211.5704 0.0138 -0.8962 0.4434 0.0062 0.0189 0.4436 0.8961 -28.7132
0.9998 0.0119 0.0015 -212.0592 0.0127 -0.9981 -0.0596 0.0062 0.0181 -0.0593 0.9982 -27.7766
0.9990 -0.0002 0.0005 -212.7414 0.0003 -0.1234 -0.9924 0.0061 0.0436 -0.9924 0.1234 -26.3999
0.9942 -0.0431 0.0708 -213.1485 -0.0363 -0.2104 0.9769 0.0059 0.1014 0.9762 0.2140 -25.3649
0.9990 -0.0246 -0.0269 -213.6055 -0.0404 -0.9422 -0.3326 0.0059 0.0198 -0.3334 0.9419 -24.1344
0.9966 0.0129 -0.0024 -214.0208 -0.0118 0.9949 -0.1002 0.0060 0.0811 -0.0993 -0.9950 -22.8698
0.9998 -0.0040 0.0286 -214.4275 -0.0176 0.5854 0.8105 0.0060 0.0031 0.8106 -0.5854 -21.5431
0.9976 -0.0413 0.0351 -214.8256 -0.0295 -0.8030 0.5953 0.0059 0.0628 0.5938 0.8041 -20.1455
0.9994 -0.0311 -0.0061 -215.2419 -0.0343 -0.9954 -0.0892 0.0059 0.0060 -0.0894 0.9954 -18.5905
0.9977 0.0102 -0.0179 -215.6267 -0.0090 0.1423 -0.9898 0.0060 0.0668 -0.9897 -0.1429 -17.0163
0.9971 -0.0053 0.0238 -216.1387 -0.0137 0.4856 0.8741 0.0060 0.0744 0.8746 -0.4847 -14.5503
0.9966 -0.0056 -0.0167 -216.5653 -0.0163 -0.8584 -0.5127 0.0060 0.0805 -0.5139 0.8577 -11.9234
0.9996 0.0163 -0.0172 -216.9081 -0.0115 0.6682 -0.7439 0.0060 0.0238 -0.7437 -0.6684 -9.1423
0.9991 -0.0042 -0.0162 -217.1780 0.0148 0.8358 0.5489 0.0062 0.0406 0.5484 -0.8361 -6.4076
0.9998 0.0208 -0.0128 -217.3699 0.0157 -0.9132 0.4071 0.0062 0.0094 0.4073 0.9132 -3.0239
0.9985 -0.0731 0.0446 -217.5157 -0.0554 -0.9143 0.4013 0.0058 0.0021 0.4011 0.9143 -0.3303
0.9987 -0.0674 0.0411 -217.6912 -0.0511 -0.9146 0.4011 0.0058 0.0004 0.4011 0.9146 2.9203
0.9998 -0.0270 0.0165 -217.8707 -0.0205 -0.9156 0.4015 0.0060 0.0000 0.4015 0.9156 6.2461
0.9984 -0.0739 0.0450 -218.0002 -0.0561 -0.9144 0.4008 0.0058 -0.0000 0.4008 0.9144 8.6443
0.9990 -0.0585 0.0357 -218.2166 -0.0444 -0.9151 0.4009 0.0058 -0.0001 0.4009 0.9151 12.6535
1.0000 -0.0044 0.0027 -218.3616 -0.0033 -0.9160 0.4012 0.0061 -0.0001 0.4012 0.9160 15.3388
0.9996 -0.0390 0.0238 -218.5101 -0.0296 -0.9156 0.4010 0.0059 -0.0001 0.4010 0.9156 18.0898
0.9992 0.0035 0.0015 -218.6479 0.0043 -0.9846 -0.1750 0.0061 0.0395 -0.1748 0.9846 20.8759
0.9995 0.0011 0.0383 -218.7483 0.0279 -0.7268 -0.6863 0.0063 0.0169 -0.6859 0.7271 23.5587
0.9988 -0.0005 0.0692 -218.8340 0.0486 -0.7010 -0.7115 0.0064 0.0090 -0.7112 0.7013 26.0748
0.9985 -0.0012 0.0790 -218.9109 0.0550 -0.6948 -0.7171 0.0064 0.0036 -0.7170 0.6949 28.4022
0.9993 -0.0009 0.0543 -218.9825 0.0377 -0.6947 -0.7183 0.0063 0.0012 -0.7182 0.6948 30.5788
0.9989 0.0006 -0.0656 -219.0952 -0.0460 -0.7002 -0.7125 0.0058 0.0002 -0.7125 0.7002 34.0101
0.9976 0.0009 -0.0997 -219.1802 -0.0699 -0.6991 -0.7116 0.0057 0.0000 -0.7116 0.6991 36.5956
0.9968 0.0010 -0.1138 -219.3234 -0.0798 -0.6984 -0.7113 0.0056 -0.0000 -0.7113 0.6984 40.9514
0.9967 0.0011 -0.1155 -219.4293 -0.0809 -0.6982 -0.7114 0.0056 -0.0000 -0.7114 0.6982 44.1730
0.9967 0.0011 -0.1155 -219.5434 -0.0809 -0.6980 -0.7115 0.0056 -0.0001 -0.7115 0.6980 47.6465
0.9989 0.0006 -0.0674 -219.6640 -0.0472 -0.6994 -0.7131 0.0058 -0.0001 -0.7131 0.6994 51.3172
0.9997 -0.0003 0.0352 -219.7816 0.0247 -0.7001 -0.7137 0.0062 -0.0001 -0.7137 0.7001 54.8954
0.9982 -0.0008 0.0866 -219.8915 0.0607 -0.6991 -0.7124 0.0064 -0.0001 -0.7124 0.6991 58.2403
0.9974 -0.0009 0.1036 -220.0412 0.0726 -0.6988 -0.7116 0.0065 -0.0001 -0.7116 0.6988 62.7938
0.9975 -0.0009 0.1008 -220.1313 0.0706 -0.6990 -0.7116 0.0065 -0.0001 -0.7116 0.6990 65.5379
0.9986 -0.0642 0.0963 -220.2029 0.0508 0.3155 -0.9476 0.0064 0.0140 -0.9478 -0.3148 69.3162
0.9951 0.0004 -0.0534 -220.1991 0.0376 0.7022 0.7110 0.0063 0.0912 0.7086 -0.7046 72.7588
0.9984 0.0023 -0.0019 -220.0582 0.0017 -0.8159 0.5782 0.0061 0.0572 0.5782 0.8159 76.1560
0.9988 0.0036 0.0063 -219.8427 0.0074 -0.9069 -0.4214 0.0061 0.0483 -0.4211 0.9070 79.6175
0.9986 0.0059 -0.0025 -219.6074 -0.0048 0.9661 -0.2581 0.0061 0.0535 -0.2579 -0.9662 81.8831
0.9997 -0.0033 0.0160 -219.0192 -0.0092 0.5043 0.8635 0.0060 0.0211 0.8636 -0.5041 86.5155
0.9995 0.0183 -0.0246 -218.6785 0.0137 -0.4362 0.8997 0.0062 0.0270 0.8999 0.4359 88.7983
0.9995 0.0426 -0.0518 -218.3419 0.0308 -0.5424 0.8395 0.0063 0.0118 0.8397 0.5421 90.9774
1.0000 0.0072 -0.0087 -218.0106 0.0052 -0.5478 0.8366 0.0061 0.0049 0.8366 0.5478 93.0998
1.0000 -0.0032 0.0039 -217.6745 -0.0023 -0.5471 0.8370 0.0061 0.0018 0.8370 0.5472 95.2489
0.9993 -0.0513 0.0623 -217.3218 -0.0371 -0.5427 0.8391 0.0059 0.0006 0.8391 0.5428 97.5033
1.0000 -0.0028 0.0034 -216.9594 -0.0020 -0.5477 0.8367 0.0061 0.0002 0.8367 0.5477 99.8201
0.9996 0.0270 0.0020 -216.4019 0.0280 -0.9990 -0.0349 0.0063 0.0105 -0.0346 0.9990 103.0891
0.9990 -0.0087 0.0042 -215.7703 0.0069 0.9530 -0.3030 0.0061 0.0431 -0.3033 -0.9529 106.1355
0.9995 0.0001 -0.0053 -215.2820 0.0037 0.6930 0.7209 0.0061 0.0320 0.7209 -0.6931 108.1650
0.9987 0.0185 -0.0441 -214.7880 0.0224 0.1604 0.9868 0.0062 0.0448 0.9866 -0.1614 110.1263
0.9987 0.0382 -0.0394 -214.2853 0.0270 -0.6845 0.7285 0.0062 0.0430 0.7293 0.6836 111.9905
0.9963 0.0130 0.0297 -214.0163 0.0317 -0.8825 -0.4693 0.0063 0.0801 -0.4671 0.8837 112.8735
0.9985 -0.0350 0.0519 -213.4703 0.0275 0.3270 -0.9446 0.0063 0.0483 -0.9450 -0.3258 114.5725
0.9965 -0.0190 -0.0012 -213.1769 0.0197 0.9993 0.0317 0.0062 0.0814 0.0301 -0.9994 115.3914
0.9989 -0.0020 0.0051 -212.5531 -0.0026 0.1890 0.9820 0.0061 0.0478 0.9820 -0.1889 117.0583
0.9991 -0.0116 -0.0106 -211.8514 -0.0178 -0.9540 -0.2992 0.0060 0.0374 -0.2998 0.9538 118.7409
0.9997 0.0063 -0.0174 -211.0997 -0.0090 -0.2657 -0.9640 0.0060 0.0244 -0.9641 0.2654 120.4622
0.9992 -0.0186 0.0287 -210.3525 0.0150 0.2808 -0.9596 0.0062 0.0382 -0.9598 -0.2803 122.1340
0.9991 -0.0274 0.0176 -209.6122 0.0206 0.9031 -0.4288 0.0062 0.0372 -0.4295 -0.9028 123.7234
0.9995 -0.0010 0.0022 -208.8263 -0.0011 0.0533 0.9986 0.0061 0.0305 0.9986 -0.0532 125.2611
0.9968 -0.0048 -0.0034 -207.9801 -0.0067 -0.9672 -0.2538 0.0060 0.0796 -0.2543 0.9671 126.8130
0.9987 0.0169 -0.0318 -207.0566 -0.0160 0.0599 -0.9981 0.0060 0.0480 -0.9980 -0.0606 128.4013
0.9991 -0.0043 0.0035 -206.1062 0.0031 0.8216 -0.5701 0.0061 0.0424 -0.5702 -0.8215 129.9804
0.9993 0.0150 -0.0348 -205.1412 0.0176 0.1357 0.9906 0.0062 0.0343 0.9905 -0.1363 131.4575
0.9968 0.0241 0.0058 -204.1842 0.0272 -0.9940 -0.1056 0.0062 0.0757 -0.1036 0.9943 132.8370
0.9988 0.0001 0.0015 -202.6484 -0.0011 0.7508 0.6605 0.0061 0.0490 0.6606 -0.7508 134.7654
0.9978 0.0517 -0.0651 -200.8808 -0.0378 0.5070 -0.8611 0.0059 0.0543 -0.8601 -0.5088 136.6927
0.9989 0.0135 -0.0063 -199.5889 -0.0108 0.9564 -0.2920 0.0060 0.0451 -0.2915 -0.9565 138.0356
0.9992 -0.0166 0.0273 -198.2499 -0.0140 -0.2133 0.9769 0.0060 0.0377 0.9768 0.2139 139.3258
0.9991 0.0035 -0.0032 -196.8811 0.0025 -0.7669 0.6417 0.0061 0.0428 0.6418 0.7669 140.6194
0.9993 0.0067 -0.0164 -195.4754 -0.0083 -0.1788 -0.9838 0.0060 0.0372 -0.9839 0.1785 141.8499
0.9961 0.0061 0.0042 -194.0034 -0.0085 0.9691 0.2466 0.0060 0.0883 0.2473 -0.9689 143.0660
0.9967 -0.0018 -0.0541 -192.3656 -0.0397 -0.7302 -0.6821 0.0059 0.0713 -0.6842 0.7283 144.2452
0.9939 0.0245 -0.0051 -190.6061 -0.0222 0.9932 -0.1140 0.0060 0.1082 -0.1116 -0.9935 145.4260
0.9974 -0.0181 0.0385 -188.7487 -0.0193 0.0633 0.9978 0.0060 0.0697 0.9979 -0.0620 146.5844
0.9857 0.0359 -0.0343 -186.7914 -0.0256 0.7377 -0.6747 0.0059 0.1664 -0.6715 -0.7405 147.6559
0.9947 -0.0314 0.0514 -184.6555 -0.0264 -0.2156 0.9761 0.0059 0.0998 0.9756 0.2181 148.6836
0.9835 -0.0048 0.0024 -182.4977 0.0038 0.9471 -0.3208 0.0061 0.1811 -0.3215 -0.9469 149.5671
0.9942 -0.0035 0.0040 -180.2735 -0.0025 -0.6022 0.7984 0.0061 0.1071 0.7982 0.6024 150.3372
0.9830 -0.0117 -0.0022 -178.0640 0.0131 0.9964 0.0841 0.0062 0.1833 0.0817 -0.9966 150.9536
0.9944 0.0008 -0.0006 -175.8050 0.0006 -0.8490 0.5284 0.0061 0.1061 0.5285 0.8489 151.4505
0.9967 -0.0233 0.0317 -173.5850 0.0175 0.4282 -0.9035 0.0062 0.0795 -0.9041 -0.4270 151.8319
0.9972 -0.0431 0.0224 -171.4609 0.0339 0.9432 -0.3304 0.0063 0.0671 -0.3326 -0.9425 152.1562
0.9986 0.0133 -0.0772 -168.5486 0.0462 0.5480 0.8352 0.0064 0.0272 0.8345 -0.5490 152.5316
0.9982 0.0648 -0.0644 -165.9675 0.0458 -0.7103 0.7024 0.0064 0.0384 0.7037 0.7091 152.7973
0.9990 0.0291 0.0233 -163.6940 0.0424 -0.9604 -0.2753 0.0063 0.0125 -0.2748 0.9606 152.9827
0.9993 -0.0386 0.0752 -161.0980 0.0376 0.0257 -0.9990 0.0063 0.0068 -0.9990 -0.0254 153.1344
0.9996 -0.0366 0.0236 -158.9380 0.0274 0.9020 -0.4308 0.0063 0.0027 -0.4308 -0.9020 153.2127
1.0000 -0.0099 0.0163 -156.4101 -0.0083 -0.2080 0.9781 0.0061 0.0039 0.9781 0.2081 153.2175
0.9970 -0.0760 -0.0013 -153.7538 -0.0767 -0.9970 -0.0081 0.0056 0.0054 -0.0085 0.9970 153.1484
0.9965 -0.1177 0.1123 -152.0113 -0.0833 -0.7361 0.6717 0.0056 -0.0108 0.6724 0.7355 153.1240
0.9991 -0.0347 0.0531 -150.1506 -0.0278 -0.2948 0.9552 0.0059 -0.0330 0.9554 0.2939 153.1084
1.0000 0.0042 -0.0095 -148.3328 0.0048 0.1043 0.9945 0.0061 -0.0069 0.9945 -0.1042 153.1111
0.9998 0.0160 -0.0364 -146.6006 0.0183 0.1201 0.9926 0.0062 -0.0029 0.9926 -0.1201 153.1142
0.9997 0.0230 -0.0523 -144.9525 0.0263 0.1209 0.9923 0.0062 -0.0011 0.9923 -0.1208 153.1176
1.0000 -0.0015 0.0034 -143.3404 -0.0017 0.1209 0.9927 0.0061 -0.0004 0.9927 -0.1209 153.1210
0.9989 -0.0406 0.0925 -141.5620 -0.0466 0.1207 0.9916 0.0058 -0.0002 0.9916 -0.1207 153.1248
0.9999 -0.0134 0.0305 -139.6831 -0.0154 0.1208 0.9926 0.0060 -0.0001 0.9926 -0.1208 153.1287
0.9998 -0.0183 0.0416 -137.7978 -0.0210 0.1207 0.9925 0.0060 -0.0001 0.9925 -0.1207 153.1326
0.9981 -0.0535 0.1217 -135.7199 -0.0613 0.1204 0.9908 0.0057 -0.0001 0.9908 -0.1204 153.1370
0.9970 -0.0677 0.1541 -133.3740 -0.0776 0.1200 0.9897 0.0056 -0.0001 0.9897 -0.1200 153.1420
0.9988 -0.0432 0.0982 -130.8183 -0.0495 0.1201 0.9915 0.0058 -0.0001 0.9915 -0.1201 153.1474
0.9999 0.0118 -0.0269 -128.3202 0.0136 0.1203 0.9926 0.0062 -0.0001 0.9926 -0.1203 153.1527
0.9991 0.0372 -0.0846 -125.9934 0.0426 0.1202 0.9918 0.0063 -0.0001 0.9918 -0.1202 153.1576
0.9988 0.0434 -0.0988 -123.8404 0.0498 0.1205 0.9915 0.0064 -0.0001 0.9915 -0.1205 153.1621
0.9987 0.0439 -0.0999 -121.8531 0.0503 0.1207 0.9914 0.0064 -0.0001 0.9914 -0.1207 153.1663
0.9989 0.0406 -0.0925 -120.0203 0.0466 0.1208 0.9916 0.0064 -0.0001 0.9916 -0.1208 153.1702
1.0000 0.0062 -0.0142 -118.2456 0.0071 0.1209 0.9926 0.0061 -0.0001 0.9926 -0.1209 153.1739
0.9990 -0.0389 0.0887 -116.3077 -0.0447 0.1207 0.9917 0.0058 -0.0001 0.9917 -0.1207 153.1780
1.0000 -0.0087 0.0198 -114.2755 -0.0100 0.1208 0.9926 0.0060 -0.0001 0.9926 -0.1208 153.1823
0.9997 0.0215 -0.0491 -112.3467 0.0247 0.1208 0.9924 0.0062 -0.0001 0.9924 -0.1208 153.1864
0.9997 0.0213 -0.0486 -110.5373 0.0245 0.1209 0.9924 0.0062 -0.0001 0.9924 -0.1209 153.1902
1.0000 0.0005 -0.0010 -108.7135 0.0005 0.1209 0.9927 0.0061 -0.0001 0.9927 -0.1209 153.1941
0.9998 -0.0187 0.0427 -106.8438 -0.0215 0.1208 0.9924 0.0060 -0.0001 0.9924 -0.1208 153.1980
0.9980 -0.0550 0.1253 -104.7673 -0.0631 0.1205 0.9907 0.0057 -0.0001 0.9907 -0.1205 153.2024
0.9969 -0.0683 0.1556 -102.4206 -0.0784 0.1201 0.9897 0.0056 -0.0001 0.9897 -0.1202 153.2074
0.9970 -0.0674 0.1533 -99.8164 -0.0772 0.1200 0.9898 0.0056 -0.0001 0.9898 -0.1200 153.2129
0.9999 -0.0123 0.0279 -97.1311 -0.0141 0.1203 0.9926 0.0060 -0.0001 0.9926 -0.1203 153.2185
0.9994 0.0295 -0.0671 -94.5930 0.0338 0.1203 0.9922 0.0063 -0.0001 0.9922 -0.1203 153.2238
0.9987 0.0445 -0.1014 -92.2431 0.0511 0.1204 0.9914 0.0064 -0.0001 0.9914 -0.1204 153.2288
0.9987 0.0443 -0.1009 -91.1347 0.0508 0.1205 0.9914 0.0064 -0.0001 0.9914 -0.1205 153.2311
0.9993 0.0317 -0.0722 -90.0470 0.0364 0.1205 0.9920 0.0063 -0.0001 0.9920 -0.1205 153.2334
1.0000 0.0070 -0.0159 -88.9431 0.0080 0.1206 0.9927 0.0061 -0.0001 0.9927 -0.1206 153.2358
0.9997 -0.0202 0.0460 -87.7924 -0.0232 0.1205 0.9924 0.0060 -0.0001 0.9924 -0.1205 153.2382
0.9989 -0.0403 0.0917 -86.5827 -0.0462 0.1203 0.9917 0.0058 -0.0001 0.9917 -0.1203 153.2408
0.9981 -0.0531 0.1208 -85.3112 -0.0608 0.1201 0.9909 0.0057 -0.0001 0.9909 -0.1201 153.2435
0.9979 -0.0568 0.1293 -83.9809 -0.0651 0.1200 0.9906 0.0057 -0.0001 0.9906 -0.1200 153.2462
0.9991 -0.0373 0.0849 -82.6301 -0.0428 0.1201 0.9918 0.0058 -0.0001 0.9918 -0.1201 153.2491
0.9999 0.0149 -0.0339 -80.0128 0.0171 0.1203 0.9926 0.0062 -0.0001 0.9926 -0.1203 153.2546
0.9990 0.0399 -0.0909 -77.5746 0.0458 0.1203 0.9917 0.0064 -0.0001 0.9917 -0.1203 153.2597
0.9994 0.0305 -0.0695 -75.2934 0.0350 0.1203 0.9921 0.0063 -0.0001 0.9921 -0.1203 153.2645
0.9998 0.0165 -0.0375 -71.8858 0.0189 0.1205 0.9925 0.0062 -0.0001 0.9925 -0.1205 153.2717
0.9993 0.0335 -0.0764 -69.7526 0.0385 0.1206 0.9920 0.0063 -0.0001 0.9920 -0.1206 153.2762
0.9989 0.0401 -0.0913 -67.7777 0.0460 0.1206 0.9916 0.0064 -0.0001 0.9916 -0.1206 153.2804
0.9995 0.0283 -0.0645 -65.9348 0.0325 0.1208 0.9921 0.0063 -0.0001 0.9921 -0.1208 153.2843
0.9998 -0.0158 0.0360 -64.0408 -0.0181 0.1208 0.9925 0.0060 -0.0001 0.9925 -0.1208 153.2883
1.0000 -0.0005 0.0012 -62.0838 -0.0006 0.1208 0.9927 0.0061 -0.0001 0.9927 -0.1208 153.2924
0.9992 0.0320 -0.0473 -60.2248 0.0251 -0.3337 0.9423 0.0062 0.0298 0.9426 0.3330 153.2866
0.9996 0.0382 -0.0402 -58.4612 0.0270 -0.6679 0.7437 0.0062 0.0053 0.7438 0.6678 153.2643
0.9990 0.0443 -0.0263 -56.8084 0.0338 -0.9205 0.3893 0.0063 0.0294 0.3902 0.9201 153.2343
0.9996 0.0299 -0.0031 -55.2469 0.0284 -0.9981 0.0555 0.0063 0.0041 0.0556 0.9981 153.1920
0.9992 0.0193 0.0215 -53.7862 0.0319 -0.9411 -0.3367 0.0063 0.0261 -0.3359 0.9414 153.1452
0.9998 -0.0071 0.0101 -52.3752 0.0055 0.3825 -0.9240 0.0061 0.0169 -0.9240 -0.3824 153.0505
1.0000 -0.0097 0.0126 -50.9449 0.0072 0.4767 -0.8791 0.0061 0.0019 -0.8791 -0.4766 152.9592
0.9999 -0.0010 0.0104 -48.8823 -0.0067 0.6321 0.7748 0.0061 0.0154 0.7749 -0.6320 152.7642
0.9993 -0.0209 0.0506 -47.3835 -0.0257 0.1697 0.9852 0.0059 0.0283 0.9853 -0.1689 152.6053
0.9993 -0.0287 -0.0049 -45.8055 -0.0312 -0.9964 -0.0789 0.0059 0.0218 -0.0795 0.9963 152.3807
0.9977 0.0001 -0.0002 -43.3792 -0.0001 0.2447 -0.9696 0.0062 0.0683 -0.9696 -0.2447 151.9977
0.9999 0.0142 -0.0103 -41.7362 -0.0104 0.8684 -0.4958 0.0060 0.0103 -0.4957 -0.8684 151.6921
0.9978 0.0051 -0.0213 -39.3544 0.0121 0.4635 0.8860 0.0062 0.0656 0.8856 -0.4642 151.2123
0.9995 0.0064 -0.0066 -36.9864 0.0045 -0.6861 0.7275 0.0061 0.0326 0.7276 0.6860 150.6602
0.9996 0.0029 -0.0149 -35.4271 -0.0087 -0.5206 -0.8538 0.0060 0.0253 -0.8539 0.5204 150.2352
1.0000 -0.0017 0.0059 -33.8410 0.0032 -0.3914 -0.9202 0.0061 0.0060 -0.9202 0.3914 149.8026
0.9997 0.0017 0.0011 -31.5738 -0.0023 0.9694 0.2455 0.0061 0.0233 0.2456 -0.9694 149.1066
0.9932 0.0029 -0.0342 -29.2662 -0.0223 -0.6401 -0.7679 0.0060 0.1143 -0.7696 0.6382 148.2609
0.9993 0.0424 -0.0462 -27.6055 -0.0301 0.6416 -0.7664 0.0059 0.0208 -0.7660 -0.6421 147.5631
0.9992 -0.0206 0.0377 -25.1285 -0.0189 -0.0915 0.9956 0.0060 0.0350 0.9956 0.0922 146.4339
0.9961 -0.0072 -0.0232 -22.4834 -0.0222 -0.8521 -0.5228 0.0060 0.0856 -0.5244 0.8512 145.1293
0.9989 0.0024 -0.0030 -19.7752 -0.0017 0.5052 -0.8630 0.0061 0.0476 -0.8630 -0.5053 143.6679
0.9831 -0.0400 0.0309 -17.3179 0.0294 0.8470 -0.5308 0.0063 0.1809 -0.5353 -0.8442 142.0743
0.9631 0.0408 -0.0736 -15.9821 0.0376 -0.0917 0.9951 0.0063 0.2664 0.9960 0.0817 140.8526
0.9378 -0.0585 0.0065 -14.6558 0.0588 0.9966 -0.0573 0.0064 0.3423 -0.0774 -0.9955 138.8317
0.9959 -0.0521 0.0504 -14.0838 0.0369 0.7291 -0.6834 0.0063 0.0825 -0.6856 -0.7271 137.4669
0.9996 0.0003 -0.0002 -13.5088 -0.0002 0.8656 -0.5007 0.0061 0.0279 -0.5007 -0.8656 136.1202
0.9963 0.1018 -0.1694 -11.6440 -0.0864 0.1964 -0.9767 0.0056 -0.0006 -0.9767 -0.1964 131.8666
0.9965 0.1058 -0.0590 -10.7250 -0.0818 0.9297 -0.3592 0.0056 0.0187 -0.3578 -0.9302 129.7056
0.9987 0.0129 0.0123 -9.7910 -0.0200 0.9515 0.3070 0.0060 0.0467 0.3079 -0.9512 127.4516
0.9993 -0.0063 0.0003 -8.5469 -0.0062 -0.9996 0.0273 0.0061 0.0376 0.0270 0.9996 124.0374
0.9990 -0.0080 0.0432 -7.7938 0.0255 -0.5318 -0.8465 0.0062 0.0365 -0.8460 0.5326 121.8095
0.9994 -0.0155 0.0579 -7.0905 0.0319 -0.4200 -0.9070 0.0063 0.0159 -0.9068 0.4205 119.6835
0.9992 -0.0478 0.0647 -6.1448 0.0359 0.4311 -0.9016 0.0063 0.0183 -0.9019 -0.4305 116.7232
0.9993 -0.0523 0.0650 -5.5718 0.0380 0.5185 -0.8542 0.0063 0.0069 -0.8544 -0.5183 114.8805
0.9999 -0.0097 0.0028 -4.8015 0.0084 0.9860 -0.1666 0.0061 0.0071 -0.1666 -0.9860 112.2720
0.9995 -0.0081 0.0084 -3.8658 -0.0058 -0.6823 0.7311 0.0061 0.0307 0.7310 0.6824 108.7809
0.9984 0.0529 -0.0750 -3.0567 -0.0406 0.3807 -0.9238 0.0059 0.0386 -0.9232 -0.3821 105.0687
0.9991 0.0383 -0.0084 -2.4897 -0.0343 0.9919 -0.1220 0.0059 0.0231 -0.1212 -0.9920 101.9941
0.9952 -0.0313 0.0423 -1.9545 -0.0235 -0.4318 0.9017 0.0060 0.0946 0.9007 0.4338 98.6401
0.9908 0.0830 -0.0851 -1.5700 -0.0589 0.6883 -0.7230 0.0057 0.1220 -0.7180 -0.6935 94.9844
0.9958 0.0131 0.0899 -1.3985 -0.0735 0.7887 0.6104 0.0057 0.0552 0.6136 -0.7862 92.2436
0.9964 0.0011 0.1107 -1.2398 -0.0791 0.7121 0.6976 0.0056 0.0290 0.6992 -0.7105 89.2475
0.9967 -0.0003 0.1143 -1.0774 -0.0806 0.7033 0.7063 0.0056 0.0126 0.7071 -0.7025 85.9978
0.9988 -0.0003 0.0677 -0.9072 -0.0477 0.7035 0.7091 0.0058 0.0049 0.7093 -0.7033 82.5490
0.9997 0.0001 -0.0321 -0.7416 0.0226 0.7040 0.7098 0.0062 0.0018 0.7098 -0.7040 79.1864
0.9984 0.0003 -0.0815 -0.5870 0.0574 0.7032 0.7087 0.0064 0.0006 0.7087 -0.7032 76.0453
0.9977 0.0004 -0.0962 -0.4441 0.0678 0.7029 0.7081 0.0065 0.0002 0.7081 -0.7029 73.1399
0.9978 0.0003 -0.0946 -0.2502 0.0667 0.7031 0.7080 0.0065 -0.0000 0.7080 -0.7031 69.1985
0.9982 0.0003 -0.0855 -0.1333 0.0602 0.7035 0.7081 0.0064 -0.0001 0.7081 -0.7035 66.8238
1.0000 0.0000 -0.0130 -0.0198 0.0092 0.7046 0.7095 0.0061 -0.0001 0.7095 -0.7046 64.5175
0.9991 -0.0002 0.0612 0.1018 -0.0431 0.7040 0.7089 0.0058 -0.0001 0.7089 -0.7040 62.0473
0.9977 -0.0003 0.0960 0.2351 -0.0676 0.7029 0.7080 0.0057 -0.0001 0.7080 -0.7029 59.3401
0.9970 -0.0004 0.1092 0.3806 -0.0769 0.7023 0.7077 0.0056 -0.0001 0.7077 -0.7024 56.3820
0.9972 -0.0004 0.1070 0.5384 -0.0753 0.7023 0.7079 0.0056 -0.0001 0.7079 -0.7023 53.1755
1.0000 -0.0001 0.0138 0.6997 -0.0097 0.7042 0.7099 0.0060 -0.0001 0.7099 -0.7042 49.8989
0.9991 0.0002 -0.0599 0.8523 0.0422 0.7038 0.7092 0.0063 -0.0001 0.7092 -0.7038 46.7974
0.9981 0.0003 -0.0877 0.9938 0.0618 0.7032 0.7083 0.0065 -0.0001 0.7083 -0.7032 43.9207
0.9980 0.0003 -0.0896 1.1246 0.0631 0.7032 0.7081 0.0065 -0.0001 0.7082 -0.7032 41.2627
0.9988 0.0002 -0.0708 1.2479 0.0499 0.7039 0.7085 0.0064 -0.0001 0.7085 -0.7039 38.7573
0.9987 0.0002 -0.0727 1.3632 0.0512 0.7039 0.7085 0.0064 -0.0001 0.7085 -0.7039 36.4151
0.9999 0.0001 -0.0179 1.4750 0.0126 0.7048 0.7093 0.0062 -0.0001 0.7093 -0.7048 34.1441
0.9993 0.0098 -0.0262 1.6300 0.0136 0.2482 0.9686 0.0062 0.0349 0.9685 -0.2487 30.7660
0.9996 0.0324 -0.0518 1.7748 0.0267 -0.2447 0.9692 0.0062 0.0048 0.9693 0.2446 26.3225
0.9991 0.0367 -0.0378 1.8283 0.0260 -0.6862 0.7270 0.0063 0.0337 0.7276 0.6855 24.2629
0.9996 -0.0349 0.0202 1.8617 -0.0268 -0.9258 0.3772 0.0059 0.0082 0.3770 0.9258 22.1435
0.9974 -0.0931 0.0520 1.9154 -0.0719 -0.9300 0.3604 0.0057 0.0022 0.3603 0.9301 18.5165
0.9969 -0.1024 0.0571 1.9553 -0.0791 -0.9297 0.3598 0.0056 0.0008 0.3598 0.9297 15.7776
0.9988 -0.0628 0.0350 1.9982 -0.0486 -0.9315 0.3604 0.0058 0.0003 0.3604 0.9315 12.8351
0.9998 0.0229 -0.0128 2.0400 0.0177 -0.9325 0.3608 0.0062 0.0000 0.3608 0.9325 9.9634
0.9989 0.0606 -0.0338 2.0790 0.0469 -0.9315 0.3607 0.0064 -0.0000 0.3607 0.9315 7.2831
1.0000 0.0108 -0.0060 2.1167 0.0084 -0.9325 0.3611 0.0061 -0.0001 0.3611 0.9325 4.6872
0.9991 -0.0537 0.0300 2.1568 -0.0415 -0.9318 0.3606 0.0058 -0.0001 0.3606 0.9318 1.9388
0.9978 -0.0855 0.0477 2.2001 -0.0661 -0.9306 0.3600 0.0057 -0.0001 0.3600 0.9306 -1.0409
0.9971 0.0041 -0.1043 2.2091 -0.0709 -0.6760 -0.7335 0.0057 0.0292 -0.7349 0.6744 -4.2624
0.9997 0.0032 -0.0143 2.1905 -0.0082 -0.4860 -0.8739 0.0060 0.0216 -0.8740 0.4859 -7.5524
0.9923 -0.0301 -0.0200 2.1016 0.0416 0.9698 0.2403 0.0063 0.1164 0.2356 -0.9710 -10.6646
0.9966 0.0592 -0.0931 1.9176 0.0483 -0.2602 0.9644 0.0064 0.0665 0.9652 0.2571 -13.5990
0.9890 -0.0201 0.1028 1.6522 0.0607 -0.5243 -0.8494 0.0064 0.1351 -0.8451 0.5313 -16.3306
0.9904 0.0740 -0.0773 1.2235 0.0526 -0.6739 0.7369 0.0064 0.1276 0.7414 0.6690 -18.8434
0.9925 -0.0561 0.1039 0.2516 0.0523 0.0761 -0.9957 0.0064 0.1104 -0.9962 -0.0703 -23.3784
0.9968 0.0013 0.0154 -1.2464 -0.0119 0.7594 0.6505 0.0060 0.0792 0.6512 -0.7588 -27.5296
0.9941 0.0429 -0.0253 -2.5221 0.0329 -0.9224 0.3848 0.0063 0.1033 0.3879 0.9211 -30.5226
0.9618 0.0137 0.0084 -4.1175 -0.0192 0.9747 0.2227 0.0060 0.2730 0.2278 -0.9735 -33.2252
0.9975 0.0002 -0.0056 -6.1951 -0.0038 -0.6758 -0.7371 0.0061 0.0707 -0.7373 0.6756 -35.9475
0.9862 -0.0040 0.0048 -8.3299 -0.0029 -0.5640 0.8258 0.0061 0.1653 0.8255 0.5644 -38.4526
0.9771 -0.0345 0.0974 -11.0697 -0.0515 0.2927 0.9548 0.0058 0.2062 0.9579 -0.2825 -40.7576
0.9948 -0.0097 0.0104 -13.1176 -0.0069 -0.6546 0.7560 0.0060 0.1020 0.7555 0.6551 -42.2279
0.9923 0.0035 -0.0088 -16.1282 -0.0045 -0.1987 -0.9800 0.0061 0.1235 -0.9802 0.1982 -44.2518
0.9397 -0.0092 -0.0570 -19.6275 -0.0504 -0.8118 -0.5817 0.0058 0.3381 -0.5956 0.8019 -45.9846
0.9880 -0.0094 0.0060 -23.6614 -0.0071 -0.9065 0.4221 0.0060 0.1542 0.4211 0.9070 -47.2807
0.9889 -0.0381 0.0581 -27.5006 0.0306 0.2946 -0.9551 0.0063 0.1452 -0.9564 -0.2904 -48.2956
0.9886 -0.0570 0.0512 -31.4740 -0.0408 -0.7747 0.6311 0.0059 0.1450 0.6265 0.7784 -49.0945
0.9976 0.0151 -0.0689 -35.9275 -0.0396 -0.4894 -0.8712 0.0059 0.0565 -0.8723 0.4874 -49.7589
0.9991 -0.0169 0.0680 -40.2711 0.0381 -0.4498 -0.8923 0.0063 0.0172 -0.8920 0.4504 -50.3520
0.9972 -0.0119 0.0269 -44.4636 -0.0135 0.1130 0.9935 0.0060 0.0738 0.9936 -0.1120 -50.7832
0.9910 -0.0079 0.0501 -48.6773 0.0306 -0.5685 -0.8221 0.0063 0.1302 -0.8199 0.5717 -51.0278
0.9987 -0.0378 0.0358 -52.6074 0.0268 0.7442 -0.6674 0.0062 0.0435 -0.6683 -0.7434 -51.0707
0.9990 0.0225 -0.0803 -56.6632 -0.0438 -0.4019 -0.9146 0.0058 -0.0129 -0.9144 0.4024 -51.0319
0.9976 0.0965 -0.0975 -61.2253 -0.0682 0.6980 -0.7129 0.0057 -0.0076 -0.7132 -0.6976 -51.0270
0.9996 -0.0010 0.0056 -65.9889 0.0033 -0.5304 -0.8477 0.0061 -0.0275 -0.8478 0.5303 -51.1039
0.9996 0.0060 -0.0432 -70.7026 -0.0267 -0.5853 -0.8104 0.0059 -0.0112 -0.8102 0.5855 -51.2240
1.0000 -0.0011 0.0078 -75.6444 0.0048 -0.5871 -0.8095 0.0061 -0.0029 -0.8095 0.5871 -51.3576
0.9985 -0.0123 0.0898 -80.2291 0.0555 -0.5865 -0.8080 0.0064 -0.0007 -0.8081 0.5865 -51.4822
0.9985 -0.0123 0.0900 -84.4063 0.0556 -0.5867 -0.8079 0.0064 -0.0002 -0.8079 0.5867 -51.5957
0.9982 -0.0787 0.1040 -88.1474 0.0585 0.4565 -0.8878 0.0064 0.0140 -0.8882 -0.4558 -51.6457
0.9999 -0.0144 0.0186 -90.5174 0.0106 0.4793 -0.8776 0.0062 0.0069 -0.8776 -0.4793 -51.6652
0.9991 0.0582 -0.0753 -93.0483 -0.0429 0.4779 -0.8774 0.0058 0.0027 -0.8773 -0.4780 -51.6844
0.9973 0.0996 -0.1289 -97.2959 -0.0734 0.4774 -0.8756 0.0057 0.0005 -0.8756 -0.4774 -51.7163
0.9972 0.1007 -0.1303 -100.4381 -0.0742 0.4776 -0.8754 0.0057 0.0001 -0.8754 -0.4776 -51.7399
1.0000 0.0132 -0.0171 -103.6512 -0.0097 0.4789 -0.8778 0.0060 0.0000 -0.8778 -0.4789 -51.7640
0.9991 -0.0563 0.0728 -106.6920 0.0415 0.4784 -0.8772 0.0063 -0.0000 -0.8772 -0.4784 -51.7868
0.9982 -0.0823 0.1065 -109.5117 0.0606 0.4777 -0.8764 0.0064 -0.0001 -0.8764 -0.4777 -51.8080
0.9979 -0.0873 0.1131 -112.1144 0.0644 0.4775 -0.8763 0.0065 -0.0001 -0.8763 -0.4775 -51.8275
0.9980 -0.0847 0.1097 -114.5135 0.0625 0.4774 -0.8765 0.0065 -0.0001 -0.8765 -0.4774 -51.8455
0.9992 -0.0532 0.0689 -116.7546 0.0392 0.4779 -0.8776 0.0063 -0.0001 -0.8776 -0.4779 -51.8624
0.9990 0.0598 -0.0774 -120.2956 -0.0441 0.4779 -0.8773 0.0058 -0.0001 -0.8773 -0.4779 -51.8890
0.9991 0.0564 -0.0730 -124.3096 -0.0416 0.4782 -0.8773 0.0058 -0.0001 -0.8773 -0.4782 -51.9191
0.9998 -0.0243 0.0315 -126.9651 0.0179 0.4784 -0.8779 0.0062 -0.0001 -0.8779 -0.4784 -51.9391
0.9986 -0.0708 0.0916 -130.6042 0.0522 0.4777 -0.8770 0.0064 -0.0001 -0.8770 -0.4777 -51.9664
0.9985 -0.0740 0.0958 -131.7231 0.0545 0.4776 -0.8769 0.0064 -0.0001 -0.8769 -0.4776 -51.9748
0.9993 -0.0500 0.0647 -133.8576 0.0369 0.4778 -0.8777 0.0063 -0.0001 -0.8777 -0.4778 -51.9908
0.9998 0.0246 -0.0319 -136.0457 -0.0181 0.4781 -0.8781 0.0060 -0.0001 -0.8781 -0.4781 -52.0073
1.0000 -0.0050 0.0064 -138.2888 0.0037 0.4782 -0.8783 0.0061 -0.0001 -0.8783 -0.4782 -52.0241
0.9995 -0.0442 0.0572 -140.4094 0.0326 0.4779 -0.8778 0.0063 -0.0001 -0.8778 -0.4779 -52.0401
0.9990 -0.0595 0.0771 -142.3740 0.0439 0.4775 -0.8775 0.0063 -0.0001 -0.8775 -0.4776 -52.0548
