0.9974 0.1019 -0.1034 -2.4809 -0.0720 0.6948 -0.7156 0.0058 -0.0001 -0.7156 -0.6948 -0.0069
0.9977 0.0963 -0.0978 -3.0869 -0.0681 0.6948 -0.7160 0.0058 -0.0001 -0.7160 -0.6948 -0.0086
0.9972 0.1052 -0.1064 -3.7557 -0.0744 0.6974 -0.7128 0.0057 -0.0000 -0.7128 -0.6974 -0.0104
0.9965 0.1174 -0.1193 -4.4970 -0.0830 0.6934 -0.7158 0.0056 -0.0001 -0.7158 -0.6934 -0.0124
0.9960 0.1259 -0.1273 -5.3138 -0.0890 0.6966 -0.7120 0.0056 0.0000 -0.7120 -0.6966 -0.0147
0.9956 0.1321 -0.1337 -6.2073 -0.0934 0.6954 -0.7125 0.0055 -0.0000 -0.7125 -0.6954 -0.0171
0.9953 0.1371 -0.1388 -7.1805 -0.0970 0.6952 -0.7122 0.0055 -0.0000 -0.7122 -0.6952 -0.0198
0.9958 0.1290 -0.1305 -8.2238 -0.0912 0.6957 -0.7125 0.0056 -0.0000 -0.7125 -0.6957 -0.0226
0.9981 0.0862 -0.0872 -9.2941 -0.0609 0.6973 -0.7142 0.0057 -0.0001 -0.7142 -0.6973 -0.0255
0.9997 0.0341 -0.0345 -10.3488 -0.0241 0.6984 -0.7153 0.0059 -0.0001 -0.7153 -0.6984 -0.0284
1.0000 -0.0054 0.0055 -11.3731 0.0038 0.6986 -0.7155 0.0061 -0.0001 -0.7155 -0.6986 -0.0312
0.9998 -0.0312 0.0316 -12.3616 0.0221 0.6984 -0.7154 0.0062 -0.0001 -0.7154 -0.6984 -0.0339
0.9995 -0.0467 0.0473 -13.3126 0.0330 0.6981 -0.7152 0.0063 -0.0001 -0.7152 -0.6981 -0.0365
0.9992 -0.0552 0.0559 -14.2261 0.0391 0.6979 -0.7151 0.0063 -0.0001 -0.7151 -0.6979 -0.0389
0.9991 -0.0611 0.0618 -15.9437 0.0432 0.6977 -0.7151 0.0063 -0.0001 -0.7151 -0.6977 -0.0436
0.9991 -0.0605 0.0613 -17.5216 0.0428 0.6977 -0.7151 0.0063 -0.0001 -0.7151 -0.6977 -0.0479
0.9992 -0.0560 0.0567 -18.9692 0.0396 0.6977 -0.7153 0.0063 -0.0001 -0.7153 -0.6977 -0.0519
1.0000 -0.0067 0.0068 -20.3682 0.0048 0.6982 -0.7159 0.0061 -0.0001 -0.7159 -0.6982 -0.0557
0.9991 0.0615 -0.0623 -21.9260 -0.0435 0.6977 -0.7151 0.0058 -0.0001 -0.7151 -0.6977 -0.0599
1.0000 -0.0049 0.0049 -24.3956 0.0034 0.6983 -0.7158 0.0061 -0.0001 -0.7158 -0.6983 -0.0667
0.9995 -0.0425 0.0430 -26.6485 0.0301 0.6979 -0.7155 0.0063 -0.0001 -0.7155 -0.6979 -0.0728
0.9997 0.0367 -0.0371 -28.8410 -0.0259 0.6981 -0.7156 0.0059 -0.0001 -0.7156 -0.6981 -0.0788
0.9966 0.1171 -0.1185 -31.5457 -0.0828 0.6961 -0.7132 0.0056 -0.0001 -0.7132 -0.6961 -0.0861
0.9962 0.1234 -0.1249 -34.9094 -0.0873 0.6960 -0.7127 0.0056 -0.0001 -0.7127 -0.6960 -0.0953
0.9965 0.1189 -0.1203 -38.8697 -0.0841 0.6964 -0.7127 0.0056 -0.0001 -0.7127 -0.6964 -0.1060
0.9987 0.0712 -0.0720 -41.7798 -0.0503 0.6982 -0.7142 0.0058 -0.0001 -0.7142 -0.6982 -0.1139
0.9999 -0.0238 0.0241 -44.6203 0.0168 0.6989 -0.7151 0.0062 -0.0001 -0.7151 -0.6989 -0.1216
0.9988 -0.0689 0.0697 -47.2688 0.0487 0.6980 -0.7144 0.0064 -0.0001 -0.7144 -0.6980 -0.1288
0.9983 -0.0828 0.0838 -50.8658 0.0586 0.6975 -0.7142 0.0064 -0.0001 -0.7142 -0.6975 -0.1386
0.9985 -0.0767 0.0785 -54.0489 0.0542 0.6894 -0.7224 0.0064 -0.0000 -0.7224 -0.6894 -0.1472
0.9989 -0.0672 0.0691 -57.7357 0.0476 0.6867 -0.7253 0.0064 -0.0000 -0.7253 -0.6867 -0.1573
0.9995 -0.0450 0.0464 -60.8928 0.0319 0.6856 -0.7273 0.0063 -0.0000 -0.7273 -0.6856 -0.1660
0.9994 -0.0504 0.0519 -63.6351 0.0356 0.6843 -0.7283 0.0063 -0.0000 -0.7283 -0.6843 -0.1735
0.9994 -0.0474 0.0490 -65.3939 0.0336 0.6836 -0.7291 0.0063 -0.0000 -0.7291 -0.6836 -0.1783
0.9993 -0.0157 -0.0352 -68.4513 -0.0377 -0.8833 -0.4673 0.0059 0.0005 -0.4673 0.8833 -0.2711
0.9999 0.0049 0.0104 -70.4591 0.0114 -0.8897 -0.4564 0.0062 0.0006 -0.4564 0.8897 -0.3418
0.9993 0.0522 -0.0435 -73.9854 -0.0374 0.8127 -0.5815 0.0059 -0.0083 -0.5818 -0.8125 -0.6793
0.9982 -0.0050 0.0272 -76.2412 0.0161 -0.5361 -0.8440 0.0062 -0.0584 -0.8445 0.5353 -0.9635
0.9669 -0.0023 0.0570 -79.6693 -0.0400 0.6882 0.7244 0.0059 -0.2521 0.7174 -0.6956 -2.0927
0.8935 0.0558 -0.1072 -81.7886 -0.0566 -0.0159 -0.9983 0.0058 -0.4454 -0.9979 0.0411 -3.8423
0.9820 -0.0597 0.0580 -83.0836 -0.0426 -0.7269 0.6854 0.0058 -0.1838 0.6912 0.7215 -5.5131
0.9869 -0.0085 -0.0007 -84.2856 0.0090 0.9992 0.0401 0.0061 -0.1609 0.0416 -0.9991 -7.2209
0.9741 0.0001 0.0054 -85.2997 -0.0040 0.7298 0.6837 0.0061 -0.2262 0.6830 -0.7304 -8.9905
0.9972 0.0151 -0.0354 -86.2601 -0.0179 -0.1465 -0.9890 0.0060 -0.0729 -0.9889 0.1478 -10.9231
0.9968 0.0000 -0.0008 -86.7228 -0.0006 -0.6842 -0.7293 0.0061 -0.0805 -0.7292 0.6843 -11.8890
0.9936 0.0046 -0.0039 -87.1532 0.0033 -0.8076 0.5897 0.0061 -0.1131 0.5894 0.8078 -12.8572
0.9865 0.0106 0.0017 -87.5478 -0.0117 0.9971 0.0747 0.0060 -0.1634 0.0728 -0.9973 -13.8612
0.9953 0.0340 -0.0601 -87.9359 -0.0303 0.1277 -0.9913 0.0059 -0.0920 -0.9917 -0.1250 -14.9155
0.9975 -0.0000 0.0004 -88.6976 0.0003 -0.6907 -0.7231 0.0061 -0.0711 -0.7231 0.6907 -17.0449
0.9875 -0.0169 -0.0021 -89.3096 0.0182 0.9981 0.0581 0.0062 -0.1566 0.0610 -0.9980 -19.1119
0.9982 0.0205 -0.0488 -89.8412 -0.0247 -0.1572 -0.9873 0.0059 -0.0538 -0.9870 0.1585 -21.2626
0.9868 -0.0059 0.0003 -90.4956 0.0058 0.9996 -0.0282 0.0061 -0.1618 -0.0272 -0.9996 -24.5794
0.9975 0.0379 -0.0148 -90.8042 -0.0315 0.9713 -0.2356 0.0059 -0.0632 -0.2376 -0.9709 -29.3521
0.9927 0.0000 0.0010 -90.8543 0.0008 -0.7365 -0.6764 0.0061 -0.1209 -0.6765 0.7364 -31.7979
0.9673 -0.0109 -0.0272 -90.6865 -0.0291 -0.8793 -0.4753 0.0059 -0.2519 -0.4689 0.8828 -34.2984
0.9917 0.0190 0.0159 -90.3082 -0.0284 0.9593 0.2811 0.0059 -0.1252 0.2777 -0.9603 -36.9341
0.9867 -0.0011 0.0056 -89.8210 0.0033 -0.5229 -0.8524 0.0061 -0.1626 -0.8527 0.5225 -39.5116
0.9894 0.0345 -0.0255 -89.1275 -0.0254 0.8622 -0.5059 0.0059 -0.1432 -0.5090 -0.8604 -42.0978
0.9936 -0.0041 0.0096 -88.3365 0.0049 -0.1422 -0.9898 0.0061 -0.1130 -0.9899 0.1416 -44.6948
0.9954 -0.0043 0.0070 -87.4377 -0.0036 -0.2199 0.9755 0.0061 -0.0961 0.9756 0.2196 -47.2092
0.9987 0.0168 -0.0376 -86.5011 0.0189 0.1084 0.9939 0.0062 -0.0463 0.9940 -0.1075 -49.6937
0.9928 -0.0378 0.0354 -85.5465 0.0269 0.7498 -0.6612 0.0062 -0.1170 -0.6588 -0.7518 -52.0269
0.9930 -0.0060 0.0294 -84.4111 -0.0172 0.5141 0.8576 0.0060 -0.1166 0.8565 -0.5158 -54.3250
0.9952 -0.0072 0.0010 -83.1898 0.0067 0.9970 -0.0767 0.0061 -0.0973 -0.0761 -0.9971 -56.6217
0.9964 -0.0023 -0.0030 -81.8835 -0.0041 -0.9327 -0.3607 0.0061 -0.0850 -0.3604 0.9328 -58.8254
0.9937 0.0116 -0.0458 -79.2265 0.0257 0.4462 0.8946 0.0062 -0.1089 0.8958 -0.4437 -63.0324
0.9940 -0.0208 0.0047 -77.7391 -0.0186 -0.9917 0.1275 0.0060 -0.1078 0.1295 0.9914 -65.0032
0.9960 0.0067 -0.0094 -76.1709 0.0051 -0.3896 0.9210 0.0061 -0.0891 0.9208 0.3900 -66.9666
0.9823 0.0006 -0.0111 -74.5137 -0.0076 -0.6737 -0.7389 0.0060 -0.1874 -0.7380 0.6748 -68.8076
0.8607 0.0381 0.0073 -70.1488 -0.0490 0.9956 0.0799 0.0058 -0.5067 0.0552 -0.9976 -71.9382
0.9362 0.0257 -0.0705 -67.3980 -0.0382 -0.3000 -0.9532 0.0059 -0.3495 -0.9492 0.3128 -72.9855
0.9577 -0.0022 -0.0079 -66.0009 -0.0077 -0.8486 -0.5290 0.0060 -0.2876 -0.5271 0.8498 -73.4129
0.9882 0.0249 0.0186 -63.3092 0.0359 -0.9646 -0.2611 0.0063 -0.1492 -0.2663 0.9632 -74.1469
0.9984 -0.0223 0.0255 -59.3245 -0.0159 -0.5974 0.8018 0.0060 -0.0533 0.8023 0.5968 -75.1146
0.9920 0.0087 -0.0018 -56.5737 -0.0080 0.9938 -0.1105 0.0060 -0.1261 -0.1115 -0.9937 -75.6992
0.9981 0.0057 -0.0118 -53.7657 -0.0059 -0.0335 -0.9994 0.0061 -0.0615 -0.9994 0.0339 -76.1990
0.9970 -0.0030 0.0470 -51.0512 0.0312 -0.6574 -0.7529 0.0063 -0.0708 -0.7543 0.6557 -76.6402
0.9970 0.0055 -0.0163 -48.4027 0.0086 0.3134 0.9496 0.0061 -0.0769 0.9498 -0.3128 -76.9597
0.9990 0.0042 -0.0332 -45.7690 0.0208 0.6001 0.7997 0.0062 -0.0387 0.8002 -0.5994 -77.2348
0.9997 -0.0049 0.0019 -41.8741 0.0041 0.9734 -0.2292 0.0061 -0.0254 -0.2291 -0.9734 -77.5638
1.0000 0.0071 -0.0030 -38.0529 -0.0058 0.9660 -0.2584 0.0061 -0.0073 -0.2585 -0.9660 -77.8638
0.9989 0.0581 -0.0245 -35.3466 -0.0475 0.9652 -0.2573 0.0058 -0.0027 -0.2575 -0.9651 -78.0746
0.9973 0.0783 -0.1344 -32.4057 -0.0681 0.1630 -0.9843 0.0057 -0.0272 -0.9846 -0.1612 -78.2670
0.9971 0.0735 -0.1469 -30.8417 -0.0735 0.0011 -0.9973 0.0057 -0.0216 -0.9973 0.0005 -78.3598
0.9969 0.0726 -0.1531 -29.2149 -0.0766 -0.0517 -0.9957 0.0056 -0.0180 -0.9956 0.0531 -78.4519
0.9954 0.0097 -0.1194 -27.5254 -0.0780 -0.6407 -0.7638 0.0056 -0.0556 -0.7610 0.6441 -78.5317
0.9960 -0.0559 -0.0408 -25.7730 -0.0791 -0.9630 -0.2575 0.0056 -0.0411 -0.2544 0.9639 -78.6012
0.9962 -0.0765 -0.0063 -23.9578 -0.0797 -0.9960 -0.0391 0.0056 -0.0348 -0.0363 0.9962 -78.6652
0.9965 -0.0861 0.0127 -20.1400 -0.0800 -0.9937 0.0789 0.0056 -0.0238 0.0808 0.9935 -78.7799
0.9971 -0.0823 0.0149 -16.0790 -0.0752 -0.9922 0.0990 0.0056 -0.0126 0.1000 0.9921 -78.8893
1.0000 -0.0057 0.0011 -11.9603 -0.0052 -0.9947 0.1029 0.0061 -0.0058 0.1029 0.9947 -78.9964
0.9994 0.0364 -0.0069 -8.0220 0.0332 -0.9940 0.1040 0.0063 -0.0024 0.1039 0.9940 -79.0976
0.9997 0.0254 -0.0048 -4.1487 0.0231 -0.9943 0.1043 0.0062 -0.0010 0.1043 0.9943 -79.1969
0.9985 0.0603 -0.0115 -0.4399 0.0549 -0.9930 0.1044 0.0064 -0.0004 0.1044 0.9930 -79.2918
0.9970 0.0884 -0.1354 3.0172 0.0708 -0.2917 0.9539 0.0065 -0.0301 0.9533 0.2938 -79.3450
0.9988 0.0468 -0.0919 7.8492 0.0460 -0.0184 0.9988 0.0064 -0.0188 0.9988 0.0193 -79.3692
0.9999 -0.0128 0.0253 11.0595 -0.0127 -0.0106 0.9999 0.0060 -0.0089 0.9999 0.0104 -79.3717
0.9980 -0.0630 0.1248 16.2500 -0.0624 -0.0098 0.9980 0.0057 -0.0022 0.9980 0.0097 -79.3731
0.9973 -0.0741 0.1467 20.0079 -0.0733 -0.0100 0.9973 0.0057 -0.0008 0.9973 0.0100 -79.3738
0.9970 -0.0780 0.1545 24.0107 -0.0773 -0.0103 0.9970 0.0056 -0.0003 0.9970 0.0103 -79.3744
0.9969 -0.0792 0.1567 28.2583 -0.0784 -0.0106 0.9969 0.0056 -0.0001 0.9969 0.0106 -79.3752
0.9973 -0.0747 0.1479 32.7450 -0.0739 -0.0109 0.9972 0.0057 -0.0001 0.9972 0.0109 -79.3760
1.0000 -0.0028 0.0055 37.2829 -0.0027 -0.0110 0.9999 0.0061 -0.0001 0.9999 0.0110 -79.3769
0.9983 0.0581 -0.1150 41.5942 0.0575 -0.0108 0.9983 0.0064 -0.0001 0.9983 0.0108 -79.3777
0.9980 0.0641 -0.1269 45.6383 0.0635 -0.0104 0.9979 0.0065 -0.0001 0.9979 0.0105 -79.3785
0.9993 0.0365 -0.0722 49.5904 0.0361 -0.0103 0.9993 0.0063 -0.0001 0.9993 0.0103 -79.3792
0.9982 0.0608 -0.1205 53.3690 0.0602 -0.0101 0.9981 0.0064 -0.0001 0.9981 0.0101 -79.3799
0.9971 0.0763 -0.1512 56.8888 0.0756 -0.0098 0.9971 0.0065 -0.0001 0.9971 0.0098 -79.3805
0.9962 0.0222 -0.1286 60.1466 0.0769 0.5468 0.8337 0.0065 -0.0399 0.8354 -0.5443 -79.3687
0.9963 -0.0155 0.0577 63.2611 0.0319 -0.4219 -0.9061 0.0063 -0.0796 -0.9072 0.4196 -79.2461
0.9981 0.0063 0.0404 66.3231 0.0334 -0.7955 -0.6050 0.0063 -0.0524 -0.6064 0.7945 -79.0602
0.9986 0.0130 -0.0092 69.3087 0.0096 -0.8761 0.4820 0.0061 -0.0527 0.4816 0.8764 -78.8169
0.9993 0.0374 -0.0337 72.2591 0.0266 -0.7739 0.6328 0.0062 -0.0272 0.6322 0.7743 -78.5492
0.9981 0.0398 -0.0620 75.0581 0.0322 -0.2705 0.9622 0.0063 -0.0526 0.9617 0.2721 -78.2734
0.9997 0.0076 -0.0229 77.8428 0.0121 0.3214 0.9469 0.0062 -0.0226 0.9470 -0.3211 -77.9626
0.9992 0.0226 -0.0735 80.5151 0.0394 0.3582 0.9328 0.0063 -0.0115 0.9330 -0.3578 -77.6544
0.9941 -0.0502 0.0592 83.0176 0.0361 0.5707 -0.8204 0.0063 -0.1024 -0.8182 -0.5737 -77.3056
0.9994 -0.0023 0.0312 86.7249 0.0205 -0.6481 -0.7613 0.0062 -0.0289 -0.7617 0.6476 -76.6670
0.9940 -0.0047 0.0073 89.1362 -0.0038 -0.2727 0.9621 0.0061 -0.1089 0.9622 0.2723 -76.1798
0.9989 0.0053 0.0159 91.6402 -0.0155 0.8575 0.5142 0.0060 -0.0442 0.5136 -0.8579 -75.5946
0.9931 -0.0067 0.0150 94.0799 0.0076 -0.1096 -0.9940 0.0061 -0.1174 -0.9940 0.1087 -74.9485
0.9926 0.0235 0.0026 96.5212 -0.0251 0.9983 0.0530 0.0059 -0.1188 0.0500 -0.9984 -74.1128
0.9901 0.0037 0.0065 100.1573 0.0078 -0.9062 -0.4228 0.0061 -0.1398 -0.4238 0.9057 -72.6899
0.9628 -0.0245 0.0008 102.5023 -0.0251 -0.9996 0.0156 0.0059 -0.2690 0.0223 0.9995 -71.4890
0.9323 0.0724 -0.0814 105.8469 -0.0531 0.6096 -0.7909 0.0058 -0.3577 -0.8025 -0.5946 -68.8528
0.9627 -0.0106 0.0082 107.8962 -0.0079 -0.8498 0.5271 0.0060 -0.2705 0.5289 0.8487 -66.7147
0.9546 0.0020 -0.0117 109.7180 -0.0073 -0.5687 -0.8225 0.0060 -0.2978 -0.8213 0.5705 -64.4427
0.9875 -0.0106 0.0253 111.4369 -0.0129 0.1687 0.9856 0.0060 -0.1570 0.9852 -0.1707 -61.9791
0.9924 -0.0080 -0.0321 113.0354 0.0292 0.8333 0.5521 0.0063 -0.1195 0.5550 -0.8313 -59.5448
0.9986 -0.0088 0.0005 114.5415 0.0085 0.9996 -0.0278 0.0061 -0.0517 -0.0273 -0.9996 -57.1515
0.9978 -0.0319 0.0276 116.0105 0.0228 0.7939 -0.6076 0.0062 -0.0618 -0.6065 -0.7948 -54.7672
0.9822 0.0007 -0.0027 117.3244 0.0015 0.4321 0.9018 0.0061 -0.1877 0.9020 -0.4318 -52.3619
0.9783 0.0191 0.0256 118.4343 -0.0353 0.9294 0.3673 0.0059 -0.2044 0.3606 -0.9321 -49.7188
0.9922 -0.0039 0.0037 119.4272 0.0027 0.7388 -0.6739 0.0061 -0.1248 -0.6736 -0.7390 -46.9732
0.9865 0.0219 0.0037 120.2673 0.0241 -0.9968 -0.0768 0.0062 -0.1617 -0.0807 0.9965 -44.3182
0.9971 -0.0210 0.0351 121.0212 -0.0179 -0.1924 0.9812 0.0060 -0.0737 0.9814 0.1911 -41.5965
0.9900 0.0112 -0.0095 121.7017 -0.0081 0.8069 -0.5906 0.0060 -0.1406 -0.5916 -0.8062 -38.7984
0.9878 0.0071 0.0351 122.1927 -0.0307 0.8174 0.5753 0.0059 -0.1527 0.5715 -0.8201 -35.8853
0.9912 -0.0067 0.0066 122.5710 0.0048 0.7225 -0.6914 0.0061 -0.1320 -0.6909 -0.7229 -32.9209
0.9979 0.0024 -0.0042 122.8665 -0.0021 0.1228 -0.9924 0.0061 -0.0641 -0.9924 -0.1227 -29.9995
0.9994 -0.0208 0.0388 123.1388 0.0194 0.0740 -0.9971 0.0062 -0.0288 -0.9970 -0.0745 -27.1001
0.9999 0.0021 -0.0040 123.4010 -0.0020 0.0701 -0.9975 0.0061 -0.0113 -0.9975 -0.0701 -24.2543
0.9974 0.0186 -0.0969 123.8083 -0.0570 -0.5243 -0.8496 0.0058 -0.0440 -0.8483 0.5265 -19.6762
0.9974 -0.0486 -0.0331 124.0585 -0.0672 -0.9670 -0.2456 0.0057 -0.0262 -0.2439 0.9675 -16.3338
0.9998 -0.0071 -0.0028 124.2931 -0.0086 -0.9865 -0.1634 0.0060 -0.0180 -0.1632 0.9866 -12.9229
0.9992 -0.0037 0.0046 124.4778 -0.0027 -0.5212 0.8534 0.0061 -0.0390 0.8535 0.5211 -9.5728
0.9994 0.0292 -0.0442 124.6301 0.0232 -0.3072 0.9514 0.0062 -0.0257 0.9512 0.3078 -6.2625
0.9984 0.0025 -0.0076 124.7523 0.0040 0.3290 0.9443 0.0061 -0.0557 0.9444 -0.3288 -3.0272
0.9995 0.0029 0.0066 124.8319 -0.0070 0.8829 0.4695 0.0060 -0.0313 0.4694 -0.8830 0.2909
0.9991 -0.0190 -0.0293 124.8897 0.0367 0.9161 0.3992 0.0063 -0.0189 0.3998 -0.9158 3.5002
0.9991 -0.0216 -0.0317 124.9373 0.0407 0.9199 0.3900 0.0063 -0.0089 0.3903 -0.9198 6.5219
0.9999 0.0078 0.0114 124.9836 -0.0146 0.9209 0.3895 0.0060 -0.0035 0.3894 -0.9209 9.5699
0.9988 0.0257 0.0376 125.0325 -0.0483 0.9199 0.3892 0.0058 -0.0013 0.3891 -0.9199 12.8083
1.0000 -0.0003 -0.0005 125.0822 0.0006 0.9210 0.3896 0.0061 -0.0005 0.3896 -0.9210 16.1010
0.9991 -0.0231 -0.0338 125.1293 0.0434 0.9202 0.3891 0.0063 -0.0002 0.3891 -0.9202 19.2171
0.9999 -0.0064 -0.0094 125.1747 0.0121 0.9210 0.3894 0.0062 -0.0001 0.3894 -0.9210 22.2277
0.9995 0.0175 0.0257 125.2221 -0.0330 0.9205 0.3894 0.0059 -0.0001 0.3894 -0.9205 25.3696
1.0000 -0.0020 -0.0029 125.2702 0.0038 0.9210 0.3896 0.0061 -0.0001 0.3896 -0.9210 28.5558
1.0000 0.0030 0.0044 125.3175 -0.0056 0.9210 0.3896 0.0061 -0.0001 0.3896 -0.9210 31.6888
0.9992 0.0208 0.0306 125.3669 -0.0392 0.9202 0.3894 0.0059 -0.0001 0.3894 -0.9202 34.9610
1.0000 -0.0027 -0.0040 125.4169 0.0051 0.9209 0.3897 0.0061 -0.0001 0.3897 -0.9209 38.2742
0.9995 -0.0167 0.0159 125.4517 0.0118 0.7393 -0.6733 0.0062 -0.0281 -0.6730 -0.7395 43.0058
0.9996 -0.0332 0.0388 125.4272 0.0238 0.5799 -0.8143 0.0062 -0.0141 -0.8141 -0.5802 47.6073
0.9990 0.0038 -0.0556 125.3215 -0.0368 -0.6537 -0.7559 0.0059 -0.0267 -0.7552 0.6544 52.2926
0.9996 -0.0000 0.0383 125.1731 0.0271 -0.7068 -0.7069 0.0062 -0.0112 -0.7071 0.7066 57.0450
0.9999 -0.0001 -0.0210 125.0215 -0.0149 -0.7087 -0.7053 0.0060 -0.0029 -0.7053 0.7088 61.6506
0.9994 0.0001 0.0490 124.8695 0.0347 -0.7085 -0.7049 0.0063 -0.0007 -0.7049 0.7085 66.2455
0.9939 0.0486 -0.0858 124.6731 0.0434 -0.1280 0.9908 0.0063 -0.1017 0.9903 0.1324 70.4184
0.9990 -0.0202 -0.0129 124.3146 0.0274 0.9714 0.2357 0.0063 -0.0358 0.2367 -0.9712 74.4546
0.9937 -0.0208 0.0659 123.8964 0.0352 -0.3477 -0.9369 0.0063 -0.1062 -0.9382 0.3442 78.1719
0.9995 -0.0120 0.0016 123.3227 -0.0113 -0.9974 0.0718 0.0060 -0.0283 0.0721 0.9973 81.9172
0.9984 0.0514 -0.0435 122.7381 0.0368 -0.8052 0.5919 0.0063 -0.0431 0.5906 0.8061 85.5293
0.9722 -0.0054 0.0307 121.8887 -0.0188 0.5573 0.8301 0.0060 -0.2332 0.8276 -0.5610 88.9561
0.9971 0.0001 -0.0010 120.6110 -0.0007 -0.6532 -0.7571 0.0061 -0.0764 -0.7571 0.6533 92.5248
0.9833 0.0011 -0.0011 119.1910 -0.0008 0.7060 -0.7082 0.0061 -0.1821 -0.7083 -0.7059 95.8663
0.9834 0.0298 -0.0651 116.2610 -0.0330 -0.0942 -0.9950 0.0059 -0.1785 -0.9944 0.1001 100.2328
0.9954 -0.0089 0.0322 114.6023 0.0177 -0.4107 -0.9116 0.0062 -0.0944 -0.9123 0.4092 102.3098
0.9994 -0.0142 0.0015 111.2088 -0.0134 -0.9983 0.0573 0.0060 -0.0305 0.0577 0.9982 106.3770
0.9991 0.0392 -0.0521 108.6680 0.0292 -0.4522 0.8914 0.0063 -0.0296 0.8910 0.4530 109.3104
0.9990 0.0550 -0.0806 107.0665 0.0429 -0.3412 0.9390 0.0063 -0.0135 0.9388 0.3418 111.1214
0.9951 -0.0382 0.0074 105.5215 0.0348 0.9938 -0.1059 0.0063 -0.0929 -0.1027 -0.9941 112.7850
0.9993 0.0230 -0.0342 103.8952 -0.0181 0.3272 -0.9448 0.0060 -0.0320 -0.9450 -0.3267 114.4412
0.9951 0.0077 -0.0027 101.3699 0.0065 -0.9780 0.2085 0.0061 -0.0991 0.2079 0.9781 116.9137
0.9711 -0.0345 0.0154 99.5027 -0.0285 -0.9612 0.2744 0.0059 -0.2369 0.2809 0.9593 118.4226
0.9156 0.0305 -0.0880 97.2756 -0.0489 -0.3428 -0.9381 0.0058 -0.3991 -0.9314 0.3611 119.7224
0.9711 0.0339 -0.0744 94.7349 -0.0379 -0.1043 -0.9938 0.0059 -0.2356 -0.9929 0.1132 120.7922
0.9857 0.0083 0.0131 92.1967 0.0165 -0.9167 -0.3993 0.0062 -0.1679 -0.4019 0.9155 121.7086
0.9933 -0.0001 0.0025 89.6794 -0.0017 0.6838 0.7297 0.0061 -0.1159 0.7295 -0.6839 122.4718
0.9956 0.0137 -0.0027 87.0474 -0.0125 0.9941 -0.1082 0.0060 -0.0925 -0.1094 -0.9939 123.2074
0.9805 0.0140 -0.0233 84.4396 0.0120 -0.1845 0.9828 0.0062 -0.1962 0.9823 0.1868 123.7817
0.9956 -0.0041 0.0031 81.7958 0.0030 0.8569 -0.5155 0.0061 -0.0939 -0.5153 -0.8570 124.2120
0.9959 -0.0014 -0.0011 79.2110 -0.0021 -0.9644 -0.2644 0.0065 -0.0910 -0.2642 0.9645 124.5337
0.9981 0.0057 -0.0074 76.6058 0.0042 -0.4680 0.8837 0.0061 -0.0618 0.8836 0.4683 124.7649
0.9995 0.0194 -0.0270 74.0668 0.0147 -0.4025 0.9153 0.0062 -0.0283 0.9151 0.4029 124.9699
0.9995 -0.0384 0.0533 71.4594 -0.0291 -0.4029 0.9148 0.0059 -0.0109 0.9149 0.4026 125.1751
0.9982 -0.0793 0.1102 68.6396 -0.0602 -0.4023 0.9135 0.0057 -0.0039 0.9136 0.4021 125.3964
0.9964 -0.0566 0.1431 65.5758 -0.0731 0.2046 0.9761 0.0057 -0.0427 0.9755 -0.2076 125.6235
0.9970 0.0190 0.0836 62.2650 -0.0738 0.8218 0.5650 0.0057 -0.0253 0.5634 -0.8229 125.8271
0.9998 0.0042 0.0112 58.8823 -0.0112 0.8677 0.4969 0.0060 -0.0174 0.4968 -0.8678 126.0150
0.9987 0.0095 -0.0020 55.5548 -0.0086 0.9933 -0.1152 0.0060 -0.0508 -0.1156 -0.9933 126.1788
0.9986 0.0614 -0.0685 52.0892 -0.0437 0.6203 -0.7831 0.0058 -0.0303 -0.7839 -0.6193 126.3035
0.9960 0.0597 -0.1279 48.4041 -0.0642 -0.0679 -0.9956 0.0057 -0.0630 -0.9954 0.0719 126.3988
0.9967 0.0973 -0.0891 44.4849 -0.0691 0.7623 -0.6435 0.0057 -0.0436 -0.6458 -0.7604 126.4403
0.9983 0.0598 -0.0608 42.4807 -0.0423 0.6951 -0.7176 0.0058 -0.0389 -0.7188 -0.6940 126.4468
0.9994 -0.0374 0.0403 38.5888 0.0265 0.6515 -0.7581 0.0062 -0.0235 -0.7577 -0.6520 126.4439
0.9998 -0.0257 0.0279 34.8291 0.0182 0.6430 -0.7656 0.0062 -0.0115 -0.7655 -0.6432 126.4321
0.9997 -0.0302 0.0329 32.9643 0.0215 0.6422 -0.7663 0.0062 -0.0076 -0.7662 -0.6423 126.4251
0.9986 -0.0745 0.0812 29.3794 0.0529 0.6406 -0.7660 0.0064 -0.0030 -0.7659 -0.6407 126.4110
0.9979 -0.0902 0.0983 27.6782 0.0641 0.6400 -0.7657 0.0065 -0.0019 -0.7656 -0.6401 126.4041
0.9974 -0.1008 0.1099 24.4639 0.0716 0.6394 -0.7656 0.0065 -0.0008 -0.7655 -0.6394 126.3911
0.9984 -0.0784 0.0855 22.9234 0.0557 0.6399 -0.7664 0.0064 -0.0005 -0.7664 -0.6399 126.3848
0.9997 -0.0333 0.0363 21.3754 0.0236 0.6407 -0.7674 0.0062 -0.0003 -0.7674 -0.6407 126.3785
1.0000 0.0117 -0.0127 19.7914 -0.0083 0.6409 -0.7676 0.0060 -0.0002 -0.7676 -0.6409 126.3721
0.9995 0.0465 -0.0507 18.1580 -0.0330 0.6407 -0.7671 0.0059 -0.0002 -0.7671 -0.6406 126.3654
0.9987 0.0708 -0.0771 16.4688 -0.0503 0.6403 -0.7665 0.0058 -0.0001 -0.7665 -0.6403 126.3585
0.9994 0.0503 -0.0548 12.9649 -0.0357 0.6408 -0.7669 0.0059 -0.0001 -0.7669 -0.6408 126.3443
1.0000 0.0025 -0.0027 11.2341 -0.0017 0.6412 -0.7674 0.0061 -0.0001 -0.7674 -0.6412 126.3372
0.9989 -0.0665 0.0725 7.9297 0.0472 0.6403 -0.7666 0.0064 -0.0001 -0.7666 -0.6403 126.3238
0.9984 -0.0803 0.0875 6.3640 0.0570 0.6400 -0.7663 0.0064 -0.0001 -0.7663 -0.6400 126.3174
0.9998 -0.0255 0.0278 3.2935 0.0181 0.6408 -0.7675 0.0062 -0.0001 -0.7675 -0.6408 126.3049
1.0000 0.0036 -0.0039 0.1449 -0.0025 0.6410 -0.7676 0.0061 -0.0001 -0.7676 -0.6410 126.2921
0.9993 -0.0514 0.0561 -2.8991 0.0365 0.6404 -0.7671 0.0063 -0.0001 -0.7671 -0.6404 126.2797
0.9993 -0.0541 0.0589 -5.7649 0.0384 0.6403 -0.7672 0.0063 -0.0001 -0.7672 -0.6403 126.2680
0.9999 0.0237 -0.0259 -8.6659 -0.0168 0.6407 -0.7676 0.0060 -0.0001 -0.7676 -0.6407 126.2562
0.9998 0.0307 -0.0335 -11.7137 -0.0218 0.6408 -0.7674 0.0060 -0.0001 -0.7674 -0.6408 126.2437
0.9996 -0.0397 0.0433 -14.6747 0.0282 0.6406 -0.7674 0.0063 -0.0001 -0.7674 -0.6406 126.2316
0.9985 -0.0761 0.0830 -17.4344 0.0540 0.6398 -0.7667 0.0064 -0.0001 -0.7667 -0.6398 126.2204
0.9991 -0.0587 0.0641 -20.0146 0.0417 0.6400 -0.7672 0.0063 -0.0001 -0.7672 -0.6400 126.2099
0.9997 0.0075 -0.0244 -22.6361 -0.0131 -0.3602 -0.9328 0.0060 -0.0226 -0.9327 0.3605 126.1649
0.9995 -0.0113 0.0512 -26.5607 0.0294 -0.4889 -0.8719 0.0063 -0.0084 -0.8720 0.4887 126.0729
0.9993 0.0280 0.0045 -28.9940 0.0303 -0.9968 -0.0744 0.0063 -0.0231 -0.0751 0.9967 125.9807
0.9990 0.0025 -0.0020 -32.6515 0.0018 -0.8258 0.5639 0.0061 -0.0443 0.5639 0.8259 125.8110
0.9976 0.0358 -0.0088 -35.1750 -0.0317 0.9898 -0.1390 0.0059 -0.0609 -0.1409 -0.9895 125.5890
0.9976 -0.0012 0.0015 -37.7430 0.0009 0.5233 -0.8522 0.0061 -0.0692 -0.8521 -0.5233 125.3154
0.9984 -0.0389 0.0394 -41.5733 -0.0275 -0.6969 0.7167 0.0059 -0.0489 0.7176 0.6959 124.7243
0.9985 0.0073 -0.0132 -45.4669 0.0067 -0.1077 0.9942 0.0061 -0.0546 0.9941 0.1080 124.0555
0.9997 0.0074 -0.0306 -49.3161 0.0172 0.4598 0.8878 0.0062 -0.0148 0.8880 -0.4596 123.3307
0.9982 -0.0029 0.0125 -52.9354 0.0071 -0.4691 -0.8831 0.0061 -0.0594 -0.8833 0.4687 122.5208
0.9977 0.0130 0.0082 -55.3110 0.0176 -0.9724 -0.2326 0.0062 -0.0650 -0.2338 0.9721 121.9162
0.9936 -0.0084 -0.0298 -58.7894 -0.0278 -0.8440 -0.5357 0.0059 -0.1097 -0.5331 0.8456 120.7560
0.9981 -0.0275 -0.0024 -61.2547 -0.0287 -0.9987 -0.0425 0.0059 -0.0541 -0.0409 0.9988 119.8176
0.9823 0.0073 -0.0195 -64.8314 -0.0102 -0.2505 -0.9681 0.0060 -0.1872 -0.9676 0.2524 118.2525
0.9882 -0.0554 0.0036 -68.4169 -0.0542 -0.9980 0.0337 0.0058 -0.1433 0.0415 0.9977 116.0831
0.9968 -0.0057 0.0029 -70.8433 -0.0045 -0.9468 0.3217 0.0061 -0.0797 0.3220 0.9467 114.4655
0.9796 -0.0003 0.0049 -74.1993 0.0033 -0.6732 -0.7395 0.0061 -0.2010 -0.7399 0.6727 111.9866
0.9943 -0.0086 0.0197 -76.3689 -0.0099 0.1249 0.9921 0.0060 -0.1058 0.9920 -0.1260 110.1255
0.9951 -0.0042 -0.0360 -78.4292 0.0287 0.7772 0.6286 0.0063 -0.0948 0.6308 -0.7755 108.2724
0.9799 0.0077 -0.0066 -80.3238 0.0056 -0.7996 0.6005 0.0061 -0.1996 0.5996 0.8003 106.3627
0.9325 0.0427 -0.0325 -82.0480 -0.0325 0.8554 -0.5169 0.0059 -0.3597 -0.5269 -0.8494 104.1475
0.9735 0.0106 0.0298 -83.5979 -0.0304 0.8676 0.4963 0.0059 -0.2265 0.4903 -0.8710 101.6175
0.9725 -0.0011 0.0084 -84.9542 0.0053 -0.6027 -0.7980 0.0061 -0.2330 -0.7987 0.6017 99.0306
0.9807 0.0302 -0.0358 -86.1068 -0.0219 0.5663 -0.8239 0.0060 -0.1941 -0.8263 -0.5628 96.3044
0.9890 -0.0002 0.0119 -87.1523 0.0084 -0.6987 -0.7153 0.0061 -0.1479 -0.7162 0.6979 93.5069
0.9836 0.0182 -0.0210 -87.6063 0.0131 -0.5888 0.8082 0.0062 -0.1800 0.8068 0.5907 92.1209
0.9851 -0.0124 -0.0113 -88.3603 -0.0193 -0.9548 -0.2965 0.0060 -0.1709 -0.2934 0.9558 89.2450
0.9902 0.0127 -0.0165 -89.0007 0.0094 -0.4699 0.8827 0.0061 -0.1395 0.8821 0.4710 86.3159
0.9927 -0.0013 0.0014 -89.4812 0.0009 0.6172 -0.7868 0.0061 -0.1205 -0.7867 -0.6173 83.4169
0.9978 -0.0247 0.0397 -89.8937 0.0204 0.2351 -0.9718 0.0062 -0.0636 -0.9714 -0.2364 80.5328
0.9910 0.0002 -0.0001 -90.2152 0.0001 -0.8604 0.5097 0.0061 -0.1335 0.5097 0.8604 77.6959
0.9976 -0.0038 0.0188 -90.4469 -0.0110 0.5126 0.8586 0.0060 -0.0679 0.8582 -0.5132 74.7555
0.9967 -0.0183 -0.0188 -90.6254 0.0293 0.9466 0.3211 0.0063 -0.0754 0.3232 -0.9459 71.9025
0.9994 -0.0097 0.0042 -90.7553 0.0079 0.9651 -0.2616 0.0061 -0.0327 -0.2614 -0.9652 69.1287
0.9982 -0.0509 0.0557 -90.9153 0.0362 0.6371 -0.7699 0.0063 -0.0483 -0.7688 -0.6384 65.0647
0.9998 -0.0095 0.0165 -90.9805 0.0083 0.1525 -0.9883 0.0061 -0.0185 -0.9882 -0.1527 62.4647
0.9997 -0.0249 0.0443 -91.0382 0.0223 0.1227 -0.9922 0.0062 -0.0088 -0.9922 -0.1229 59.8828
0.9990 -0.0493 0.0881 -91.0906 0.0444 0.1186 -0.9919 0.0064 -0.0035 -0.9919 -0.1188 57.4568
0.9988 -0.0552 0.0989 -91.1390 0.0498 0.1162 -0.9920 0.0064 -0.0013 -0.9920 -0.1163 55.2071
0.9992 -0.0443 0.0793 -91.1847 0.0399 0.1152 -0.9925 0.0063 -0.0005 -0.9925 -0.1152 53.0817
0.9993 -0.0020 0.0504 -91.2024 0.0343 -0.6777 -0.7345 0.0063 -0.0142 -0.7349 0.6773 51.0740
0.9993 0.0030 0.0491 -91.2136 0.0369 -0.7458 -0.6652 0.0063 -0.0054 -0.6653 0.7457 49.1700
0.9996 0.0024 0.0369 -91.2223 0.0279 -0.7493 -0.6617 0.0063 -0.0023 -0.6617 0.7492 47.3812
1.0000 0.0003 0.0047 -91.2309 0.0036 -0.7500 -0.6615 0.0061 -0.0009 -0.6615 0.7500 45.5797
0.9996 0.0025 0.0362 -91.2431 0.0274 -0.7505 -0.6603 0.0063 -0.0002 -0.6603 0.7505 42.9948
0.9996 0.0027 0.0393 -91.2544 0.0298 -0.7512 -0.6594 0.0063 -0.0001 -0.6594 0.7512 40.6200
0.9997 0.0023 0.0328 -91.2645 0.0248 -0.7512 -0.6596 0.0062 -0.0000 -0.6596 0.7512 38.4798
1.0000 0.0007 0.0098 -91.2745 0.0074 -0.7520 -0.6591 0.0061 -0.0001 -0.6591 0.7520 36.3593
1.0000 -0.0003 -0.0044 -91.2843 -0.0034 -0.7513 -0.6599 0.0061 -0.0001 -0.6599 0.7513 34.3119
1.0000 0.0001 0.0010 -91.2941 0.0008 -0.7507 -0.6607 0.0061 -0.0001 -0.6607 0.7507 32.2323
0.9997 -0.0022 -0.0343 -91.3085 -0.0259 -0.7488 -0.6623 0.0059 -0.0001 -0.6623 0.7488 29.1887
0.9979 -0.0694 0.0086 -91.2842 -0.0652 -0.9957 0.0660 0.0057 -0.0040 0.0663 0.9957 26.5217
0.9999 -0.0113 0.0017 -91.2573 -0.0105 -0.9968 0.0791 0.0060 -0.0009 0.0791 0.9968 23.6109
0.9996 -0.0290 0.0043 -91.2288 -0.0270 -0.9965 0.0788 0.0059 -0.0002 0.0788 0.9965 20.5425
0.9999 -0.0180 0.0025 -91.1997 -0.0168 -0.9971 0.0740 0.0060 -0.0001 0.0740 0.9971 17.4239
0.9980 -0.0675 0.0087 -91.1672 -0.0633 -0.9957 0.0683 0.0057 -0.0001 0.0683 0.9957 13.9336
0.9999 0.0130 -0.0018 -91.1331 0.0121 -0.9971 0.0745 0.0062 -0.0001 0.0745 0.9971 10.2723
0.9997 -0.0272 0.0035 -91.0996 -0.0255 -0.9973 0.0691 0.0059 -0.0001 0.0691 0.9973 6.6760
0.9997 0.0248 -0.0034 -91.0657 0.0231 -0.9969 0.0746 0.0062 -0.0000 0.0746 0.9969 3.0195
0.9984 0.0642 -0.0513 -91.0242 0.0463 -0.8312 0.5541 0.0064 -0.0333 0.5528 0.8320 -0.2879
1.0000 -0.0054 0.0066 -90.9452 -0.0039 -0.5393 0.8421 0.0067 0.0024 0.8421 0.5393 -3.4288
1.0000 0.0120 -0.0143 -90.8667 0.0086 -0.5607 0.8280 0.0065 0.0025 0.8280 0.5607 -6.5258
0.9998 0.0294 -0.0348 -90.7899 0.0211 -0.5675 0.8231 0.0062 -0.0012 0.8231 0.5675 -9.5962
0.9997 -0.0346 0.0409 -90.7143 -0.0249 -0.5675 0.8230 0.0059 -0.0003 0.8230 0.5675 -12.6200
0.9999 0.0231 -0.0274 -90.6364 0.0166 -0.5676 0.8231 0.0062 -0.0001 0.8231 0.5676 -15.7369
0.9992 0.0301 -0.0531 -90.5553 0.0268 -0.1315 0.9910 0.0062 -0.0305 0.9909 0.1323 -18.5837
0.9998 -0.0122 0.0333 -90.4392 -0.0172 0.2595 0.9656 0.0060 -0.0038 0.9656 -0.2595 -21.5017
0.9994 0.0007 -0.0183 -90.3133 0.0124 0.6781 0.7349 0.0062 -0.0320 0.7352 -0.6778 -24.3900
0.9999 -0.0049 -0.0076 -90.1547 0.0094 0.9160 0.4011 0.0061 -0.0044 0.4012 -0.9159 -27.2625
0.9997 -0.0194 -0.0020 -89.3965 -0.0204 -0.9986 -0.0488 0.0060 -0.0148 -0.0485 0.9986 -36.3741
1.0000 0.0032 -0.0033 -88.8363 0.0023 -0.6946 0.7194 0.0061 -0.0061 0.7193 0.6946 -40.8334
0.9995 -0.0061 0.0115 -87.1613 0.0058 0.0582 -0.9983 0.0061 -0.0306 -0.9983 -0.0584 -50.2577
0.9999 -0.0113 0.0007 -85.7199 0.0110 0.9994 -0.0328 0.0062 -0.0092 -0.0327 -0.9994 -55.4272
0.9899 -0.0292 -0.0087 -84.6196 0.0341 0.9912 0.1278 0.0063 -0.1375 0.1324 -0.9906 -58.4926
0.9724 0.0579 -0.0278 -83.0638 0.0472 -0.9532 0.2987 0.0064 -0.2285 0.2884 0.9564 -60.7906
0.9990 -0.0073 0.0078 -81.6064 0.0052 0.6592 -0.7519 0.0061 -0.0451 -0.7518 -0.6594 -62.0319
0.9997 -0.0030 -0.0009 -78.9532 -0.0035 -0.9916 -0.1297 0.0061 -0.0251 -0.1296 0.9916 -64.2184
0.9996 0.0233 -0.0225 -75.2433 -0.0165 0.7307 -0.6825 0.0060 -0.0225 -0.6828 -0.7304 -66.9737
0.9996 -0.0111 -0.0001 -72.5737 -0.0112 -0.9999 -0.0055 0.0060 -0.0245 -0.0052 0.9999 -68.7683
0.9977 0.0016 -0.0038 -70.4997 0.0020 0.1650 0.9863 0.0061 -0.0680 0.9863 -0.1648 -70.0615
0.9996 -0.0032 -0.0018 -68.3497 0.0042 0.9777 0.2099 0.0060 -0.0288 0.2101 -0.9777 -71.3150
0.9999 0.0027 -0.0077 -66.1408 -0.0040 -0.2721 -0.9622 0.0062 -0.0166 -0.9622 0.2722 -72.4956
0.9994 0.0424 -0.0573 -63.2895 0.0318 -0.4326 0.9010 0.0063 -0.0115 0.9009 0.4329 -73.8916
0.9989 -0.0142 0.0373 -58.2234 0.0192 -0.2332 -0.9722 0.0062 -0.0432 -0.9724 0.2324 -76.0426
0.9991 0.0146 -0.0066 -56.1812 0.0117 -0.9600 0.2797 0.0062 -0.0401 0.2792 0.9602 -76.8017
0.9997 -0.0261 0.0359 -54.2965 0.0197 0.4141 -0.9100 0.0059 0.0135 -0.9101 -0.4139 -77.3158
0.9999 -0.0050 -0.0145 -52.4552 -0.0143 -0.8612 -0.5081 0.0061 0.0081 -0.5082 0.8611 -77.7829
0.9993 0.0112 0.0406 -50.4026 -0.0375 0.8397 0.5418 0.0059 -0.0041 0.5417 -0.8398 -78.1938
0.9970 -0.0002 -0.0109 -47.9009 -0.0079 -0.7229 -0.6909 0.0060 -0.0765 -0.6905 0.7233 -78.6190
0.9986 -0.0021 0.0044 -45.2847 -0.0022 0.0509 0.9987 0.0061 -0.0527 0.9987 -0.0510 -78.9257
0.9997 -0.0029 -0.0076 -41.9348 0.0077 0.8716 0.4902 0.0061 -0.0237 0.4903 -0.8715 -79.2417
0.9978 0.0474 0.0341 -38.9147 -0.0667 0.9646 0.2551 0.0057 -0.0002 0.2551 -0.9646 -79.5026
0.9994 0.0050 -0.0319 -35.4052 -0.0193 -0.5641 -0.8255 0.0060 -0.0283 -0.8252 0.5645 -79.7253
0.9994 -0.0344 0.0703 -24.4538 0.0351 -0.0200 -0.9992 0.0063 -0.0052 -0.9992 0.0198 -79.4950
0.9998 0.0190 -0.0389 -21.5237 -0.0194 -0.0201 -0.9996 0.0060 -0.0007 -0.9996 0.0201 -79.3331
0.9999 0.0100 -0.0205 -18.5161 -0.0102 -0.0201 -0.9997 0.0060 -0.0001 -0.9997 0.0201 -79.1670
0.9966 0.0806 -0.1644 -13.7967 -0.0822 -0.0196 -0.9964 0.0056 -0.0001 -0.9964 0.0196 -78.9063
0.9998 -0.0192 0.0392 -8.4890 0.0196 -0.0198 -0.9996 0.0062 -0.0001 -0.9996 0.0198 -78.6132
0.9997 -0.0241 0.0492 -4.4551 0.0246 -0.0198 -0.9995 0.0062 -0.0001 -0.9995 0.0198 -78.3904
1.0000 -0.0086 0.0175 -0.0155 0.0088 -0.0200 -0.9998 0.0061 -0.0001 -0.9998 0.0200 -78.1452
0.9994 -0.0327 0.0668 4.1197 0.0334 -0.0201 -0.9992 0.0063 -0.0001 -0.9992 0.0201 -77.9168
0.9993 -0.0367 0.0749 7.5085 0.0375 -0.0203 -0.9991 0.0063 -0.0001 -0.9991 0.0203 -77.7295
0.9998 -0.0284 0.0397 10.2076 0.0216 0.3965 -0.9178 0.0062 0.0016 -0.9178 -0.3965 -77.5924
0.9998 0.0257 -0.0350 12.7602 -0.0193 0.4237 -0.9056 0.0061 -0.0002 -0.9056 -0.4237 -77.4719
0.9991 0.0549 -0.0749 15.6224 -0.0413 0.4236 -0.9049 0.0059 -0.0001 -0.9049 -0.4236 -77.3367
0.9958 0.1211 -0.1649 19.8374 -0.0910 0.4226 -0.9017 0.0056 -0.0001 -0.9017 -0.4226 -77.1376
0.9995 -0.0417 0.0569 24.7067 0.0314 0.4240 -0.9051 0.0063 -0.0001 -0.9051 -0.4240 -76.9077
0.9998 -0.0151 0.0343 29.1580 -0.0173 0.1173 0.9929 0.0060 0.0131 0.9930 -0.1171 -76.8243
0.9997 0.0237 -0.0518 34.2514 0.0260 0.0826 0.9962 0.0062 0.0006 0.9962 -0.0827 -76.8158
1.0000 0.0047 -0.0102 37.4241 0.0051 0.0827 0.9966 0.0061 0.0000 0.9966 -0.0827 -76.8112
1.0000 0.0062 -0.0136 41.6644 0.0068 0.0826 0.9966 0.0061 -0.0001 0.9966 -0.0826 -76.8051
1.0000 -0.0055 0.0119 46.0601 -0.0060 0.0825 0.9966 0.0061 -0.0001 0.9966 -0.0825 -76.7987
