0.9996 0.0186 -0.0539 -1.3971 -0.0282 -0.2961 -0.9547 0.0059 0.0001 -0.9547 0.2961 -20.1447
0.9956 -0.0151 0.0401 -1.9612 -0.0207 0.2403 0.9705 0.0060 0.0912 0.9709 -0.2385 -22.1224
0.9989 -0.0520 0.0545 -2.1963 -0.0368 -0.6717 0.7399 0.0059 0.0280 0.7392 0.6725 -22.8319
0.9974 0.0056 -0.0424 -2.7091 -0.0264 -0.5943 -0.8038 0.0059 0.0668 -0.8048 0.5929 -24.3036
0.9992 0.0332 -0.0644 -2.9924 -0.0322 0.0289 -0.9991 0.0059 0.0238 -0.9990 -0.0297 -25.0685
0.9990 0.0355 -0.0425 -3.2877 -0.0256 0.5560 -0.8308 0.0059 0.0378 -0.8302 -0.5568 -25.8482
0.9971 0.0148 0.0106 -3.6072 -0.0208 0.9671 0.2536 0.0060 0.0733 0.2551 -0.9667 -26.6274
0.9924 -0.0434 0.0435 -3.9715 -0.0308 -0.7053 0.7082 0.0059 0.1194 0.7056 0.7079 -27.4199
0.9979 0.0174 -0.0602 -4.7814 -0.0327 -0.3892 -0.9206 0.0059 0.0558 -0.9213 0.3875 -29.1025
0.9960 0.0168 -0.0141 -5.2124 -0.0121 0.8107 -0.5854 0.0060 0.0885 -0.5845 -0.8113 -29.9320
0.9914 -0.0044 0.0089 -5.6738 -0.0045 0.0209 0.9998 0.0061 0.1311 0.9998 -0.0203 -30.7357
0.9961 -0.0051 0.0082 -7.6473 0.0042 0.2440 -0.9698 0.0061 0.0877 -0.9699 -0.2437 -33.9506
0.9973 -0.0425 0.0469 -8.7919 -0.0302 -0.6300 0.7760 0.0059 0.0670 0.7747 0.6316 -35.5242
0.9944 0.0146 -0.0382 -10.0437 -0.0197 -0.2336 -0.9721 0.0060 0.1039 -0.9726 0.2316 -37.1336
0.9953 -0.0601 0.0750 -11.4813 -0.0439 -0.5165 0.8552 0.0058 0.0858 0.8532 0.5197 -38.7398
0.9977 -0.0085 0.0022 -12.9989 -0.0075 -0.9888 0.1493 0.0060 0.0680 0.1488 0.9888 -40.3733
0.9982 0.0149 -0.0165 -14.5658 -0.0106 0.6245 -0.7809 0.0060 0.0587 -0.7806 -0.6250 -41.9260
0.9983 -0.0091 0.0022 -16.1615 0.0081 0.9911 -0.1328 0.0061 0.0584 -0.1332 -0.9911 -43.4613
0.9874 -0.0013 -0.0101 -17.8189 -0.0083 -0.7877 -0.6160 0.0060 0.1580 -0.6170 0.7869 -44.8868
0.9955 0.0201 -0.0011 -19.6439 -0.0196 0.9994 -0.0280 0.0060 0.0929 -0.0262 -0.9995 -46.3013
0.9849 -0.0020 0.0182 -21.5119 0.0117 -0.6216 -0.7832 0.0062 0.1727 -0.7820 0.6232 -47.5815
0.9606 -0.0518 0.0565 -23.4089 0.0375 0.6388 -0.7684 0.0063 0.2753 -0.7750 -0.6309 -48.5760
0.9943 0.0480 -0.0399 -25.2818 0.0345 -0.8143 0.5794 0.0063 0.1011 0.5823 0.8123 -49.3615
0.9926 -0.0203 0.0530 -27.0835 0.0273 -0.2316 -0.9724 0.0063 0.1186 -0.9717 0.2348 -50.0419
0.9994 -0.0052 0.0054 -28.9158 0.0037 0.6768 -0.7361 0.0061 0.0343 -0.7362 -0.6767 -50.6784
0.9960 0.0029 -0.0157 -30.7295 0.0093 0.5375 0.8432 0.0061 0.0884 0.8428 -0.5382 -51.2568
0.9985 -0.0056 0.0050 -32.5892 -0.0040 -0.7733 0.6340 0.0061 0.0540 0.6339 0.7734 -51.7909
0.9911 -0.0096 0.0043 -34.4399 0.0078 0.9613 -0.2753 0.0061 0.1331 -0.2763 -0.9610 -52.2171
0.9977 -0.0079 0.0126 -36.3407 -0.0065 -0.2432 0.9699 0.0061 0.0676 0.9698 0.2437 -52.5676
0.9949 -0.0068 -0.0012 -37.3046 -0.0074 -0.9969 -0.0779 0.0060 0.1005 -0.0786 0.9969 -52.7119
0.9995 0.0055 -0.0231 -39.2957 -0.0130 -0.4655 -0.8849 0.0060 0.0287 -0.8851 0.4652 -52.9859
0.9998 -0.0004 0.0017 -40.2829 0.0009 -0.4336 -0.9011 0.0061 0.0185 -0.9011 0.4336 -53.1199
0.9990 -0.0029 0.0055 -41.2625 0.0027 0.0515 -0.9987 0.0061 0.0440 -0.9987 -0.0514 -53.2416
0.9990 0.0111 -0.0089 -43.2681 -0.0080 0.8312 -0.5559 0.0060 0.0444 -0.5556 -0.8314 -53.4694
0.9989 -0.0207 0.0374 -45.3193 -0.0188 -0.1090 0.9939 0.0060 0.0439 0.9938 0.1098 -53.6234
0.9988 0.0062 -0.0059 -47.3991 0.0044 -0.7345 0.6786 0.0061 0.0494 0.6787 0.7344 -53.7541
0.9995 0.0359 -0.0167 -49.3675 0.0288 -0.9563 0.2909 0.0063 0.0148 0.2913 0.9562 -53.8530
0.9992 0.0005 0.0003 -51.2843 0.0006 -0.9753 -0.2208 0.0061 0.0389 -0.2208 0.9753 -53.9362
0.9969 0.0393 -0.1238 -54.5184 -0.0660 -0.3432 -0.9369 0.0057 0.0438 -0.9379 0.3405 -54.0304
0.9968 0.0909 -0.1537 -57.0024 -0.0781 0.1799 -0.9806 0.0056 0.0146 -0.9804 -0.1810 -54.0690
0.9967 0.0968 -0.1590 -59.7458 -0.0814 0.2113 -0.9740 0.0056 0.0072 -0.9739 -0.2118 -54.1056
0.9966 0.0976 -0.1599 -62.7456 -0.0819 0.2141 -0.9734 0.0056 0.0030 -0.9733 -0.2144 -54.1433
0.9967 0.0973 -0.1594 -65.9997 -0.0816 0.2147 -0.9733 0.0056 0.0011 -0.9733 -0.2148 -54.1839
0.9999 0.0142 -0.0232 -71.1635 -0.0119 0.2156 -0.9764 0.0060 0.0002 -0.9764 -0.2156 -54.2481
1.0000 0.0103 -0.0170 -74.5519 -0.0087 0.2156 -0.9765 0.0060 0.0000 -0.9765 -0.2156 -54.2902
0.9991 0.0518 -0.0848 -78.0761 -0.0434 0.2155 -0.9755 0.0058 -0.0000 -0.9755 -0.2155 -54.3340
0.9995 0.0371 -0.0607 -81.7650 -0.0311 0.2158 -0.9760 0.0059 -0.0000 -0.9760 -0.2158 -54.3798
0.9995 -0.0366 0.0599 -85.3523 0.0307 0.2157 -0.9760 0.0063 -0.0001 -0.9760 -0.2157 -54.4244
0.9982 -0.0720 0.1179 -88.7066 0.0604 0.2151 -0.9747 0.0064 -0.0001 -0.9747 -0.2151 -54.4661
0.9998 -0.0255 0.0417 -91.9313 0.0214 0.2154 -0.9763 0.0062 -0.0001 -0.9763 -0.2154 -54.5061
1.0000 0.0003 -0.0005 -95.2268 -0.0002 0.2155 -0.9765 0.0061 -0.0001 -0.9765 -0.2155 -54.5471
0.9986 -0.0624 0.1023 -99.9231 0.0524 0.2150 -0.9752 0.0064 -0.0001 -0.9752 -0.2150 -54.6054
0.9982 -0.0722 0.1183 -101.3782 0.0606 0.2148 -0.9748 0.0064 -0.0001 -0.9748 -0.2148 -54.6235
0.9985 -0.0224 0.0930 -105.4687 0.0524 -0.4594 -0.8867 0.0064 0.0170 -0.8863 0.4602 -54.6185
0.9985 -0.0260 0.0987 -107.9831 0.0546 -0.4264 -0.9029 0.0064 0.0092 -0.9027 0.4269 -54.6000
1.0000 -0.0045 0.0168 -110.4237 0.0093 -0.4246 -0.9054 0.0061 0.0037 -0.9053 0.4246 -54.5795
0.9999 0.0052 -0.0197 -112.9713 -0.0109 -0.4228 -0.9062 0.0060 0.0013 -0.9062 0.4228 -54.5578
1.0000 -0.0038 0.0141 -115.4739 0.0078 -0.4218 -0.9067 0.0061 0.0004 -0.9067 0.4218 -54.5365
0.9995 0.0154 -0.0582 -118.0489 -0.0322 -0.4255 -0.9044 0.0059 0.0001 -0.9044 0.4255 -54.5144
0.9996 0.0141 -0.0532 -120.7878 -0.0294 -0.4255 -0.9045 0.0059 0.0000 -0.9045 0.4255 -54.4911
1.0000 -0.0011 0.0040 -123.4852 0.0022 -0.4257 -0.9049 0.0061 -0.0000 -0.9049 0.4257 -54.4680
0.9988 0.0234 -0.0883 -127.7094 -0.0488 -0.4250 -0.9039 0.0058 -0.0001 -0.9039 0.4250 -54.4319
0.9982 0.0290 -0.1096 -129.2262 -0.0606 -0.4247 -0.9033 0.0057 -0.0001 -0.9033 0.4247 -54.4189
0.9992 0.0195 -0.0734 -132.3907 -0.0406 -0.4250 -0.9043 0.0059 -0.0001 -0.9043 0.4250 -54.3919
1.0000 0.0029 -0.0111 -133.9556 -0.0061 -0.4253 -0.9050 0.0061 -0.0001 -0.9050 0.4253 -54.3785
0.9992 -0.0189 0.0715 -136.9433 0.0395 -0.4251 -0.9043 0.0063 -0.0001 -0.9043 0.4251 -54.3530
0.9994 -0.0164 0.0619 -138.3826 0.0342 -0.4253 -0.9044 0.0063 -0.0001 -0.9044 0.4253 -54.3407
0.9998 0.0086 -0.0324 -141.3243 -0.0179 -0.4254 -0.9048 0.0060 -0.0001 -0.9048 0.4254 -54.3155
0.9992 0.0189 -0.0713 -142.8658 -0.0394 -0.4250 -0.9043 0.0059 -0.0001 -0.9043 0.4250 -54.3024
0.9995 0.0152 -0.0574 -146.0701 -0.0317 -0.4250 -0.9046 0.0059 -0.0001 -0.9046 0.4250 -54.2750
1.0000 0.0003 -0.0011 -147.6526 -0.0006 -0.4253 -0.9050 0.0061 -0.0001 -0.9050 0.4253 -54.2614
0.9997 -0.0125 0.0471 -149.1886 0.0260 -0.4252 -0.9047 0.0062 -0.0001 -0.9047 0.4252 -54.2483
0.9990 -0.0212 0.0802 -150.6710 0.0443 -0.4250 -0.9041 0.0063 -0.0001 -0.9041 0.4250 -54.2356
0.9985 -0.0265 0.1002 -152.0978 0.0554 -0.4249 -0.9036 0.0064 -0.0001 -0.9036 0.4249 -54.2234
0.9990 -0.0212 0.0802 -154.8173 0.0443 -0.4253 -0.9040 0.0063 -0.0001 -0.9040 0.4252 -54.2002
0.9998 -0.0090 0.0340 -156.1720 0.0188 -0.4256 -0.9047 0.0062 -0.0001 -0.9047 0.4256 -54.1886
0.9996 -0.0131 0.0495 -158.8444 0.0273 -0.4255 -0.9045 0.0063 -0.0001 -0.9045 0.4255 -54.1658
0.9988 -0.0230 0.0871 -161.3517 0.0481 -0.4253 -0.9038 0.0064 -0.0001 -0.9038 0.4253 -54.1444
0.9985 -0.0264 0.0998 -164.7608 0.0551 -0.4251 -0.9034 0.0064 -0.0001 -0.9034 0.4251 -54.1152
0.9986 -0.0253 0.0955 -166.8181 0.0528 -0.4253 -0.9035 0.0064 -0.0001 -0.9035 0.4253 -54.0977
0.9989 -0.0370 0.0712 -168.7381 0.0356 0.0396 -0.9986 0.0063 0.0310 -0.9986 -0.0385 -54.0712
1.0000 -0.0094 0.0128 -170.6651 0.0070 0.4261 -0.9047 0.0061 0.0062 -0.9047 -0.4261 -54.0260
0.9997 -0.0327 0.0439 -172.5341 0.0244 0.4409 -0.8972 0.0062 0.0027 -0.8972 -0.4409 -53.9814
0.9995 -0.0358 0.0193 -174.2899 0.0279 0.9381 -0.3452 0.0063 0.0116 -0.3455 -0.9380 -53.9165
0.9991 -0.0258 -0.0089 -175.9538 0.0306 0.9888 0.1458 0.0063 0.0305 0.1449 -0.9890 -53.8439
0.9997 0.0059 -0.0082 -177.5694 0.0045 -0.4024 0.9155 0.0061 0.0245 0.9155 0.4023 -53.7145
0.9974 -0.0011 -0.0059 -179.2182 -0.0050 -0.8085 -0.5884 0.0061 0.0725 -0.5887 0.8083 -53.5408
0.9998 0.0126 -0.0283 -180.9325 -0.0142 -0.1074 -0.9941 0.0060 0.0129 -0.9941 0.1072 -53.3255
0.9999 -0.0063 0.0070 -182.6269 0.0045 0.6196 -0.7849 0.0061 0.0150 -0.7850 -0.6195 -53.0921
0.9993 -0.0267 0.0161 -184.2531 0.0203 0.9177 -0.3968 0.0062 0.0313 -0.3974 -0.9174 -52.8567
0.9997 0.0003 -0.0008 -185.8322 0.0004 0.1555 0.9878 0.0061 0.0243 0.9878 -0.1555 -52.5695
0.9976 0.0063 0.0001 -187.4220 0.0064 -0.9999 -0.0088 0.0061 0.0689 -0.0084 0.9999 -52.2401
0.9998 -0.0006 0.0216 -188.9580 0.0149 -0.6859 -0.7275 0.0062 0.0112 -0.7274 0.6860 -51.8909
0.9978 -0.0292 0.0298 -190.4094 0.0207 0.6917 -0.7219 0.0062 0.0622 -0.7228 -0.6908 -51.5251
0.9920 0.0122 0.0089 -191.7659 0.0174 -0.9666 -0.2559 0.0062 0.1254 -0.2538 0.9671 -51.0678
0.9705 0.0082 -0.0447 -194.2076 0.0272 0.5496 0.8350 0.0062 0.2397 0.8314 -0.5551 -49.6231
0.9983 -0.0307 0.0303 -195.2226 0.0218 0.7178 -0.6959 0.0062 0.0544 -0.6967 -0.7170 -48.7555
0.9994 -0.0180 0.0008 -196.2065 0.0176 0.9996 -0.0214 0.0062 0.0305 -0.0219 -0.9996 -47.9229
0.9999 -0.0098 -0.0063 -197.6142 0.0133 0.9716 0.2362 0.0062 0.0015 0.2362 -0.9716 -46.7204
0.9997 0.0068 -0.0246 -198.9336 0.0135 0.4092 0.9123 0.0062 0.0210 0.9122 -0.4095 -45.5587
0.9997 0.0145 -0.0257 -199.7679 0.0130 -0.1278 0.9917 0.0062 0.0198 0.9918 0.1275 -44.8061
0.9997 0.0176 -0.0198 -200.5674 0.0125 -0.6135 0.7896 0.0062 0.0188 0.7897 0.6133 -44.0709
0.9998 0.0158 -0.0093 -201.3336 0.0121 -0.9232 0.3840 0.0062 0.0180 0.3842 0.9232 -43.3529
0.9998 0.0084 0.0020 -202.0689 0.0095 -0.9941 -0.1078 0.0061 0.0180 -0.1076 0.9941 -42.6511
1.0000 0.0066 -0.0169 -202.7952 -0.0086 -0.2132 -0.9770 0.0060 0.0041 -0.9770 0.2132 -41.9120
0.9999 0.0130 -0.0191 -203.5571 -0.0102 0.3463 -0.9381 0.0060 0.0001 -0.9381 -0.3463 -41.1342
0.9991 0.0023 0.0000 -204.2999 -0.0023 1.0000 0.0013 0.0061 0.0426 0.0014 -1.0000 -40.3423
0.9955 -0.0069 -0.0093 -205.0135 -0.0126 -0.9280 -0.3723 0.0060 0.0935 -0.3733 0.9276 -39.4557
0.9992 -0.0204 0.0477 -205.6850 -0.0241 0.1421 0.9896 0.0059 0.0307 0.9897 -0.1413 -38.4615
0.9986 -0.0219 0.0035 -206.3995 -0.0203 -0.9959 0.0876 0.0060 0.0479 0.0867 0.9960 -37.3971
0.9994 0.0046 -0.0389 -207.1464 -0.0245 -0.6067 -0.7945 0.0059 0.0243 -0.7949 0.6062 -36.2451
0.9997 0.0066 -0.0127 -207.8986 -0.0063 0.0328 -0.9994 0.0061 0.0249 -0.9994 -0.0330 -35.0623
1.0000 -0.0092 0.0139 -208.6293 0.0073 0.3133 -0.9496 0.0061 0.0015 -0.9496 -0.3133 -33.8984
0.9999 -0.0214 0.0186 -209.3132 0.0153 0.7946 -0.6069 0.0062 0.0059 -0.6070 -0.7945 -32.7808
0.9986 -0.0034 -0.0272 -209.9378 0.0218 0.7812 0.6240 0.0062 0.0482 0.6231 -0.7818 -31.7048
0.9996 0.0193 -0.0380 -210.5115 0.0190 -0.0136 0.9997 0.0062 0.0215 0.9997 0.0132 -30.6731
0.9997 0.0218 -0.0265 -211.0552 0.0158 -0.5439 0.8390 0.0062 0.0197 0.8392 0.5437 -29.6780
0.9997 0.0185 -0.0122 -211.5704 0.0138 -0.8962 0.4434 0.0062 0.0189 0.4436 0.8961 -28.7132
0.9998 0.0119 0.0015 -212.0592 0.0127 -0.9981 -0.0596 0.0062 0.0181 -0.0593 0.9982 -27.7766
0.9998 0.0038 0.0128 -212.5234 0.0120 -0.8460 -0.5331 0.0062 0.0173 -0.5329 0.8461 -26.8673
0.9977 0.0144 -0.0065 -212.9488 -0.0117 0.9599 -0.2800 0.0060 0.0671 -0.2793 -0.9601 -25.9094
0.9984 -0.0614 0.0216 -213.3696 -0.0518 -0.9768 0.2078 0.0058 0.0208 0.2068 0.9770 -24.7616
0.9986 0.0158 -0.0396 -213.8256 -0.0202 -0.1968 -0.9802 0.0060 0.0479 -0.9804 0.1958 -23.5049
0.9996 -0.0007 0.0285 -214.2184 -0.0196 0.6890 0.7245 0.0060 0.0220 0.7248 -0.6887 -22.2130
0.9995 -0.0133 0.0332 -214.6320 -0.0169 0.1979 0.9801 0.0060 0.0263 0.9802 -0.1975 -20.8622
0.9989 -0.0442 0.0010 -215.0286 -0.0436 -0.9990 0.0119 0.0058 0.0196 0.0111 0.9990 -19.3794
0.9977 0.0102 -0.0179 -215.6267 -0.0090 0.1423 -0.9898 0.0060 0.0668 -0.9897 -0.1429 -17.0163
0.9991 0.0173 -0.0053 -215.9834 -0.0149 0.9838 -0.1786 0.0060 0.0389 -0.1781 -0.9839 -15.3841
0.9989 -0.0270 0.0263 -216.4401 -0.0191 -0.7254 0.6881 0.0060 0.0439 0.6875 0.7259 -12.8114
0.9986 0.0252 -0.0366 -216.7994 -0.0196 0.3529 -0.9355 0.0060 0.0490 -0.9351 -0.3538 -10.0762
0.9998 -0.0056 -0.0007 -217.0974 0.0060 0.9984 0.0555 0.0061 0.0206 0.0554 -0.9984 -7.3041
0.9969 0.0280 -0.0446 -217.2326 0.0230 -0.2467 0.9688 0.0062 0.0756 0.9693 0.2450 -5.5364
0.9998 0.0208 -0.0128 -217.3699 0.0157 -0.9132 0.4071 0.0062 0.0094 0.4073 0.9132 -3.0239
0.9985 -0.0731 0.0446 -217.5157 -0.0554 -0.9143 0.4013 0.0058 0.0021 0.4011 0.9143 -0.3303
0.9987 -0.0674 0.0411 -217.6912 -0.0511 -0.9146 0.4011 0.0058 0.0004 0.4011 0.9146 2.9203
0.9998 -0.0270 0.0165 -217.8707 -0.0205 -0.9156 0.4015 0.0060 0.0000 0.4015 0.9156 6.2461
0.9978 -0.0875 0.0533 -218.0699 -0.0664 -0.9139 0.4005 0.0057 -0.0000 0.4005 0.9139 9.9349
0.9999 -0.0175 0.0107 -218.2895 -0.0133 -0.9159 0.4012 0.0060 -0.0001 0.4012 0.9159 14.0030
0.9996 -0.0390 0.0238 -218.5101 -0.0296 -0.9156 0.4010 0.0059 -0.0001 0.4010 0.9156 18.0898
0.9996 0.0030 0.0181 -218.7001 0.0151 -0.8004 -0.5993 0.0062 0.0233 -0.5990 0.8006 22.2335
0.9991 0.0000 0.0566 -218.7926 0.0401 -0.7067 -0.7064 0.0063 0.0128 -0.7061 0.7070 24.8404
0.9986 -0.0009 0.0763 -218.8733 0.0533 -0.6972 -0.7149 0.0064 0.0059 -0.7147 0.6974 27.2616
0.9986 -0.0013 0.0756 -218.9470 0.0526 -0.6941 -0.7179 0.0064 0.0021 -0.7179 0.6942 29.5011
1.0000 -0.0002 0.0132 -219.0184 0.0092 -0.6979 -0.7161 0.0061 0.0007 -0.7161 0.6979 31.6719
0.9989 0.0006 -0.0656 -219.0952 -0.0460 -0.7002 -0.7125 0.0058 0.0002 -0.7125 0.7002 34.0101
0.9972 0.0010 -0.1072 -219.2259 -0.0752 -0.6987 -0.7114 0.0056 0.0000 -0.7114 0.6987 37.9838
0.9968 0.0010 -0.1138 -219.3234 -0.0798 -0.6984 -0.7113 0.0056 -0.0000 -0.7113 0.6984 40.9514
0.9967 0.0011 -0.1155 -219.4293 -0.0809 -0.6982 -0.7114 0.0056 -0.0000 -0.7114 0.6982 44.1730
0.9967 0.0011 -0.1155 -219.5434 -0.0809 -0.6980 -0.7115 0.0056 -0.0001 -0.7115 0.6980 47.6465
0.9989 0.0006 -0.0674 -219.6640 -0.0472 -0.6994 -0.7131 0.0058 -0.0001 -0.7131 0.6994 51.3172
0.9997 -0.0003 0.0352 -219.7816 0.0247 -0.7001 -0.7137 0.0062 -0.0001 -0.7137 0.7001 54.8954
0.9982 -0.0008 0.0866 -219.8915 0.0607 -0.6991 -0.7124 0.0064 -0.0001 -0.7124 0.6991 58.2403
0.9974 -0.0009 0.1036 -220.0412 0.0726 -0.6988 -0.7116 0.0065 -0.0001 -0.7116 0.6988 62.7938
0.9975 -0.0009 0.1008 -220.1313 0.0706 -0.6990 -0.7116 0.0065 -0.0001 -0.7116 0.6990 65.5379
0.9983 -0.0653 0.1062 -220.1835 0.0545 0.2240 -0.9731 0.0064 0.0207 -0.9733 -0.2229 68.0908
0.9986 -0.0664 0.0976 -220.2199 0.0519 0.3383 -0.9396 0.0064 0.0102 -0.9398 -0.3378 70.4992
0.9987 0.0157 -0.0269 -220.1588 0.0136 -0.1624 0.9866 0.0062 0.0496 0.9867 0.1617 73.8881
0.9994 -0.0149 0.0052 -219.9914 -0.0126 -0.9779 0.2088 0.0060 0.0321 0.2084 0.9780 77.3119
0.9988 0.0036 0.0063 -219.8427 0.0074 -0.9069 -0.4214 0.0061 0.0483 -0.4211 0.9070 79.6175
0.9986 0.0059 -0.0025 -219.6074 -0.0048 0.9661 -0.2581 0.0061 0.0535 -0.2579 -0.9662 81.8831
0.9982 0.0017 0.0049 -219.3332 -0.0048 0.8587 0.5124 0.0061 0.0594 0.5126 -0.8586 84.1747
0.9997 -0.0033 0.0160 -219.0192 -0.0092 0.5043 0.8635 0.0060 0.0211 0.8636 -0.5041 86.5155
0.9995 0.0183 -0.0246 -218.6785 0.0137 -0.4362 0.8997 0.0062 0.0270 0.8999 0.4359 88.7983
0.9995 0.0426 -0.0518 -218.3419 0.0308 -0.5424 0.8395 0.0063 0.0118 0.8397 0.5421 90.9774
1.0000 0.0072 -0.0087 -218.0106 0.0052 -0.5478 0.8366 0.0061 0.0049 0.8366 0.5478 93.0998
1.0000 0.0022 -0.0026 -217.8427 0.0016 -0.5483 0.8363 0.0061 0.0030 0.8363 0.5483 94.1737
1.0000 -0.0032 0.0039 -217.6745 -0.0023 -0.5471 0.8370 0.0061 0.0018 0.8370 0.5472 95.2489
0.9998 -0.0281 0.0341 -217.5019 -0.0203 -0.5431 0.8394 0.0060 0.0010 0.8394 0.5431 96.3522
0.9997 -0.0355 0.0429 -217.1391 -0.0257 -0.5472 0.8366 0.0059 0.0003 0.8366 0.5472 98.6715
0.9993 0.0220 -0.0146 -216.7738 0.0165 -0.8957 0.4443 0.0062 0.0348 0.4448 0.8955 100.9347
0.9996 0.0270 0.0020 -216.4019 0.0280 -0.9990 -0.0349 0.0063 0.0105 -0.0346 0.9990 103.0891
0.9960 -0.0345 0.0488 -215.9984 0.0265 0.3807 -0.9243 0.0062 0.0855 -0.9252 -0.3787 105.1220
0.9983 -0.0014 -0.0019 -215.5294 0.0025 0.9258 0.3779 0.0061 0.0583 0.3778 -0.9259 107.1529
0.9997 0.0020 -0.0201 -215.0373 0.0128 0.6230 0.7821 0.0062 0.0198 0.7820 -0.6232 109.1607
0.9995 0.0271 -0.0450 -214.5386 0.0230 -0.2001 0.9795 0.0062 0.0219 0.9796 0.1996 111.0711
0.9963 0.0130 0.0297 -214.0163 0.0317 -0.8825 -0.4693 0.0063 0.0801 -0.4671 0.8837 112.8735
0.9985 -0.0350 0.0519 -213.4703 0.0275 0.3270 -0.9446 0.0063 0.0483 -0.9450 -0.3258 114.5725
0.9993 -0.0000 -0.0022 -212.8706 0.0016 0.7143 0.6999 0.0061 0.0361 0.6998 -0.7143 116.2215
0.9991 -0.0116 -0.0106 -211.8514 -0.0178 -0.9540 -0.2992 0.0060 0.0374 -0.2998 0.9538 118.7409
0.9997 0.0063 -0.0174 -211.0997 -0.0090 -0.2657 -0.9640 0.0060 0.0244 -0.9641 0.2654 120.4622
0.9997 -0.0243 0.0285 -209.9824 0.0174 0.5756 -0.8175 0.0062 0.0168 -0.8177 -0.5754 122.9392
0.9972 0.0001 -0.0218 -209.2261 0.0154 0.7033 0.7107 0.0062 0.0734 0.7099 -0.7041 124.4870
0.9990 -0.0059 0.0074 -208.4149 -0.0043 -0.5167 0.8561 0.0061 0.0438 0.8560 0.5169 126.0409
0.9992 0.0059 -0.0314 -207.5256 -0.0186 -0.5308 -0.8473 0.0060 0.0350 -0.8476 0.5302 127.6029
0.9997 0.0126 -0.0173 -206.5824 -0.0095 0.4127 -0.9108 0.0060 0.0230 -0.9107 -0.4129 129.1986
0.9969 -0.0026 -0.0188 -205.6225 0.0153 0.7873 0.6164 0.0062 0.0777 0.6154 -0.7880 130.7285
0.9987 0.0298 -0.0398 -204.6644 0.0222 -0.4447 0.8954 0.0062 0.0454 0.8959 0.4438 132.1650
0.9935 -0.0297 0.0385 -203.6867 0.0220 0.4765 -0.8789 0.0062 0.1115 -0.8801 -0.4744 133.4761
0.9968 -0.0065 0.0092 -202.1036 -0.0050 -0.3865 0.9223 0.0061 0.0795 0.9221 0.3869 135.4010
0.9978 0.0517 -0.0651 -200.8808 -0.0378 0.5070 -0.8611 0.0059 0.0543 -0.8601 -0.5088 136.6927
0.9989 0.0135 -0.0063 -199.5889 -0.0108 0.9564 -0.2920 0.0060 0.0451 -0.2915 -0.9565 138.0356
0.9992 -0.0166 0.0273 -198.2499 -0.0140 -0.2133 0.9769 0.0060 0.0377 0.9768 0.2139 139.3258
0.9991 0.0035 -0.0032 -196.8811 0.0025 -0.7669 0.6417 0.0061 0.0428 0.6418 0.7669 140.6194
0.9993 0.0067 -0.0164 -195.4754 -0.0083 -0.1788 -0.9838 0.0060 0.0372 -0.9839 0.1785 141.8499
0.9961 0.0061 0.0042 -194.0034 -0.0085 0.9691 0.2466 0.0060 0.0883 0.2473 -0.9689 143.0660
0.9967 -0.0018 -0.0541 -192.3656 -0.0397 -0.7302 -0.6821 0.0059 0.0713 -0.6842 0.7283 144.2452
0.9939 0.0245 -0.0051 -190.6061 -0.0222 0.9932 -0.1140 0.0060 0.1082 -0.1116 -0.9935 145.4260
0.9974 -0.0181 0.0385 -188.7487 -0.0193 0.0633 0.9978 0.0060 0.0697 0.9979 -0.0620 146.5844
0.9857 0.0359 -0.0343 -186.7914 -0.0256 0.7377 -0.6747 0.0059 0.1664 -0.6715 -0.7405 147.6559
0.9947 -0.0314 0.0514 -184.6555 -0.0264 -0.2156 0.9761 0.0059 0.0998 0.9756 0.2181 148.6836
0.9835 -0.0048 0.0024 -182.4977 0.0038 0.9471 -0.3208 0.0061 0.1811 -0.3215 -0.9469 149.5671
0.9942 -0.0035 0.0040 -180.2735 -0.0025 -0.6022 0.7984 0.0061 0.1071 0.7982 0.6024 150.3372
0.9830 -0.0117 -0.0022 -178.0640 0.0131 0.9964 0.0841 0.0062 0.1833 0.0817 -0.9966 150.9536
0.9944 0.0008 -0.0006 -175.8050 0.0006 -0.8490 0.5284 0.0061 0.1061 0.5285 0.8489 151.4505
0.9967 -0.0233 0.0317 -173.5850 0.0175 0.4282 -0.9035 0.0062 0.0795 -0.9041 -0.4270 151.8319
0.9972 -0.0431 0.0224 -171.4609 0.0339 0.9432 -0.3304 0.0063 0.0671 -0.3326 -0.9425 152.1562
0.9976 -0.0102 -0.0517 -169.4816 0.0444 0.8124 0.5814 0.0064 0.0534 0.5795 -0.8138 152.4189
0.9987 0.0579 -0.0889 -166.7925 0.0464 -0.2886 0.9563 0.0064 0.0209 0.9566 0.2877 152.7198
0.9989 0.0600 -0.0403 -165.1768 0.0447 -0.8915 0.4509 0.0064 0.0163 0.4515 0.8911 152.8679
0.9987 0.0045 0.0537 -163.0001 0.0413 -0.7587 -0.6501 0.0063 0.0289 -0.6492 0.7595 153.0283
0.9993 -0.0386 0.0752 -161.0980 0.0376 0.0257 -0.9990 0.0063 0.0068 -0.9990 -0.0254 153.1344
0.9996 -0.0366 0.0236 -158.9380 0.0274 0.9020 -0.4308 0.0063 0.0027 -0.4308 -0.9020 153.2127
0.9990 -0.0001 0.0002 -156.9273 -0.0001 0.2079 0.9781 0.0061 0.0442 0.9781 -0.2079 153.2263
0.9984 -0.0794 0.0743 -155.2233 -0.0563 -0.7501 0.6590 0.0058 0.0006 0.6589 0.7501 153.1935
0.9960 -0.1108 0.0710 -152.9175 -0.0833 -0.9014 0.4249 0.0056 -0.0310 0.4272 0.9003 153.1351
0.9983 -0.0815 0.0820 -151.0775 -0.0576 -0.7014 0.7104 0.0058 -0.0045 0.7106 0.7013 153.1111
0.9998 -0.0102 0.0212 -149.2332 -0.0106 0.0377 0.9992 0.0060 -0.0138 0.9992 -0.0378 153.1100
0.9999 0.0143 -0.0324 -147.4577 0.0163 0.1175 0.9929 0.0062 -0.0045 0.9930 -0.1174 153.1125
0.9997 0.0196 -0.0445 -145.7637 0.0224 0.1207 0.9924 0.0062 -0.0018 0.9924 -0.1207 153.1159
0.9998 0.0170 -0.0388 -144.1550 0.0195 0.1209 0.9925 0.0062 -0.0007 0.9925 -0.1209 153.1193
0.9996 -0.0247 0.0562 -142.4801 -0.0283 0.1208 0.9923 0.0059 -0.0003 0.9923 -0.1208 153.1228
0.9994 -0.0312 0.0710 -140.6188 -0.0357 0.1207 0.9920 0.0059 -0.0001 0.9920 -0.1207 153.1267
1.0000 -0.0075 0.0170 -138.7523 -0.0086 0.1208 0.9926 0.0060 -0.0001 0.9926 -0.1208 153.1306
0.9991 -0.0369 0.0839 -136.7923 -0.0423 0.1206 0.9918 0.0058 -0.0001 0.9918 -0.1206 153.1348
0.9974 -0.0629 0.1431 -134.5800 -0.0721 0.1202 0.9901 0.0057 -0.0001 0.9901 -0.1202 153.1395
0.9988 -0.0432 0.0982 -130.8183 -0.0495 0.1201 0.9915 0.0058 -0.0001 0.9915 -0.1201 153.1474
0.9999 0.0118 -0.0269 -128.3202 0.0136 0.1203 0.9926 0.0062 -0.0001 0.9926 -0.1203 153.1527
0.9991 0.0372 -0.0846 -125.9934 0.0426 0.1202 0.9918 0.0063 -0.0001 0.9918 -0.1202 153.1576
0.9988 0.0434 -0.0988 -123.8404 0.0498 0.1205 0.9915 0.0064 -0.0001 0.9915 -0.1205 153.1621
0.9987 0.0439 -0.0999 -121.8531 0.0503 0.1207 0.9914 0.0064 -0.0001 0.9914 -0.1207 153.1663
0.9989 0.0406 -0.0925 -120.0203 0.0466 0.1208 0.9916 0.0064 -0.0001 0.9916 -0.1208 153.1702
1.0000 0.0062 -0.0142 -118.2456 0.0071 0.1209 0.9926 0.0061 -0.0001 0.9926 -0.1209 153.1739
0.9990 -0.0389 0.0887 -116.3077 -0.0447 0.1207 0.9917 0.0058 -0.0001 0.9917 -0.1207 153.1780
1.0000 -0.0087 0.0198 -114.2755 -0.0100 0.1208 0.9926 0.0060 -0.0001 0.9926 -0.1208 153.1823
0.9997 0.0215 -0.0491 -112.3467 0.0247 0.1208 0.9924 0.0062 -0.0001 0.9924 -0.1208 153.1864
0.9997 0.0213 -0.0486 -110.5373 0.0245 0.1209 0.9924 0.0062 -0.0001 0.9924 -0.1209 153.1902
1.0000 0.0005 -0.0010 -108.7135 0.0005 0.1209 0.9927 0.0061 -0.0001 0.9927 -0.1209 153.1941
0.9998 -0.0187 0.0427 -106.8438 -0.0215 0.1208 0.9924 0.0060 -0.0001 0.9924 -0.1208 153.1980
0.9980 -0.0550 0.1253 -104.7673 -0.0631 0.1205 0.9907 0.0057 -0.0001 0.9907 -0.1205 153.2024
0.9969 -0.0683 0.1556 -102.4206 -0.0784 0.1201 0.9897 0.0056 -0.0001 0.9897 -0.1202 153.2074
0.9970 -0.0674 0.1533 -99.8164 -0.0772 0.1200 0.9898 0.0056 -0.0001 0.9898 -0.1200 153.2129
0.9999 -0.0123 0.0279 -97.1311 -0.0141 0.1203 0.9926 0.0060 -0.0001 0.9926 -0.1203 153.2185
0.9994 0.0295 -0.0671 -94.5930 0.0338 0.1203 0.9922 0.0063 -0.0001 0.9922 -0.1203 153.2238
0.9990 0.0393 -0.0895 -93.3945 0.0451 0.1204 0.9917 0.0064 -0.0001 0.9917 -0.1204 153.2264
0.9987 0.0445 -0.1014 -92.2431 0.0511 0.1204 0.9914 0.0064 -0.0001 0.9914 -0.1204 153.2288
0.9993 0.0317 -0.0722 -90.0470 0.0364 0.1205 0.9920 0.0063 -0.0001 0.9920 -0.1205 153.2334
1.0000 0.0070 -0.0159 -88.9431 0.0080 0.1206 0.9927 0.0061 -0.0001 0.9927 -0.1206 153.2358
0.9989 -0.0403 0.0917 -86.5827 -0.0462 0.1203 0.9917 0.0058 -0.0001 0.9917 -0.1203 153.2408
0.9981 -0.0531 0.1208 -85.3112 -0.0608 0.1201 0.9909 0.0057 -0.0001 0.9909 -0.1201 153.2435
0.9979 -0.0568 0.1293 -83.9809 -0.0651 0.1200 0.9906 0.0057 -0.0001 0.9906 -0.1200 153.2462
0.9991 -0.0373 0.0849 -82.6301 -0.0428 0.1201 0.9918 0.0058 -0.0001 0.9918 -0.1201 153.2491
1.0000 -0.0086 0.0196 -81.3016 -0.0099 0.1202 0.9927 0.0060 -0.0001 0.9927 -0.1202 153.2519
0.9994 0.0306 -0.0697 -78.7700 0.0351 0.1203 0.9921 0.0063 -0.0001 0.9921 -0.1203 153.2572
0.9988 0.0425 -0.0969 -76.4236 0.0488 0.1204 0.9915 0.0064 -0.0001 0.9915 -0.1204 153.2622
1.0000 0.0076 -0.0173 -73.0069 0.0087 0.1205 0.9927 0.0061 -0.0001 0.9927 -0.1205 153.2694
0.9995 0.0263 -0.0600 -70.7997 0.0302 0.1205 0.9923 0.0063 -0.0001 0.9923 -0.1205 153.2740
0.9991 0.0379 -0.0863 -68.7454 0.0435 0.1206 0.9918 0.0063 -0.0001 0.9918 -0.1206 153.2784
0.9990 0.0392 -0.0893 -66.8469 0.0450 0.1207 0.9917 0.0064 -0.0001 0.9917 -0.1207 153.2824
0.9998 -0.0158 0.0360 -64.0408 -0.0181 0.1208 0.9925 0.0060 -0.0001 0.9925 -0.1208 153.2883
1.0000 -0.0005 0.0012 -62.0838 -0.0006 0.1208 0.9927 0.0061 -0.0001 0.9927 -0.1208 153.2924
0.9992 0.0320 -0.0473 -60.2248 0.0251 -0.3337 0.9423 0.0062 0.0298 0.9426 0.3330 153.2866
0.9995 0.0443 -0.0462 -57.6194 0.0314 -0.6770 0.7353 0.0063 0.0033 0.7354 0.6769 153.2537
0.9995 0.0321 -0.0063 -56.0175 0.0291 -0.9937 0.1080 0.0063 0.0105 0.1083 0.9937 153.2123
0.9992 0.0193 0.0215 -53.7862 0.0319 -0.9411 -0.3367 0.0063 0.0261 -0.3359 0.9414 153.1452
1.0000 -0.0009 0.0011 -51.6548 0.0006 0.4634 -0.8861 0.0061 0.0044 -0.8861 -0.4634 153.0043
0.9984 -0.0074 -0.0078 -49.5777 0.0120 0.9451 0.3266 0.0062 0.0558 0.3259 -0.9453 152.8381
0.9993 -0.0209 0.0506 -47.3835 -0.0257 0.1697 0.9852 0.0059 0.0283 0.9853 -0.1689 152.6053
0.9997 -0.0172 -0.0085 -44.9863 -0.0219 -0.9808 -0.1936 0.0059 0.0075 -0.1938 0.9808 152.2649
0.9996 0.0181 -0.0155 -42.5633 -0.0130 0.8004 -0.5993 0.0060 0.0252 -0.5990 -0.8006 151.8445
0.9994 -0.0139 0.0017 -40.1292 0.0131 0.9978 -0.0648 0.0062 0.0307 -0.0652 -0.9978 151.3861
0.9999 -0.0044 0.0067 -37.7703 -0.0035 -0.3018 0.9533 0.0061 0.0097 0.9533 0.3019 150.8483
0.9996 0.0029 -0.0149 -35.4271 -0.0087 -0.5206 -0.8538 0.0060 0.0253 -0.8539 0.5204 150.2352
0.9994 -0.0139 0.0273 -33.0771 0.0136 0.0221 -0.9997 0.0062 0.0303 -0.9997 -0.0217 149.5847
0.9993 -0.0001 0.0075 -30.8078 -0.0052 0.6984 0.7157 0.0061 0.0366 0.7159 -0.6982 148.8537
0.9981 0.0525 -0.0689 -28.4472 -0.0389 0.4620 -0.8860 0.0059 0.0482 -0.8851 -0.4637 147.9142
0.9969 -0.0010 0.0088 -25.9604 -0.0056 0.6159 0.7878 0.0061 0.0789 0.7881 -0.6155 146.8286
0.9987 -0.0403 0.0419 -23.3665 -0.0286 -0.6797 0.7329 0.0059 0.0429 0.7321 0.6806 145.5888
0.9996 0.0186 -0.0374 -20.6688 -0.0187 -0.0071 -0.9998 0.0060 0.0233 -0.9998 0.0066 144.1593
0.9908 0.0259 -0.0192 -18.0842 0.0191 -0.8632 0.5044 0.0062 0.1337 0.5066 0.8619 142.6306
0.9631 0.0408 -0.0736 -15.9821 0.0376 -0.0917 0.9951 0.0063 0.2664 0.9960 0.0817 140.8526
0.9444 -0.0479 -0.0059 -14.9964 0.0540 0.9970 0.0562 0.0064 0.3244 0.0387 -0.9979 139.5185
0.9777 -0.0329 0.0882 -14.3725 0.0461 -0.2577 -0.9651 0.0064 0.2048 -0.9627 0.2668 138.1401
0.9987 -0.0328 0.0251 -13.7992 0.0238 0.8495 -0.5270 0.0062 0.0456 -0.5279 -0.8490 136.8025
0.9984 0.0730 -0.0893 -12.8580 -0.0529 0.5350 -0.8432 0.0058 -0.0215 -0.8438 -0.5340 134.6134
0.9963 0.1018 -0.1694 -11.6440 -0.0864 0.1964 -0.9767 0.0056 -0.0006 -0.9767 -0.1964 131.8666
0.9965 0.1058 -0.0590 -10.7250 -0.0818 0.9297 -0.3592 0.0056 0.0187 -0.3578 -0.9302 129.7056
0.9987 0.0129 0.0123 -9.7910 -0.0200 0.9515 0.3070 0.0060 0.0467 0.3079 -0.9512 127.4516
0.9982 -0.0175 0.0073 -8.9565 -0.0143 -0.9672 0.2538 0.0060 0.0575 0.2530 0.9674 125.1858
0.9980 0.0036 0.0131 -8.1606 0.0121 -0.8400 -0.5425 0.0062 0.0624 -0.5418 0.8404 122.9082
0.9994 -0.0124 0.0487 -7.4368 0.0272 -0.4422 -0.8965 0.0062 0.0236 -0.8962 0.4428 120.7335
0.9992 -0.0189 0.0695 -6.7564 0.0382 -0.4142 -0.9094 0.0063 0.0104 -0.9092 0.4145 118.6677
0.9992 -0.0478 0.0647 -6.1448 0.0359 0.4311 -0.9016 0.0063 0.0183 -0.9019 -0.4305 116.7232
0.9993 -0.0523 0.0650 -5.5718 0.0380 0.5185 -0.8542 0.0063 0.0069 -0.8544 -0.5183 114.8805
0.9995 -0.0346 0.0132 -5.0578 0.0288 0.9730 -0.2290 0.0063 0.0143 -0.2294 -0.9729 113.1435
0.9994 -0.0068 -0.0063 -4.2996 0.0104 0.9531 0.3024 0.0062 0.0323 0.3021 -0.9532 110.5274
0.9999 -0.0101 0.0090 -3.6467 -0.0072 -0.7813 0.6241 0.0060 0.0149 0.6240 0.7814 107.8880
0.9962 0.0125 -0.0435 -3.2469 -0.0237 -0.3932 -0.9192 0.0060 0.0836 -0.9199 0.3914 106.0539
0.9993 0.0438 -0.0546 -2.8607 -0.0319 0.5165 -0.8557 0.0059 0.0199 -0.8553 -0.5171 104.0608
0.9991 0.0383 -0.0084 -2.4897 -0.0343 0.9919 -0.1220 0.0059 0.0231 -0.1212 -0.9920 101.9941
0.9984 0.0130 0.0334 -2.1105 -0.0341 0.8717 0.4888 0.0059 0.0445 0.4901 -0.8710 99.7713
0.9981 -0.0382 0.0113 -1.8100 -0.0331 -0.9848 0.1704 0.0059 0.0523 0.1687 0.9851 97.4768
0.9908 0.0830 -0.0851 -1.5700 -0.0589 0.6883 -0.7230 0.0057 0.1220 -0.7180 -0.6935 94.9844
0.9958 0.0131 0.0899 -1.3985 -0.0735 0.7887 0.6104 0.0057 0.0552 0.6136 -0.7862 92.2436
0.9964 0.0011 0.1107 -1.2398 -0.0791 0.7121 0.6976 0.0056 0.0290 0.6992 -0.7105 89.2475
0.9967 -0.0003 0.1143 -1.0774 -0.0806 0.7033 0.7063 0.0056 0.0126 0.7071 -0.7025 85.9978
0.9988 -0.0003 0.0677 -0.9072 -0.0477 0.7035 0.7091 0.0058 0.0049 0.7093 -0.7033 82.5490
0.9997 0.0001 -0.0321 -0.7416 0.0226 0.7040 0.7098 0.0062 0.0018 0.7098 -0.7040 79.1864
0.9984 0.0003 -0.0815 -0.5870 0.0574 0.7032 0.7087 0.0064 0.0006 0.7087 -0.7032 76.0453
0.9977 0.0004 -0.0962 -0.4441 0.0678 0.7029 0.7081 0.0065 0.0002 0.7081 -0.7029 73.1399
0.9978 0.0003 -0.0946 -0.2502 0.0667 0.7031 0.7080 0.0065 -0.0000 0.7080 -0.7031 69.1985
0.9982 0.0003 -0.0855 -0.1333 0.0602 0.7035 0.7081 0.0064 -0.0001 0.7081 -0.7035 66.8238
1.0000 0.0000 -0.0130 -0.0198 0.0092 0.7046 0.7095 0.0061 -0.0001 0.7095 -0.7046 64.5175
0.9991 -0.0002 0.0612 0.1018 -0.0431 0.7040 0.7089 0.0058 -0.0001 0.7089 -0.7040 62.0473
0.9977 -0.0003 0.0960 0.2351 -0.0676 0.7029 0.7080 0.0057 -0.0001 0.7080 -0.7029 59.3401
0.9970 -0.0004 0.1092 0.3806 -0.0769 0.7023 0.7077 0.0056 -0.0001 0.7077 -0.7024 56.3820
0.9972 -0.0004 0.1070 0.5384 -0.0753 0.7023 0.7079 0.0056 -0.0001 0.7079 -0.7023 53.1755
1.0000 -0.0001 0.0138 0.6997 -0.0097 0.7042 0.7099 0.0060 -0.0001 0.7099 -0.7042 49.8989
0.9991 0.0002 -0.0599 0.8523 0.0422 0.7038 0.7092 0.0063 -0.0001 0.7092 -0.7038 46.7974
0.9981 0.0003 -0.0877 0.9938 0.0618 0.7032 0.7083 0.0065 -0.0001 0.7083 -0.7032 43.9207
0.9980 0.0003 -0.0896 1.1246 0.0631 0.7032 0.7081 0.0065 -0.0001 0.7082 -0.7032 41.2627
0.9988 0.0002 -0.0708 1.2479 0.0499 0.7039 0.7085 0.0064 -0.0001 0.7085 -0.7039 38.7573
0.9987 0.0002 -0.0727 1.3632 0.0512 0.7039 0.7085 0.0064 -0.0001 0.7085 -0.7039 36.4151
0.9999 0.0001 -0.0179 1.4750 0.0126 0.7048 0.7093 0.0062 -0.0001 0.7093 -0.7048 34.1441
0.9993 0.0098 -0.0262 1.6300 0.0136 0.2482 0.9686 0.0062 0.0349 0.9685 -0.2487 30.7660
0.9999 -0.0005 0.0009 1.7053 -0.0004 -0.2221 0.9750 0.0061 0.0101 0.9750 0.2221 28.5076
0.9995 0.0380 -0.0603 1.8072 0.0312 -0.2502 0.9677 0.0064 -0.0008 0.9677 0.2502 25.2832
0.9999 0.0034 -0.0022 1.8446 0.0025 -0.8978 0.4403 0.0061 0.0149 0.4404 0.8978 23.2267
0.9987 -0.0645 0.0363 1.8790 -0.0497 -0.9299 0.3644 0.0058 0.0055 0.3642 0.9300 20.9985
0.9974 -0.0931 0.0520 1.9154 -0.0719 -0.9300 0.3604 0.0057 0.0022 0.3603 0.9301 18.5165
0.9969 -0.1024 0.0571 1.9553 -0.0791 -0.9297 0.3598 0.0056 0.0008 0.3598 0.9297 15.7776
0.9988 -0.0628 0.0350 1.9982 -0.0486 -0.9315 0.3604 0.0058 0.0003 0.3604 0.9315 12.8351
0.9998 0.0229 -0.0128 2.0400 0.0177 -0.9325 0.3608 0.0062 0.0000 0.3608 0.9325 9.9634
0.9989 0.0606 -0.0338 2.0790 0.0469 -0.9315 0.3607 0.0064 -0.0000 0.3607 0.9315 7.2831
1.0000 0.0108 -0.0060 2.1167 0.0084 -0.9325 0.3611 0.0061 -0.0001 0.3611 0.9325 4.6872
0.9991 -0.0537 0.0300 2.1568 -0.0415 -0.9318 0.3606 0.0058 -0.0001 0.3606 0.9318 1.9388
0.9978 -0.0855 0.0477 2.2001 -0.0661 -0.9306 0.3600 0.0057 -0.0001 0.3600 0.9306 -1.0409
0.9971 0.0041 -0.1043 2.2091 -0.0709 -0.6760 -0.7335 0.0057 0.0292 -0.7349 0.6744 -4.2624
0.9982 -0.0247 0.0447 2.1637 0.0225 0.1050 -0.9942 0.0062 0.0564 -0.9943 -0.1038 -9.1362
0.9955 0.0396 -0.0870 2.0148 0.0437 0.0918 0.9948 0.0063 0.0842 0.9945 -0.0955 -12.1526
0.9944 0.0765 -0.0643 1.8016 0.0549 -0.8082 0.5863 0.0064 0.0905 0.5903 0.8053 -14.9937
0.9791 -0.0173 -0.0676 1.4530 0.0625 0.8365 0.5443 0.0065 0.1933 0.5342 -0.8432 -17.6067
0.9949 0.0658 -0.0418 0.9889 0.0496 -0.9055 0.4214 0.0064 0.0879 0.4254 0.9037 -20.0444
0.9957 0.0408 0.0211 0.5127 0.0526 -0.9782 -0.2009 0.0064 0.0757 -0.1970 0.9790 -22.3149
0.9914 0.0102 0.0071 -0.8236 -0.0143 0.9687 0.2479 0.0060 0.1303 0.2497 -0.9682 -26.4711
0.9941 0.0429 -0.0253 -2.5221 0.0329 -0.9224 0.3848 0.0063 0.1033 0.3879 0.9211 -30.5226
0.9618 0.0137 0.0084 -4.1175 -0.0192 0.9747 0.2227 0.0060 0.2730 0.2278 -0.9735 -33.2252
0.9975 0.0002 -0.0056 -6.1951 -0.0038 -0.6758 -0.7371 0.0061 0.0707 -0.7373 0.6756 -35.9475
0.9862 -0.0040 0.0048 -8.3299 -0.0029 -0.5640 0.8258 0.0061 0.1653 0.8255 0.5644 -38.4526
0.9893 -0.0483 0.0609 -12.0970 -0.0354 -0.5032 0.8634 0.0059 0.1412 0.8609 0.5076 -41.5054
0.9923 0.0035 -0.0088 -16.1282 -0.0045 -0.1987 -0.9800 0.0061 0.1235 -0.9802 0.1982 -44.2518
0.9397 -0.0092 -0.0570 -19.6275 -0.0504 -0.8118 -0.5817 0.0058 0.3381 -0.5956 0.8019 -45.9846
0.9937 0.0249 -0.0132 -24.9728 0.0195 -0.9403 0.3398 0.0062 0.1101 0.3418 0.9396 -47.6535
0.9960 -0.0064 0.0021 -28.7761 0.0055 0.9807 -0.1955 0.0061 0.0891 -0.1960 -0.9806 -48.5787
0.9936 -0.0158 -0.0610 -32.9129 -0.0557 -0.8348 -0.5477 0.0058 0.0986 -0.5523 0.8318 -49.3211
0.9992 0.0026 -0.0110 -37.4205 -0.0062 -0.4623 -0.8867 0.0061 0.0402 -0.8868 0.4621 -49.9649
0.9982 -0.0367 0.0649 -41.6463 0.0327 0.1284 -0.9912 0.0063 0.0510 -0.9914 -0.1268 -50.5248
0.9984 -0.0093 0.0154 -45.9001 -0.0079 -0.2029 0.9792 0.0060 0.0559 0.9791 0.2033 -50.8932
0.9958 -0.0455 0.0584 -50.0147 0.0335 0.4856 -0.8736 0.0063 0.0852 -0.8750 -0.4831 -51.0506
0.9976 -0.0011 0.0037 -53.9130 0.0020 -0.3974 -0.9176 0.0061 0.0690 -0.9176 0.3976 -51.0614
0.9983 -0.0092 -0.0722 -58.1237 -0.0579 -0.7807 -0.6223 0.0057 -0.0058 -0.6220 0.7809 -51.0278
0.9978 0.0522 -0.0908 -62.8259 -0.0459 0.1466 -0.9881 0.0058 -0.0484 -0.9884 -0.1444 -51.0431
0.9997 -0.0024 0.0155 -67.5371 0.0094 -0.5707 -0.8211 0.0061 -0.0223 -0.8212 0.5706 -51.1411
0.9992 0.0088 -0.0640 -72.3515 -0.0395 -0.5862 -0.8092 0.0059 -0.0073 -0.8091 0.5864 -51.2684
0.9995 -0.0067 0.0486 -77.2278 0.0300 -0.5870 -0.8091 0.0063 -0.0018 -0.8091 0.5869 -51.4006
0.9985 -0.0123 0.0898 -80.2291 0.0555 -0.5865 -0.8080 0.0064 -0.0007 -0.8081 0.5865 -51.4822
0.9985 -0.0123 0.0900 -84.4063 0.0556 -0.5867 -0.8079 0.0064 -0.0002 -0.8079 0.5867 -51.5957
0.9982 -0.0787 0.1040 -88.1474 0.0585 0.4565 -0.8878 0.0064 0.0140 -0.8882 -0.4558 -51.6457
0.9999 -0.0144 0.0186 -90.5174 0.0106 0.4793 -0.8776 0.0062 0.0069 -0.8776 -0.4793 -51.6652
0.9983 0.0788 -0.1019 -94.4018 -0.0581 0.4777 -0.8766 0.0057 0.0016 -0.8766 -0.4778 -51.6946
0.9973 0.0996 -0.1289 -97.2959 -0.0734 0.4774 -0.8756 0.0057 0.0005 -0.8756 -0.4774 -51.7163
0.9972 0.1007 -0.1303 -100.4381 -0.0742 0.4776 -0.8754 0.0057 0.0001 -0.8754 -0.4776 -51.7399
1.0000 0.0132 -0.0171 -103.6512 -0.0097 0.4789 -0.8778 0.0060 0.0000 -0.8778 -0.4789 -51.7640
0.9991 -0.0563 0.0728 -106.6920 0.0415 0.4784 -0.8772 0.0063 -0.0000 -0.8772 -0.4784 -51.7868
0.9982 -0.0823 0.1065 -109.5117 0.0606 0.4777 -0.8764 0.0064 -0.0001 -0.8764 -0.4777 -51.8080
0.9979 -0.0873 0.1131 -112.1144 0.0644 0.4775 -0.8763 0.0065 -0.0001 -0.8763 -0.4775 -51.8275
0.9980 -0.0847 0.1097 -114.5135 0.0625 0.4774 -0.8765 0.0065 -0.0001 -0.8765 -0.4774 -51.8455
0.9992 -0.0532 0.0689 -116.7546 0.0392 0.4779 -0.8776 0.0063 -0.0001 -0.8776 -0.4779 -51.8624
0.9998 0.0300 -0.0388 -119.0631 -0.0221 0.4781 -0.8780 0.0060 -0.0001 -0.8780 -0.4781 -51.8797
0.9980 0.0861 -0.1115 -122.9391 -0.0635 0.4776 -0.8763 0.0057 -0.0001 -0.8763 -0.4776 -51.9088
1.0000 0.0121 -0.0157 -125.6575 -0.0089 0.4786 -0.8780 0.0060 -0.0001 -0.8780 -0.4786 -51.9292
0.9994 -0.0487 0.0630 -128.2261 0.0359 0.4782 -0.8775 0.0063 -0.0001 -0.8775 -0.4782 -51.9485
0.9986 -0.0708 0.0916 -130.6042 0.0522 0.4777 -0.8770 0.0064 -0.0001 -0.8770 -0.4777 -51.9664
0.9986 -0.0705 0.0912 -132.8004 0.0519 0.4775 -0.8771 0.0064 -0.0001 -0.8771 -0.4775 -51.9829
1.0000 -0.0115 0.0149 -134.9307 0.0085 0.4781 -0.8783 0.0061 -0.0001 -0.8783 -0.4781 -51.9989
0.9999 0.0196 -0.0253 -137.1767 -0.0144 0.4782 -0.8781 0.0060 -0.0001 -0.8781 -0.4782 -52.0158
0.9998 -0.0279 0.0362 -139.3680 0.0206 0.4780 -0.8781 0.0062 -0.0001 -0.8781 -0.4780 -52.0322
0.9992 -0.0542 0.0702 -141.4113 0.0399 0.4777 -0.8776 0.0063 -0.0001 -0.8776 -0.4777 -52.0476
