0.9945 0.0363 -0.0005 -26.1859 0.0362 -0.9993 0.0075 0.0063 0.0984 0.0111 0.9993 -49.7184
0.9926 -0.0203 0.0530 -27.0835 0.0273 -0.2316 -0.9724 0.0063 0.1186 -0.9717 0.2348 -50.0419
0.9981 -0.0099 0.0120 -27.9967 0.0072 0.5486 -0.8361 0.0061 0.0611 -0.8363 -0.5482 -50.3590
0.9994 -0.0052 0.0054 -28.9158 0.0037 0.6768 -0.7361 0.0061 0.0343 -0.7362 -0.6767 -50.6784
0.9986 -0.0140 0.0069 -29.8236 0.0111 0.9503 -0.3111 0.0062 0.0525 -0.3116 -0.9501 -50.9815
0.9960 0.0029 -0.0157 -30.7295 0.0093 0.5375 0.8432 0.0061 0.0884 0.8428 -0.5382 -51.2568
0.9991 -0.0062 0.0100 -31.6542 -0.0052 -0.2351 0.9720 0.0061 0.0419 0.9719 0.2353 -51.5273
0.9985 -0.0056 0.0050 -32.5892 -0.0040 -0.7733 0.6340 0.0061 0.0540 0.6339 0.7734 -51.7909
0.9960 0.0012 0.0087 -33.5156 0.0071 -0.7891 -0.6142 0.0061 0.0892 -0.6137 0.7895 -52.0247
0.9911 -0.0096 0.0043 -34.4399 0.0078 0.9613 -0.2753 0.0061 0.1331 -0.2763 -0.9610 -52.2171
0.9978 -0.0023 0.0105 -35.3844 -0.0060 0.4898 0.8718 0.0061 0.0665 0.8720 -0.4894 -52.3961
0.9977 -0.0079 0.0126 -36.3407 -0.0065 -0.2432 0.9699 0.0061 0.0676 0.9698 0.2437 -52.5676
0.9949 -0.0068 -0.0012 -37.3046 -0.0074 -0.9969 -0.0779 0.0060 0.1005 -0.0786 0.9969 -52.7119
0.9985 0.0035 -0.0295 -38.2946 -0.0186 -0.6075 -0.7941 0.0060 0.0508 -0.7946 0.6068 -52.8482
0.9995 0.0055 -0.0231 -39.2957 -0.0130 -0.4655 -0.8849 0.0060 0.0287 -0.8851 0.4652 -52.9859
0.9998 -0.0004 0.0017 -40.2829 0.0009 -0.4336 -0.9011 0.0061 0.0185 -0.9011 0.4336 -53.1199
0.9990 -0.0029 0.0055 -41.2625 0.0027 0.0515 -0.9987 0.0061 0.0440 -0.9987 -0.0514 -53.2416
0.9997 0.0120 -0.0168 -42.2600 -0.0091 0.3957 -0.9183 0.0060 0.0211 -0.9182 -0.3959 -53.3601
0.9961 -0.0003 0.0116 -44.2811 -0.0080 0.6867 0.7269 0.0060 0.0879 0.7274 -0.6862 -53.5515
0.9996 -0.0157 0.0242 -46.3680 -0.0126 -0.2835 0.9589 0.0060 0.0252 0.9588 0.2838 -53.6957
0.9995 0.0256 -0.0144 -48.4000 0.0198 -0.9315 0.3632 0.0062 0.0255 0.3637 0.9313 -53.8046
0.9997 0.0280 -0.0125 -50.3177 0.0226 -0.9609 0.2758 0.0062 0.0095 0.2760 0.9609 -53.8997
0.9995 -0.0084 -0.0297 -52.2972 -0.0276 -0.8429 -0.5374 0.0059 0.0172 -0.5378 0.8426 -53.9695
0.9969 0.0393 -0.1238 -54.5184 -0.0660 -0.3432 -0.9369 0.0057 0.0438 -0.9379 0.3405 -54.0304
0.9968 0.0909 -0.1537 -57.0024 -0.0781 0.1799 -0.9806 0.0056 0.0146 -0.9804 -0.1810 -54.0690
0.9967 0.0968 -0.1590 -59.7458 -0.0814 0.2113 -0.9740 0.0056 0.0072 -0.9739 -0.2118 -54.1056
0.9966 0.0976 -0.1599 -62.7456 -0.0819 0.2141 -0.9734 0.0056 0.0030 -0.9733 -0.2144 -54.1433
0.9967 0.0973 -0.1594 -65.9997 -0.0816 0.2147 -0.9733 0.0056 0.0011 -0.9733 -0.2148 -54.1839
0.9988 0.0573 -0.0938 -69.4530 -0.0480 0.2154 -0.9754 0.0058 0.0004 -0.9753 -0.2154 -54.2268
1.0000 -0.0026 0.0043 -72.8516 0.0022 0.2156 -0.9765 0.0061 0.0001 -0.9765 -0.2156 -54.2691
0.9996 0.0322 -0.0527 -76.2894 -0.0270 0.2156 -0.9761 0.0059 0.0000 -0.9761 -0.2156 -54.3118
0.9987 0.0611 -0.1000 -79.9136 -0.0512 0.2155 -0.9752 0.0058 -0.0000 -0.9752 -0.2155 -54.3568
1.0000 -0.0025 0.0041 -83.5847 0.0021 0.2158 -0.9764 0.0061 -0.0001 -0.9764 -0.2158 -54.4024
0.9987 -0.0603 0.0988 -87.0597 0.0506 0.2154 -0.9752 0.0064 -0.0001 -0.9752 -0.2154 -54.4456
0.9987 -0.0598 0.0980 -90.3161 0.0502 0.2152 -0.9753 0.0064 -0.0001 -0.9753 -0.2152 -54.4860
1.0000 0.0050 -0.0082 -93.5769 -0.0042 0.2155 -0.9765 0.0061 -0.0001 -0.9765 -0.2155 -54.5266
0.9998 -0.0235 0.0385 -96.8437 0.0197 0.2154 -0.9763 0.0062 -0.0001 -0.9763 -0.2154 -54.5672
0.9986 -0.0624 0.1023 -99.9231 0.0524 0.2150 -0.9752 0.0064 -0.0001 -0.9752 -0.2150 -54.6054
0.9973 -0.0885 0.0875 -102.7789 0.0626 0.7138 -0.6976 0.0065 0.0389 -0.6993 -0.7121 -54.6287
0.9985 -0.0224 0.0930 -105.4687 0.0524 -0.4594 -0.8867 0.0064 0.0170 -0.8863 0.4602 -54.6185
0.9985 -0.0260 0.0987 -107.9831 0.0546 -0.4264 -0.9029 0.0064 0.0092 -0.9027 0.4269 -54.6000
1.0000 -0.0045 0.0168 -110.4237 0.0093 -0.4246 -0.9054 0.0061 0.0037 -0.9053 0.4246 -54.5795
0.9999 0.0052 -0.0197 -112.9713 -0.0109 -0.4228 -0.9062 0.0060 0.0013 -0.9062 0.4228 -54.5578
1.0000 -0.0038 0.0141 -115.4739 0.0078 -0.4218 -0.9067 0.0061 0.0004 -0.9067 0.4218 -54.5365
0.9995 0.0154 -0.0582 -118.0489 -0.0322 -0.4255 -0.9044 0.0059 0.0001 -0.9044 0.4255 -54.5144
0.9996 0.0141 -0.0532 -120.7878 -0.0294 -0.4255 -0.9045 0.0059 0.0000 -0.9045 0.4255 -54.4911
0.9999 0.0061 -0.0230 -124.8467 -0.0127 -0.4256 -0.9048 0.0060 -0.0001 -0.9048 0.4256 -54.4564
0.9988 0.0234 -0.0883 -127.7094 -0.0488 -0.4250 -0.9039 0.0058 -0.0001 -0.9039 0.4250 -54.4319
0.9992 0.0195 -0.0734 -132.3907 -0.0406 -0.4250 -0.9043 0.0059 -0.0001 -0.9043 0.4250 -54.3919
1.0000 0.0029 -0.0111 -133.9556 -0.0061 -0.4253 -0.9050 0.0061 -0.0001 -0.9050 0.4253 -54.3785
0.9992 -0.0189 0.0715 -136.9433 0.0395 -0.4251 -0.9043 0.0063 -0.0001 -0.9043 0.4251 -54.3530
0.9994 -0.0164 0.0619 -138.3826 0.0342 -0.4253 -0.9044 0.0063 -0.0001 -0.9044 0.4253 -54.3407
0.9998 0.0086 -0.0324 -141.3243 -0.0179 -0.4254 -0.9048 0.0060 -0.0001 -0.9048 0.4254 -54.3155
0.9988 0.0239 -0.0903 -144.4599 -0.0499 -0.4248 -0.9039 0.0058 -0.0001 -0.9039 0.4248 -54.2887
1.0000 0.0003 -0.0011 -147.6526 -0.0006 -0.4253 -0.9050 0.0061 -0.0001 -0.9050 0.4253 -54.2614
0.9990 -0.0212 0.0802 -150.6710 0.0443 -0.4250 -0.9041 0.0063 -0.0001 -0.9041 0.4250 -54.2356
0.9983 -0.0282 0.1063 -153.4718 0.0587 -0.4249 -0.9033 0.0064 -0.0001 -0.9033 0.4249 -54.2117
0.9990 -0.0212 0.0802 -154.8173 0.0443 -0.4253 -0.9040 0.0063 -0.0001 -0.9040 0.4252 -54.2002
0.9996 -0.0131 0.0495 -158.8444 0.0273 -0.4255 -0.9045 0.0063 -0.0001 -0.9045 0.4255 -54.1658
0.9988 -0.0230 0.0871 -161.3517 0.0481 -0.4253 -0.9038 0.0064 -0.0001 -0.9038 0.4253 -54.1444
0.9985 -0.0264 0.0998 -164.7608 0.0551 -0.4251 -0.9034 0.0064 -0.0001 -0.9034 0.4251 -54.1152
0.9988 -0.0237 0.0897 -167.7881 0.0495 -0.4254 -0.9036 0.0064 -0.0001 -0.9036 0.4254 -54.0894
1.0000 -0.0094 0.0128 -170.6651 0.0070 0.4261 -0.9047 0.0061 0.0062 -0.9047 -0.4261 -54.0260
0.9997 -0.0327 0.0439 -172.5341 0.0244 0.4409 -0.8972 0.0062 0.0027 -0.8972 -0.4409 -53.9814
0.9996 -0.0357 0.0166 -175.1356 0.0286 0.9567 -0.2897 0.0063 0.0053 -0.2898 -0.9567 -53.8843
0.9976 0.0164 -0.0446 -176.7554 0.0231 0.2572 0.9661 0.0062 0.0659 0.9657 -0.2587 -53.7826
0.9974 -0.0011 -0.0059 -179.2182 -0.0050 -0.8085 -0.5884 0.0061 0.0725 -0.5887 0.8083 -53.5408
0.9993 0.0023 -0.0033 -181.7851 -0.0017 0.3559 -0.9345 0.0061 0.0361 -0.9345 -0.3559 -53.2099
0.9999 -0.0180 0.0191 -183.4527 0.0128 0.6636 -0.7480 0.0062 0.0072 -0.7480 -0.6635 -52.9773
0.9977 -0.0009 -0.0226 -185.0364 0.0166 0.7331 0.6799 0.0062 0.0660 0.6791 -0.7339 -52.7171
0.9993 -0.0021 0.0029 -186.6353 -0.0016 -0.3860 0.9225 0.0061 0.0373 0.9225 0.3861 -52.4141
0.9998 -0.0006 0.0216 -188.9580 0.0149 -0.6859 -0.7275 0.0062 0.0112 -0.7274 0.6860 -51.8909
0.9978 -0.0292 0.0298 -190.4094 0.0207 0.6917 -0.7219 0.0062 0.0622 -0.7228 -0.6908 -51.5251
0.9920 0.0122 0.0089 -191.7659 0.0174 -0.9666 -0.2559 0.0062 0.1254 -0.2538 0.9671 -51.0678
0.9760 0.0217 -0.0227 -193.6691 0.0155 -0.6713 0.7410 0.0062 0.2171 0.7433 0.6688 -50.0479
0.9927 -0.0165 0.0452 -194.7163 0.0235 -0.2640 -0.9642 0.0062 0.1180 -0.9635 0.2667 -49.1815
0.9997 -0.0239 0.0152 -195.7214 0.0180 0.9061 -0.4226 0.0062 0.0186 -0.4229 -0.9060 -48.3373
0.9998 -0.0117 -0.0060 -196.6832 0.0150 0.9798 0.1993 0.0062 0.0095 0.1992 -0.9798 -47.5141
0.9999 -0.0098 -0.0063 -197.6142 0.0133 0.9716 0.2362 0.0062 0.0015 0.2362 -0.9716 -46.7204
0.9999 -0.0000 -0.0177 -198.5041 0.0125 0.7086 0.7055 0.0062 0.0047 0.7055 -0.7086 -45.9420
0.9999 0.0089 -0.0233 -199.3564 0.0120 0.2265 0.9739 0.0062 0.0036 0.9739 -0.2265 -45.1807
0.9999 0.0145 -0.0219 -200.1731 0.0115 -0.3081 0.9513 0.0062 0.0028 0.9513 0.3081 -44.4368
0.9999 0.0157 -0.0149 -200.9557 0.0111 -0.7434 0.6688 0.0062 0.0022 0.6688 0.7434 -43.7102
0.9999 0.0129 -0.0048 -201.7058 0.0107 -0.9750 0.2221 0.0062 0.0017 0.2221 0.9750 -43.0010
0.9998 0.0138 -0.0235 -203.1734 -0.0119 0.1723 -0.9850 0.0060 0.0173 -0.9849 -0.1725 -41.5255
0.9998 0.0037 -0.0040 -203.9345 -0.0026 0.6472 -0.7623 0.0061 0.0173 -0.7623 -0.6472 -40.7426
0.9974 -0.0118 0.0261 -204.6625 -0.0132 0.1014 0.9948 0.0060 0.0702 0.9949 -0.1005 -39.9129
0.9927 0.0133 -0.0029 -205.3426 -0.0120 0.9928 -0.1193 0.0060 0.1198 -0.1178 -0.9930 -38.9726
0.9996 -0.0295 0.0397 -206.0453 -0.0221 -0.4357 0.8998 0.0060 0.0201 0.8996 0.4361 -37.9381
0.9995 -0.0136 -0.0247 -206.7691 -0.0288 -0.9027 -0.4293 0.0059 0.0092 -0.4295 0.9026 -36.8303
0.9998 0.0092 -0.0316 -207.5264 -0.0172 -0.3876 -0.9217 0.0060 0.0053 -0.9217 0.3875 -35.6536
1.0000 0.0007 -0.0011 -208.2664 -0.0006 0.2752 -0.9614 0.0061 0.0065 -0.9614 -0.2752 -34.4750
0.9996 -0.0207 0.0225 -208.9755 0.0147 0.6405 -0.7679 0.0062 0.0235 -0.7681 -0.6402 -33.3341
0.9996 -0.0222 0.0093 -209.6379 0.0181 0.9661 -0.2577 0.0062 0.0231 -0.2581 -0.9659 -32.2378
0.9996 0.0193 -0.0380 -210.5115 0.0190 -0.0136 0.9997 0.0062 0.0215 0.9997 0.0132 -30.6731
0.9997 0.0218 -0.0265 -211.0552 0.0158 -0.5439 0.8390 0.0062 0.0197 0.8392 0.5437 -29.6780
0.9997 0.0185 -0.0122 -211.5704 0.0138 -0.8962 0.4434 0.0062 0.0189 0.4436 0.8961 -28.7132
0.9998 0.0119 0.0015 -212.0592 0.0127 -0.9981 -0.0596 0.0062 0.0181 -0.0593 0.9982 -27.7766
0.9998 0.0038 0.0128 -212.5234 0.0120 -0.8460 -0.5331 0.0062 0.0173 -0.5329 0.8461 -26.8673
0.9977 0.0144 -0.0065 -212.9488 -0.0117 0.9599 -0.2800 0.0060 0.0671 -0.2793 -0.9601 -25.9094
0.9984 -0.0614 0.0216 -213.3696 -0.0518 -0.9768 0.2078 0.0058 0.0208 0.2068 0.9770 -24.7616
0.9986 0.0158 -0.0396 -213.8256 -0.0202 -0.1968 -0.9802 0.0060 0.0479 -0.9804 0.1958 -23.5049
0.9996 -0.0007 0.0285 -214.2184 -0.0196 0.6890 0.7245 0.0060 0.0220 0.7248 -0.6887 -22.2130
0.9995 -0.0133 0.0332 -214.6320 -0.0169 0.1979 0.9801 0.0060 0.0263 0.9802 -0.1975 -20.8622
0.9989 -0.0442 0.0010 -215.0286 -0.0436 -0.9990 0.0119 0.0058 0.0196 0.0111 0.9990 -19.3794
0.9994 -0.0055 -0.0163 -215.4453 -0.0159 -0.8585 -0.5126 0.0060 0.0305 -0.5130 0.8582 -17.8041
0.9995 0.0245 -0.0236 -215.8068 -0.0174 0.7334 -0.6796 0.0060 0.0248 -0.6793 -0.7337 -16.2074
0.9971 -0.0053 0.0238 -216.1387 -0.0137 0.4856 0.8741 0.0060 0.0744 0.8746 -0.4847 -14.5503
0.9966 -0.0056 -0.0167 -216.5653 -0.0163 -0.8584 -0.5127 0.0060 0.0805 -0.5139 0.8577 -11.9234
0.9996 0.0163 -0.0172 -216.9081 -0.0115 0.6682 -0.7439 0.0060 0.0238 -0.7437 -0.6684 -9.1423
0.9998 -0.0056 -0.0007 -217.0974 0.0060 0.9984 0.0555 0.0061 0.0206 0.0554 -0.9984 -7.3041
0.9969 0.0280 -0.0446 -217.2326 0.0230 -0.2467 0.9688 0.0062 0.0756 0.9693 0.2450 -5.5364
0.9998 0.0208 -0.0128 -217.3699 0.0157 -0.9132 0.4071 0.0062 0.0094 0.4073 0.9132 -3.0239
0.9985 -0.0731 0.0446 -217.5157 -0.0554 -0.9143 0.4013 0.0058 0.0021 0.4011 0.9143 -0.3303
0.9987 -0.0674 0.0411 -217.6912 -0.0511 -0.9146 0.4011 0.0058 0.0004 0.4011 0.9146 2.9203
0.9998 -0.0270 0.0165 -217.8707 -0.0205 -0.9156 0.4015 0.0060 0.0000 0.4015 0.9156 6.2461
0.9978 -0.0875 0.0533 -218.0699 -0.0664 -0.9139 0.4005 0.0057 -0.0000 0.4005 0.9139 9.9349
0.9999 -0.0175 0.0107 -218.2895 -0.0133 -0.9159 0.4012 0.0060 -0.0001 0.4012 0.9159 14.0030
0.9996 -0.0390 0.0238 -218.5101 -0.0296 -0.9156 0.4010 0.0059 -0.0001 0.4010 0.9156 18.0898
0.9996 0.0030 0.0181 -218.7001 0.0151 -0.8004 -0.5993 0.0062 0.0233 -0.5990 0.8006 22.2335
0.9991 0.0000 0.0566 -218.7926 0.0401 -0.7067 -0.7064 0.0063 0.0128 -0.7061 0.7070 24.8404
0.9986 -0.0009 0.0763 -218.8733 0.0533 -0.6972 -0.7149 0.0064 0.0059 -0.7147 0.6974 27.2616
0.9986 -0.0013 0.0756 -218.9470 0.0526 -0.6941 -0.7179 0.0064 0.0021 -0.7179 0.6942 29.5011
0.9997 0.0003 -0.0319 -219.0558 -0.0224 -0.7003 -0.7135 0.0060 0.0004 -0.7135 0.7003 32.8113
0.9981 0.0008 -0.0869 -219.1367 -0.0609 -0.6996 -0.7120 0.0057 0.0001 -0.7120 0.6996 35.2711
0.9968 0.0010 -0.1138 -219.3234 -0.0798 -0.6984 -0.7113 0.0056 -0.0000 -0.7113 0.6984 40.9514
0.9967 0.0011 -0.1155 -219.4293 -0.0809 -0.6982 -0.7114 0.0056 -0.0000 -0.7114 0.6982 44.1730
0.9967 0.0011 -0.1155 -219.5434 -0.0809 -0.6980 -0.7115 0.0056 -0.0001 -0.7115 0.6980 47.6465
0.9989 0.0006 -0.0674 -219.6640 -0.0472 -0.6994 -0.7131 0.0058 -0.0001 -0.7131 0.6994 51.3172
0.9997 -0.0003 0.0352 -219.7816 0.0247 -0.7001 -0.7137 0.0062 -0.0001 -0.7137 0.7001 54.8954
0.9989 -0.0006 0.0671 -219.8376 0.0470 -0.6996 -0.7130 0.0064 -0.0001 -0.7130 0.6996 56.5991
0.9977 -0.0009 0.0974 -219.9434 0.0682 -0.6989 -0.7120 0.0065 -0.0001 -0.7120 0.6989 59.8190
0.9974 -0.0009 0.1036 -220.0412 0.0726 -0.6988 -0.7116 0.0065 -0.0001 -0.7116 0.6988 62.7938
0.9975 -0.0009 0.1008 -220.1313 0.0706 -0.6990 -0.7116 0.0065 -0.0001 -0.7116 0.6990 65.5379
0.9983 -0.0653 0.1062 -220.1835 0.0545 0.2240 -0.9731 0.0064 0.0207 -0.9733 -0.2229 68.0908
0.9986 -0.0664 0.0976 -220.2199 0.0519 0.3383 -0.9396 0.0064 0.0102 -0.9398 -0.3378 70.4992
0.9951 0.0004 -0.0534 -220.1991 0.0376 0.7022 0.7110 0.0063 0.0912 0.7086 -0.7046 72.7588
0.9995 0.0092 -0.0133 -220.1158 0.0071 -0.3619 0.9322 0.0061 0.0309 0.9323 0.3617 75.0225
0.9994 -0.0149 0.0052 -219.9914 -0.0126 -0.9779 0.2088 0.0060 0.0321 0.2084 0.9780 77.3119
0.9988 0.0036 0.0063 -219.8427 0.0074 -0.9069 -0.4214 0.0061 0.0483 -0.4211 0.9070 79.6175
0.9986 0.0059 -0.0025 -219.6074 -0.0048 0.9661 -0.2581 0.0061 0.0535 -0.2579 -0.9662 81.8831
0.9982 0.0017 0.0049 -219.3332 -0.0048 0.8587 0.5124 0.0061 0.0594 0.5126 -0.8586 84.1747
0.9997 -0.0033 0.0160 -219.0192 -0.0092 0.5043 0.8635 0.0060 0.0211 0.8636 -0.5041 86.5155
0.9995 0.0183 -0.0246 -218.6785 0.0137 -0.4362 0.8997 0.0062 0.0270 0.8999 0.4359 88.7983
0.9995 0.0426 -0.0518 -218.3419 0.0308 -0.5424 0.8395 0.0063 0.0118 0.8397 0.5421 90.9774
1.0000 0.0072 -0.0087 -218.0106 0.0052 -0.5478 0.8366 0.0061 0.0049 0.8366 0.5478 93.0998
1.0000 0.0022 -0.0026 -217.8427 0.0016 -0.5483 0.8363 0.0061 0.0030 0.8363 0.5483 94.1737
0.9998 -0.0281 0.0341 -217.5019 -0.0203 -0.5431 0.8394 0.0060 0.0010 0.8394 0.5431 96.3522
0.9993 -0.0513 0.0623 -217.3218 -0.0371 -0.5427 0.8391 0.0059 0.0006 0.8391 0.5428 97.5033
1.0000 -0.0028 0.0034 -216.9594 -0.0020 -0.5477 0.8367 0.0061 0.0002 0.8367 0.5477 99.8201
0.9996 0.0226 -0.0025 -216.5860 0.0214 -0.9981 0.0579 0.0062 0.0170 0.0583 0.9981 102.0252
0.9986 0.0105 0.0360 -216.2119 0.0337 -0.8455 -0.5329 0.0063 0.0404 -0.5317 0.8462 104.1177
0.9990 -0.0087 0.0042 -215.7703 0.0069 0.9530 -0.3030 0.0061 0.0431 -0.3033 -0.9529 106.1355
0.9995 0.0001 -0.0053 -215.2820 0.0037 0.6930 0.7209 0.0061 0.0320 0.7209 -0.6931 108.1650
0.9987 0.0185 -0.0441 -214.7880 0.0224 0.1604 0.9868 0.0062 0.0448 0.9866 -0.1614 110.1263
0.9987 0.0382 -0.0394 -214.2853 0.0270 -0.6845 0.7285 0.0062 0.0430 0.7293 0.6836 111.9905
0.9989 -0.0193 0.0544 -213.7444 0.0283 -0.2801 -0.9595 0.0063 0.0366 -0.9593 0.2811 113.7341
0.9965 -0.0190 -0.0012 -213.1769 0.0197 0.9993 0.0317 0.0062 0.0814 0.0301 -0.9994 115.3914
0.9989 -0.0020 0.0051 -212.5531 -0.0026 0.1890 0.9820 0.0061 0.0478 0.9820 -0.1889 117.0583
0.9986 0.0032 -0.0247 -211.4782 -0.0154 -0.5970 -0.8021 0.0060 0.0499 -0.8026 0.5964 119.6019
0.9992 -0.0186 0.0287 -210.3525 0.0150 0.2808 -0.9596 0.0062 0.0382 -0.9598 -0.2803 122.1340
0.9972 0.0001 -0.0218 -209.2261 0.0154 0.7033 0.7107 0.0062 0.0734 0.7099 -0.7041 124.4870
0.9990 -0.0059 0.0074 -208.4149 -0.0043 -0.5167 0.8561 0.0061 0.0438 0.8560 0.5169 126.0409
0.9992 0.0059 -0.0314 -207.5256 -0.0186 -0.5308 -0.8473 0.0060 0.0350 -0.8476 0.5302 127.6029
0.9997 0.0126 -0.0173 -206.5824 -0.0095 0.4127 -0.9108 0.0060 0.0230 -0.9107 -0.4129 129.1986
0.9969 -0.0026 -0.0188 -205.6225 0.0153 0.7873 0.6164 0.0062 0.0777 0.6154 -0.7880 130.7285
0.9987 0.0298 -0.0398 -204.6644 0.0222 -0.4447 0.8954 0.0062 0.0454 0.8959 0.4438 132.1650
0.9935 -0.0297 0.0385 -203.6867 0.0220 0.4765 -0.8789 0.0062 0.1115 -0.8801 -0.4744 133.4761
0.9988 0.0001 0.0015 -202.6484 -0.0011 0.7508 0.6605 0.0061 0.0490 0.6606 -0.7508 134.7654
0.9978 0.0517 -0.0651 -200.8808 -0.0378 0.5070 -0.8611 0.0059 0.0543 -0.8601 -0.5088 136.6927
0.9989 0.0135 -0.0063 -199.5889 -0.0108 0.9564 -0.2920 0.0060 0.0451 -0.2915 -0.9565 138.0356
0.9992 -0.0166 0.0273 -198.2499 -0.0140 -0.2133 0.9769 0.0060 0.0377 0.9768 0.2139 139.3258
0.9991 0.0035 -0.0032 -196.8811 0.0025 -0.7669 0.6417 0.0061 0.0428 0.6418 0.7669 140.6194
0.9993 0.0067 -0.0164 -195.4754 -0.0083 -0.1788 -0.9838 0.0060 0.0372 -0.9839 0.1785 141.8499
0.9961 0.0061 0.0042 -194.0034 -0.0085 0.9691 0.2466 0.0060 0.0883 0.2473 -0.9689 143.0660
0.9967 -0.0018 -0.0541 -192.3656 -0.0397 -0.7302 -0.6821 0.0059 0.0713 -0.6842 0.7283 144.2452
0.9939 0.0245 -0.0051 -190.6061 -0.0222 0.9932 -0.1140 0.0060 0.1082 -0.1116 -0.9935 145.4260
0.9974 -0.0181 0.0385 -188.7487 -0.0193 0.0633 0.9978 0.0060 0.0697 0.9979 -0.0620 146.5844
0.9857 0.0359 -0.0343 -186.7914 -0.0256 0.7377 -0.6747 0.0059 0.1664 -0.6715 -0.7405 147.6559
0.9947 -0.0314 0.0514 -184.6555 -0.0264 -0.2156 0.9761 0.0059 0.0998 0.9756 0.2181 148.6836
0.9835 -0.0048 0.0024 -182.4977 0.0038 0.9471 -0.3208 0.0061 0.1811 -0.3215 -0.9469 149.5671
0.9942 -0.0035 0.0040 -180.2735 -0.0025 -0.6022 0.7984 0.0061 0.1071 0.7982 0.6024 150.3372
0.9830 -0.0117 -0.0022 -178.0640 0.0131 0.9964 0.0841 0.0062 0.1833 0.0817 -0.9966 150.9536
0.9944 0.0008 -0.0006 -175.8050 0.0006 -0.8490 0.5284 0.0061 0.1061 0.5285 0.8489 151.4505
0.9967 -0.0233 0.0317 -173.5850 0.0175 0.4282 -0.9035 0.0062 0.0795 -0.9041 -0.4270 151.8319
0.9972 -0.0431 0.0224 -171.4609 0.0339 0.9432 -0.3304 0.0063 0.0671 -0.3326 -0.9425 152.1562
0.9986 0.0133 -0.0772 -168.5486 0.0462 0.5480 0.8352 0.0064 0.0272 0.8345 -0.5490 152.5316
0.9982 0.0648 -0.0644 -165.9675 0.0458 -0.7103 0.7024 0.0064 0.0384 0.7037 0.7091 152.7973
0.9990 0.0291 0.0233 -163.6940 0.0424 -0.9604 -0.2753 0.0063 0.0125 -0.2748 0.9606 152.9827
0.9991 -0.0477 0.0676 -160.5209 0.0365 0.3810 -0.9238 0.0063 0.0217 -0.9241 -0.3803 153.1586
1.0000 -0.0083 -0.0024 -157.9332 0.0096 0.9917 0.1281 0.0061 0.0012 0.1281 -0.9917 153.2329
0.9984 -0.0794 0.0743 -155.2233 -0.0563 -0.7501 0.6590 0.0058 0.0006 0.6589 0.7501 153.1935
0.9960 -0.1108 0.0710 -152.9175 -0.0833 -0.9014 0.4249 0.0056 -0.0310 0.4272 0.9003 153.1351
0.9983 -0.0815 0.0820 -151.0775 -0.0576 -0.7014 0.7104 0.0058 -0.0045 0.7106 0.7013 153.1111
0.9998 -0.0102 0.0212 -149.2332 -0.0106 0.0377 0.9992 0.0060 -0.0138 0.9992 -0.0378 153.1100
0.9999 0.0143 -0.0324 -147.4577 0.0163 0.1175 0.9929 0.0062 -0.0045 0.9930 -0.1174 153.1125
0.9997 0.0196 -0.0445 -145.7637 0.0224 0.1207 0.9924 0.0062 -0.0018 0.9924 -0.1207 153.1159
0.9998 0.0170 -0.0388 -144.1550 0.0195 0.1209 0.9925 0.0062 -0.0007 0.9925 -0.1209 153.1193
0.9989 -0.0406 0.0925 -141.5620 -0.0466 0.1207 0.9916 0.0058 -0.0002 0.9916 -0.1207 153.1248
0.9999 -0.0134 0.0305 -139.6831 -0.0154 0.1208 0.9926 0.0060 -0.0001 0.9926 -0.1208 153.1287
0.9991 -0.0369 0.0839 -136.7923 -0.0423 0.1206 0.9918 0.0058 -0.0001 0.9918 -0.1206 153.1348
0.9974 -0.0629 0.1431 -134.5800 -0.0721 0.1202 0.9901 0.0057 -0.0001 0.9901 -0.1202 153.1395
0.9971 -0.0660 0.1502 -132.1070 -0.0757 0.1200 0.9899 0.0056 -0.0001 0.9899 -0.1200 153.1447
0.9999 -0.0126 0.0287 -129.5502 -0.0145 0.1203 0.9926 0.0060 -0.0001 0.9926 -0.1203 153.1501
0.9995 0.0280 -0.0637 -127.1343 0.0321 0.1203 0.9922 0.0063 -0.0001 0.9922 -0.1203 153.1552
0.9989 0.0414 -0.0942 -124.8957 0.0474 0.1205 0.9916 0.0064 -0.0001 0.9916 -0.1205 153.1599
0.9987 0.0441 -0.1003 -122.8266 0.0505 0.1206 0.9914 0.0064 -0.0001 0.9914 -0.1206 153.1642
0.9988 0.0432 -0.0983 -120.9187 0.0495 0.1207 0.9915 0.0064 -0.0001 0.9915 -0.1207 153.1683
0.9994 0.0290 -0.0660 -119.1404 0.0332 0.1209 0.9921 0.0063 -0.0001 0.9921 -0.1209 153.1720
0.9997 -0.0199 0.0453 -117.3063 -0.0228 0.1208 0.9924 0.0060 -0.0001 0.9924 -0.1208 153.1759
0.9994 -0.0292 0.0664 -115.2848 -0.0334 0.1207 0.9921 0.0059 -0.0001 0.9921 -0.1207 153.1801
0.9999 0.0091 -0.0207 -113.2942 0.0104 0.1208 0.9926 0.0062 -0.0001 0.9926 -0.1208 153.1844
0.9995 0.0277 -0.0631 -111.4332 0.0318 0.1208 0.9922 0.0063 -0.0001 0.9922 -0.1208 153.1883
1.0000 0.0051 -0.0116 -109.6296 0.0059 0.1209 0.9926 0.0061 -0.0001 0.9926 -0.1209 153.1921
1.0000 0.0005 -0.0010 -108.7135 0.0005 0.1209 0.9927 0.0061 -0.0001 0.9927 -0.1209 153.1941
0.9998 -0.0187 0.0427 -106.8438 -0.0215 0.1208 0.9924 0.0060 -0.0001 0.9924 -0.1208 153.1980
0.9980 -0.0550 0.1253 -104.7673 -0.0631 0.1205 0.9907 0.0057 -0.0001 0.9907 -0.1205 153.2024
0.9969 -0.0683 0.1556 -102.4206 -0.0784 0.1201 0.9897 0.0056 -0.0001 0.9897 -0.1202 153.2074
0.9970 -0.0674 0.1533 -99.8164 -0.0772 0.1200 0.9898 0.0056 -0.0001 0.9898 -0.1200 153.2129
0.9999 -0.0123 0.0279 -97.1311 -0.0141 0.1203 0.9926 0.0060 -0.0001 0.9926 -0.1203 153.2185
0.9999 0.0129 -0.0293 -95.8390 0.0147 0.1203 0.9926 0.0062 -0.0001 0.9926 -0.1203 153.2212
0.9990 0.0393 -0.0895 -93.3945 0.0451 0.1204 0.9917 0.0064 -0.0001 0.9917 -0.1204 153.2264
0.9987 0.0445 -0.1014 -92.2431 0.0511 0.1204 0.9914 0.0064 -0.0001 0.9914 -0.1204 153.2288
0.9987 0.0443 -0.1009 -91.1347 0.0508 0.1205 0.9914 0.0064 -0.0001 0.9914 -0.1205 153.2311
0.9993 0.0317 -0.0722 -90.0470 0.0364 0.1205 0.9920 0.0063 -0.0001 0.9920 -0.1205 153.2334
1.0000 0.0070 -0.0159 -88.9431 0.0080 0.1206 0.9927 0.0061 -0.0001 0.9927 -0.1206 153.2358
0.9989 -0.0403 0.0917 -86.5827 -0.0462 0.1203 0.9917 0.0058 -0.0001 0.9917 -0.1203 153.2408
0.9981 -0.0531 0.1208 -85.3112 -0.0608 0.1201 0.9909 0.0057 -0.0001 0.9909 -0.1201 153.2435
0.9979 -0.0568 0.1293 -83.9809 -0.0651 0.1200 0.9906 0.0057 -0.0001 0.9906 -0.1200 153.2462
0.9991 -0.0373 0.0849 -82.6301 -0.0428 0.1201 0.9918 0.0058 -0.0001 0.9918 -0.1201 153.2491
0.9999 0.0149 -0.0339 -80.0128 0.0171 0.1203 0.9926 0.0062 -0.0001 0.9926 -0.1203 153.2546
0.9990 0.0399 -0.0909 -77.5746 0.0458 0.1203 0.9917 0.0064 -0.0001 0.9917 -0.1203 153.2597
0.9994 0.0305 -0.0695 -75.2934 0.0350 0.1203 0.9921 0.0063 -0.0001 0.9921 -0.1203 153.2645
1.0000 0.0076 -0.0173 -73.0069 0.0087 0.1205 0.9927 0.0061 -0.0001 0.9927 -0.1205 153.2694
0.9995 0.0263 -0.0600 -70.7997 0.0302 0.1205 0.9923 0.0063 -0.0001 0.9923 -0.1205 153.2740
0.9991 0.0379 -0.0863 -68.7454 0.0435 0.1206 0.9918 0.0063 -0.0001 0.9918 -0.1206 153.2784
0.9990 0.0392 -0.0893 -66.8469 0.0450 0.1207 0.9917 0.0064 -0.0001 0.9917 -0.1207 153.2824
1.0000 0.0058 -0.0132 -65.0077 0.0066 0.1208 0.9927 0.0061 -0.0001 0.9927 -0.1208 153.2863
0.9999 -0.0142 0.0323 -63.0558 -0.0163 0.1207 0.9926 0.0060 -0.0001 0.9926 -0.1207 153.2904
0.9999 0.0131 -0.0299 -61.1386 0.0150 0.1208 0.9926 0.0062 -0.0001 0.9926 -0.1208 153.2944
0.9996 0.0348 -0.0389 -59.3319 0.0248 -0.6193 0.7848 0.0062 0.0115 0.7850 0.6190 153.2750
0.9995 0.0443 -0.0462 -57.6194 0.0314 -0.6770 0.7353 0.0063 0.0033 0.7354 0.6769 153.2537
0.9995 0.0321 -0.0063 -56.0175 0.0291 -0.9937 0.1080 0.0063 0.0105 0.1083 0.9937 153.2123
0.9992 0.0193 0.0215 -53.7862 0.0319 -0.9411 -0.3367 0.0063 0.0261 -0.3359 0.9414 153.1452
1.0000 -0.0009 0.0011 -51.6548 0.0006 0.4634 -0.8861 0.0061 0.0044 -0.8861 -0.4634 153.0043
0.9984 -0.0074 -0.0078 -49.5777 0.0120 0.9451 0.3266 0.0062 0.0558 0.3259 -0.9453 152.8381
0.9993 -0.0209 0.0506 -47.3835 -0.0257 0.1697 0.9852 0.0059 0.0283 0.9853 -0.1689 152.6053
0.9997 -0.0172 -0.0085 -44.9863 -0.0219 -0.9808 -0.1936 0.0059 0.0075 -0.1938 0.9808 152.2649
0.9996 0.0181 -0.0155 -42.5633 -0.0130 0.8004 -0.5993 0.0060 0.0252 -0.5990 -0.8006 151.8445
0.9994 -0.0139 0.0017 -40.1292 0.0131 0.9978 -0.0648 0.0062 0.0307 -0.0652 -0.9978 151.3861
0.9999 -0.0044 0.0067 -37.7703 -0.0035 -0.3018 0.9533 0.0061 0.0097 0.9533 0.3019 150.8483
0.9996 0.0029 -0.0149 -35.4271 -0.0087 -0.5206 -0.8538 0.0060 0.0253 -0.8539 0.5204 150.2352
0.9994 -0.0139 0.0273 -33.0771 0.0136 0.0221 -0.9997 0.0062 0.0303 -0.9997 -0.0217 149.5847
0.9993 -0.0001 0.0075 -30.8078 -0.0052 0.6984 0.7157 0.0061 0.0366 0.7159 -0.6982 148.8537
0.9981 0.0525 -0.0689 -28.4472 -0.0389 0.4620 -0.8860 0.0059 0.0482 -0.8851 -0.4637 147.9142
0.9969 -0.0010 0.0088 -25.9604 -0.0056 0.6159 0.7878 0.0061 0.0789 0.7881 -0.6155 146.8286
0.9987 -0.0403 0.0419 -23.3665 -0.0286 -0.6797 0.7329 0.0059 0.0429 0.7321 0.6806 145.5888
0.9996 0.0186 -0.0374 -20.6688 -0.0187 -0.0071 -0.9998 0.0060 0.0233 -0.9998 0.0066 144.1593
0.9908 0.0259 -0.0192 -18.0842 0.0191 -0.8632 0.5044 0.0062 0.1337 0.5066 0.8619 142.6306
0.9631 0.0408 -0.0736 -15.9821 0.0376 -0.0917 0.9951 0.0063 0.2664 0.9960 0.0817 140.8526
0.9444 -0.0479 -0.0059 -14.9964 0.0540 0.9970 0.0562 0.0064 0.3244 0.0387 -0.9979 139.5185
0.9777 -0.0329 0.0882 -14.3725 0.0461 -0.2577 -0.9651 0.0064 0.2048 -0.9627 0.2668 138.1401
0.9987 -0.0328 0.0251 -13.7992 0.0238 0.8495 -0.5270 0.0062 0.0456 -0.5279 -0.8490 136.8025
0.9974 0.0876 -0.1384 -12.4822 -0.0716 0.2563 -0.9639 0.0057 -0.0051 -0.9640 -0.2560 133.7655
0.9963 0.1018 -0.1694 -11.6440 -0.0864 0.1964 -0.9767 0.0056 -0.0006 -0.9767 -0.1964 131.8666
0.9965 0.1058 -0.0590 -10.7250 -0.0818 0.9297 -0.3592 0.0056 0.0187 -0.3578 -0.9302 129.7056
0.9987 0.0129 0.0123 -9.7910 -0.0200 0.9515 0.3070 0.0060 0.0467 0.3079 -0.9512 127.4516
0.9982 -0.0175 0.0073 -8.9565 -0.0143 -0.9672 0.2538 0.0060 0.0575 0.2530 0.9674 125.1858
0.9980 0.0036 0.0131 -8.1606 0.0121 -0.8400 -0.5425 0.0062 0.0624 -0.5418 0.8404 122.9082
0.9994 -0.0124 0.0487 -7.4368 0.0272 -0.4422 -0.8965 0.0062 0.0236 -0.8962 0.4428 120.7335
0.9984 -0.0444 0.0824 -6.4444 0.0413 0.0760 -0.9962 0.0063 0.0390 -0.9964 -0.0744 117.6845
0.9993 -0.0482 0.0610 -5.8531 0.0353 0.5029 -0.8636 0.0063 0.0103 -0.8638 -0.5026 115.7863
0.9995 -0.0346 0.0132 -5.0578 0.0288 0.9730 -0.2290 0.0063 0.0143 -0.2294 -0.9729 113.1435
0.9973 0.0084 -0.0169 -4.0808 0.0085 0.0047 1.0000 0.0061 0.0724 1.0000 -0.0053 109.6633
0.9962 0.0125 -0.0435 -3.2469 -0.0237 -0.3932 -0.9192 0.0060 0.0836 -0.9199 0.3914 106.0539
0.9986 0.0326 -0.0226 -2.6751 -0.0242 0.8836 -0.4676 0.0059 0.0460 -0.4666 -0.8841 103.0436
0.9984 0.0130 0.0334 -2.1105 -0.0341 0.8717 0.4888 0.0059 0.0445 0.4901 -0.8710 99.7713
0.9962 -0.0107 -0.0561 -1.6747 -0.0480 -0.8099 -0.5847 0.0058 0.0722 -0.5875 0.8078 96.2606
0.9962 0.0041 0.1048 -1.3187 -0.0771 0.7311 0.6779 0.0056 0.0411 0.6802 -0.7290 90.7774
0.9966 0.0001 0.1132 -1.1597 -0.0802 0.7056 0.7040 0.0056 0.0195 0.7051 -0.7045 87.6542
0.9971 -0.0004 0.1082 -0.9926 -0.0763 0.7026 0.7075 0.0056 0.0079 0.7079 -0.7021 84.2827
1.0000 -0.0001 0.0129 -0.8232 -0.0091 0.7042 0.7100 0.0060 0.0030 0.7100 -0.7041 80.8433
0.9990 0.0003 -0.0628 -0.6629 0.0442 0.7036 0.7093 0.0063 0.0010 0.7092 -0.7036 77.5862
0.9979 0.0004 -0.0916 -0.5142 0.0645 0.7029 0.7083 0.0065 0.0003 0.7083 -0.7029 74.5636
0.9977 0.0003 -0.0966 -0.3122 0.0681 0.7030 0.7080 0.0065 0.0000 0.7080 -0.7030 70.4592
0.9979 0.0003 -0.0920 -0.1906 0.0649 0.7033 0.7080 0.0065 -0.0000 0.7080 -0.7033 67.9882
0.9992 0.0002 -0.0584 -0.0770 0.0412 0.7042 0.7088 0.0063 -0.0001 0.7088 -0.7042 65.6806
0.9998 -0.0001 0.0295 0.0397 -0.0208 0.7046 0.7093 0.0060 -0.0001 0.7093 -0.7046 63.3100
0.9983 -0.0003 0.0824 0.1669 -0.0581 0.7034 0.7084 0.0057 -0.0001 0.7084 -0.7034 60.7247
0.9973 -0.0004 0.1042 0.3063 -0.0734 0.7026 0.7078 0.0057 -0.0001 0.7078 -0.7026 57.8927
0.9969 -0.0004 0.1119 0.4581 -0.0788 0.7022 0.7076 0.0056 -0.0001 0.7076 -0.7022 54.8081
0.9989 -0.0003 0.0674 0.6197 -0.0475 0.7034 0.7092 0.0058 -0.0001 0.7092 -0.7034 51.5238
0.9998 0.0001 -0.0302 0.7773 0.0213 0.7042 0.7097 0.0062 -0.0001 0.7097 -0.7042 48.3209
0.9985 0.0003 -0.0779 0.9244 0.0549 0.7034 0.7087 0.0064 -0.0001 0.7087 -0.7034 45.3307
0.9979 0.0003 -0.0921 1.0605 0.0649 0.7031 0.7081 0.0065 -0.0001 0.7081 -0.7031 42.5661
0.9986 0.0002 -0.0747 1.1871 0.0527 0.7038 0.7085 0.0064 -0.0001 0.7085 -0.7038 39.9926
0.9987 0.0002 -0.0734 1.3066 0.0517 0.7039 0.7084 0.0064 -0.0001 0.7084 -0.7039 37.5650
0.9993 0.0002 -0.0516 1.4188 0.0364 0.7044 0.7089 0.0063 -0.0001 0.7089 -0.7044 35.2856
1.0000 0.0000 -0.0127 1.5313 0.0089 0.7048 0.7093 0.0061 -0.0001 0.7093 -0.7048 32.9998
0.9993 0.0098 -0.0262 1.6300 0.0136 0.2482 0.9686 0.0062 0.0349 0.9685 -0.2487 30.7660
0.9999 -0.0005 0.0009 1.7053 -0.0004 -0.2221 0.9750 0.0061 0.0101 0.9750 0.2221 28.5076
0.9996 0.0324 -0.0518 1.7748 0.0267 -0.2447 0.9692 0.0062 0.0048 0.9693 0.2446 26.3225
0.9991 0.0367 -0.0378 1.8283 0.0260 -0.6862 0.7270 0.0063 0.0337 0.7276 0.6855 24.2629
0.9996 -0.0349 0.0202 1.8617 -0.0268 -0.9258 0.3772 0.0059 0.0082 0.3770 0.9258 22.1435
0.9980 -0.0825 0.0462 1.8968 -0.0638 -0.9302 0.3614 0.0057 0.0036 0.3612 0.9303 19.7896
0.9971 -0.0991 0.0553 1.9349 -0.0766 -0.9298 0.3601 0.0056 0.0014 0.3600 0.9298 17.1792
0.9971 -0.0981 0.0548 1.9766 -0.0759 -0.9299 0.3598 0.0056 0.0005 0.3598 0.9299 14.3165
0.9999 -0.0155 0.0086 2.0194 -0.0120 -0.9326 0.3608 0.0060 0.0001 0.3608 0.9326 11.3778
0.9993 0.0486 -0.0271 2.0598 0.0376 -0.9319 0.3607 0.0063 0.0000 0.3607 0.9319 8.5988
0.9993 0.0468 -0.0261 2.0977 0.0362 -0.9319 0.3609 0.0063 -0.0001 0.3609 0.9319 5.9931
0.9998 -0.0256 0.0143 2.1364 -0.0198 -0.9324 0.3610 0.0060 -0.0001 0.3610 0.9324 3.3396
0.9984 -0.0730 0.0407 2.1780 -0.0564 -0.9311 0.3603 0.0058 -0.0001 0.3603 0.9311 0.4795
0.9966 -0.0514 -0.0360 2.2099 -0.0717 -0.9655 -0.2503 0.0057 0.0414 -0.2531 0.9648 -2.6227
0.9987 0.0139 -0.0758 2.2023 -0.0449 -0.5348 -0.8438 0.0058 0.0253 -0.8444 0.5338 -5.9209
0.9982 -0.0247 0.0447 2.1637 0.0225 0.1050 -0.9942 0.0062 0.0564 -0.9943 -0.1038 -9.1362
0.9955 0.0396 -0.0870 2.0148 0.0437 0.0918 0.9948 0.0063 0.0842 0.9945 -0.0955 -12.1526
0.9944 0.0765 -0.0643 1.8016 0.0549 -0.8082 0.5863 0.0064 0.0905 0.5903 0.8053 -14.9937
0.9791 -0.0173 -0.0676 1.4530 0.0625 0.8365 0.5443 0.0065 0.1933 0.5342 -0.8432 -17.6067
0.9949 0.0658 -0.0418 0.9889 0.0496 -0.9055 0.4214 0.0064 0.0879 0.4254 0.9037 -20.0444
0.9957 0.0408 0.0211 0.5127 0.0526 -0.9782 -0.2009 0.0064 0.0757 -0.1970 0.9790 -22.3149
0.9867 0.0072 -0.0622 -0.0477 0.0396 0.6136 0.7886 0.0063 0.1575 0.7848 -0.6186 -24.4065
0.9914 0.0102 0.0071 -0.8236 -0.0143 0.9687 0.2479 0.0060 0.1303 0.2497 -0.9682 -26.4711
0.9986 0.0002 -0.0080 -1.6678 0.0056 0.6912 0.7226 0.0061 0.0532 0.7224 -0.6914 -28.5673
0.9941 0.0429 -0.0253 -2.5221 0.0329 -0.9224 0.3848 0.0063 0.1033 0.3879 0.9211 -30.5226
0.9784 0.0084 -0.0105 -3.5068 0.0062 -0.5159 0.8567 0.0061 0.2065 0.8573 0.5148 -32.3359
0.9845 -0.0349 -0.0052 -4.7985 -0.0382 -0.9969 -0.0691 0.0059 0.1710 -0.0756 0.9964 -34.1305
0.9975 0.0002 -0.0056 -6.1951 -0.0038 -0.6758 -0.7371 0.0061 0.0707 -0.7373 0.6756 -35.9475
0.9934 -0.0193 0.0092 -7.5837 0.0155 0.9548 -0.2968 0.0062 0.1135 -0.2985 -0.9543 -37.6419
0.9730 0.0343 -0.0253 -9.1534 -0.0255 0.8637 -0.5034 0.0059 0.2292 -0.4984 -0.8666 -39.2465
0.9771 -0.0345 0.0974 -11.0697 -0.0515 0.2927 0.9548 0.0058 0.2062 0.9579 -0.2825 -40.7576
0.9948 -0.0097 0.0104 -13.1176 -0.0069 -0.6546 0.7560 0.0060 0.1020 0.7555 0.6551 -42.2279
0.9965 0.0175 -0.0066 -15.1043 0.0146 -0.9737 0.2275 0.0062 0.0826 0.2287 0.9734 -43.5969
0.9828 -0.0069 0.0421 -17.2141 -0.0258 0.5669 0.8234 0.0059 0.1828 0.8261 -0.5630 -44.8824
0.9397 -0.0092 -0.0570 -19.6275 -0.0504 -0.8118 -0.5817 0.0058 0.3381 -0.5956 0.8019 -45.9846
0.9793 -0.0535 0.0515 -22.3146 -0.0383 -0.7325 0.6797 0.0059 0.1987 0.6741 0.7377 -46.8815
0.9937 0.0249 -0.0132 -24.9728 0.0195 -0.9403 0.3398 0.0062 0.1101 0.3418 0.9396 -47.6535
0.9889 -0.0381 0.0581 -27.5006 0.0306 0.2946 -0.9551 0.0063 0.1452 -0.9564 -0.2904 -48.2956
0.9886 -0.0570 0.0512 -31.4740 -0.0408 -0.7747 0.6311 0.0059 0.1450 0.6265 0.7784 -49.0945
0.9954 0.0145 -0.0997 -34.4102 -0.0613 -0.5785 -0.8134 0.0057 0.0737 -0.8160 0.5748 -49.5439
0.9994 -0.0095 0.0387 -38.8699 0.0217 -0.4531 -0.8912 0.0062 0.0269 -0.8909 0.4536 -50.1623
0.9982 -0.0367 0.0649 -41.6463 0.0327 0.1284 -0.9912 0.0063 0.0510 -0.9914 -0.1268 -50.5248
0.9972 -0.0119 0.0269 -44.4636 -0.0135 0.1130 0.9935 0.0060 0.0738 0.9936 -0.1120 -50.7832
0.9966 0.0184 -0.0168 -47.3093 0.0131 -0.7675 0.6410 0.0062 0.0819 0.6418 0.7668 -50.9805
0.9958 -0.0455 0.0584 -50.0147 0.0335 0.4856 -0.8736 0.0063 0.0852 -0.8750 -0.4831 -51.0506
0.9987 -0.0378 0.0358 -52.6074 0.0268 0.7442 -0.6674 0.0062 0.0435 -0.6683 -0.7434 -51.0707
0.9989 0.0256 -0.0479 -55.2614 -0.0240 0.0694 -0.9973 0.0059 0.0412 -0.9972 -0.0704 -51.0420
0.9983 -0.0092 -0.0722 -58.1237 -0.0579 -0.7807 -0.6223 0.0057 -0.0058 -0.6220 0.7809 -51.0278
0.9976 0.0965 -0.0975 -61.2253 -0.0682 0.6980 -0.7129 0.0057 -0.0076 -0.7132 -0.6976 -51.0270
0.9992 0.0116 -0.0399 -64.4204 -0.0216 -0.3855 -0.9224 0.0060 -0.0340 -0.9222 0.3862 -51.0710
0.9997 -0.0024 0.0155 -67.5371 0.0094 -0.5707 -0.8211 0.0061 -0.0223 -0.8212 0.5706 -51.1411
0.9996 0.0060 -0.0432 -70.7026 -0.0267 -0.5853 -0.8104 0.0059 -0.0112 -0.8102 0.5855 -51.2240
0.9997 0.0054 -0.0390 -74.0129 -0.0241 -0.5868 -0.8094 0.0059 -0.0046 -0.8093 0.5869 -51.3134
0.9995 -0.0067 0.0486 -77.2278 0.0300 -0.5870 -0.8091 0.0063 -0.0018 -0.8091 0.5869 -51.4006
0.9985 -0.0123 0.0898 -80.2291 0.0555 -0.5865 -0.8080 0.0064 -0.0007 -0.8081 0.5865 -51.4822
0.9987 -0.0115 0.0838 -83.0593 0.0518 -0.5868 -0.8081 0.0064 -0.0003 -0.8081 0.5868 -51.5591
0.9975 -0.0557 0.1182 -85.7027 0.0592 -0.0580 -0.9966 0.0064 0.0379 -0.9964 0.0602 -51.6189
0.9982 -0.0787 0.1040 -88.1474 0.0585 0.4565 -0.8878 0.0064 0.0140 -0.8882 -0.4558 -51.6457
0.9999 -0.0144 0.0186 -90.5174 0.0106 0.4793 -0.8776 0.0062 0.0069 -0.8776 -0.4793 -51.6652
0.9991 0.0582 -0.0753 -93.0483 -0.0429 0.4779 -0.8774 0.0058 0.0027 -0.8773 -0.4780 -51.6844
0.9977 0.0917 -0.1187 -95.8174 -0.0676 0.4775 -0.8760 0.0057 0.0009 -0.8760 -0.4776 -51.7052
0.9972 0.1007 -0.1303 -100.4381 -0.0742 0.4776 -0.8754 0.0057 0.0001 -0.8754 -0.4776 -51.7399
1.0000 0.0132 -0.0171 -103.6512 -0.0097 0.4789 -0.8778 0.0060 0.0000 -0.8778 -0.4789 -51.7640
0.9991 -0.0563 0.0728 -106.6920 0.0415 0.4784 -0.8772 0.0063 -0.0000 -0.8772 -0.4784 -51.7868
0.9982 -0.0823 0.1065 -109.5117 0.0606 0.4777 -0.8764 0.0064 -0.0001 -0.8764 -0.4777 -51.8080
0.9979 -0.0873 0.1131 -112.1144 0.0644 0.4775 -0.8763 0.0065 -0.0001 -0.8763 -0.4775 -51.8275
0.9980 -0.0847 0.1097 -114.5135 0.0625 0.4774 -0.8765 0.0065 -0.0001 -0.8765 -0.4774 -51.8455
0.9992 -0.0532 0.0689 -116.7546 0.0392 0.4779 -0.8776 0.0063 -0.0001 -0.8776 -0.4779 -51.8624
0.9990 0.0598 -0.0774 -120.2956 -0.0441 0.4779 -0.8773 0.0058 -0.0001 -0.8773 -0.4779 -51.8890
0.9991 0.0564 -0.0730 -124.3096 -0.0416 0.4782 -0.8773 0.0058 -0.0001 -0.8773 -0.4782 -51.9191
0.9998 -0.0243 0.0315 -126.9651 0.0179 0.4784 -0.8779 0.0062 -0.0001 -0.8779 -0.4784 -51.9391
0.9989 -0.0631 0.0818 -129.4390 0.0466 0.4779 -0.8772 0.0064 -0.0001 -0.8772 -0.4779 -51.9576
0.9986 -0.0708 0.0916 -130.6042 0.0522 0.4777 -0.8770 0.0064 -0.0001 -0.8770 -0.4777 -51.9664
0.9985 -0.0740 0.0958 -131.7231 0.0545 0.4776 -0.8769 0.0064 -0.0001 -0.8769 -0.4776 -51.9748
0.9993 -0.0500 0.0647 -133.8576 0.0369 0.4778 -0.8777 0.0063 -0.0001 -0.8777 -0.4778 -51.9908
1.0000 -0.0115 0.0149 -134.9307 0.0085 0.4781 -0.8783 0.0061 -0.0001 -0.8783 -0.4781 -51.9989
1.0000 -0.0050 0.0064 -138.2888 0.0037 0.4782 -0.8783 0.0061 -0.0001 -0.8783 -0.4782 -52.0241
0.9990 -0.0595 0.0771 -142.3740 0.0439 0.4775 -0.8775 0.0063 -0.0001 -0.8775 -0.4776 -52.0548
