0.9974 0.1019 -0.1034 -2.4809 -0.0720 0.6948 -0.7156 0.0058 -0.0001 -0.7156 -0.6948 -0.0069
0.9977 0.0963 -0.0978 -3.0869 -0.0681 0.6948 -0.7160 0.0058 -0.0001 -0.7160 -0.6948 -0.0086
0.9972 0.1052 -0.1064 -3.7557 -0.0744 0.6974 -0.7128 0.0057 -0.0000 -0.7128 -0.6974 -0.0104
0.9965 0.1174 -0.1193 -4.4970 -0.0830 0.6934 -0.7158 0.0056 -0.0001 -0.7158 -0.6934 -0.0124
0.9960 0.1259 -0.1273 -5.3138 -0.0890 0.6966 -0.7120 0.0056 0.0000 -0.7120 -0.6966 -0.0147
0.9956 0.1321 -0.1337 -6.2073 -0.0934 0.6954 -0.7125 0.0055 -0.0000 -0.7125 -0.6954 -0.0171
0.9953 0.1371 -0.1388 -7.1805 -0.0970 0.6952 -0.7122 0.0055 -0.0000 -0.7122 -0.6952 -0.0198
0.9958 0.1290 -0.1305 -8.2238 -0.0912 0.6957 -0.7125 0.0056 -0.0000 -0.7125 -0.6957 -0.0226
0.9981 0.0862 -0.0872 -9.2941 -0.0609 0.6973 -0.7142 0.0057 -0.0001 -0.7142 -0.6973 -0.0255
0.9997 0.0341 -0.0345 -10.3488 -0.0241 0.6984 -0.7153 0.0059 -0.0001 -0.7153 -0.6984 -0.0284
1.0000 -0.0054 0.0055 -11.3731 0.0038 0.6986 -0.7155 0.0061 -0.0001 -0.7155 -0.6986 -0.0312
0.9998 -0.0312 0.0316 -12.3616 0.0221 0.6984 -0.7154 0.0062 -0.0001 -0.7154 -0.6984 -0.0339
0.9995 -0.0467 0.0473 -13.3126 0.0330 0.6981 -0.7152 0.0063 -0.0001 -0.7152 -0.6981 -0.0365
0.9992 -0.0552 0.0559 -14.2261 0.0391 0.6979 -0.7151 0.0063 -0.0001 -0.7151 -0.6979 -0.0389
0.9991 -0.0611 0.0618 -15.9437 0.0432 0.6977 -0.7151 0.0063 -0.0001 -0.7151 -0.6977 -0.0436
0.9991 -0.0605 0.0613 -17.5216 0.0428 0.6977 -0.7151 0.0063 -0.0001 -0.7151 -0.6977 -0.0479
0.9996 -0.0403 0.0408 -19.6615 0.0285 0.6979 -0.7156 0.0063 -0.0001 -0.7156 -0.6979 -0.0537
0.9997 0.0335 -0.0340 -21.1187 -0.0237 0.6981 -0.7156 0.0060 -0.0001 -0.7156 -0.6981 -0.0577
0.9994 0.0498 -0.0504 -22.7600 -0.0352 0.6979 -0.7153 0.0059 -0.0001 -0.7153 -0.6979 -0.0622
0.9999 -0.0242 0.0245 -25.1762 0.0171 0.6982 -0.7157 0.0062 -0.0001 -0.7157 -0.6982 -0.0688
0.9997 -0.0322 0.0326 -27.3546 0.0228 0.6980 -0.7157 0.0062 -0.0001 -0.7157 -0.6981 -0.0747
0.9987 0.0711 -0.0719 -29.6684 -0.0502 0.6974 -0.7149 0.0058 -0.0001 -0.7149 -0.6974 -0.0810
0.9961 0.1241 -0.1256 -32.5981 -0.0878 0.6959 -0.7128 0.0056 -0.0001 -0.7128 -0.6959 -0.0890
0.9963 0.1217 -0.1231 -36.1645 -0.0860 0.6962 -0.7127 0.0056 -0.0001 -0.7127 -0.6962 -0.0987
0.9969 0.1114 -0.1127 -40.3146 -0.0788 0.6968 -0.7129 0.0056 -0.0001 -0.7129 -0.6968 -0.1100
0.9999 0.0186 -0.0188 -43.2213 -0.0131 0.6989 -0.7151 0.0060 -0.0001 -0.7151 -0.6989 -0.1178
0.9993 -0.0520 0.0526 -45.9701 0.0368 0.6984 -0.7147 0.0063 -0.0001 -0.7147 -0.6984 -0.1253
0.9985 -0.0779 0.0788 -48.5167 0.0551 0.6977 -0.7143 0.0064 -0.0001 -0.7143 -0.6977 -0.1322
0.9983 -0.0828 0.0838 -50.8658 0.0586 0.6975 -0.7142 0.0064 -0.0001 -0.7142 -0.6975 -0.1386
0.9985 -0.0767 0.0785 -54.0489 0.0542 0.6894 -0.7224 0.0064 -0.0000 -0.7224 -0.6894 -0.1472
0.9989 -0.0672 0.0691 -57.7357 0.0476 0.6867 -0.7253 0.0064 -0.0000 -0.7253 -0.6867 -0.1573
0.9994 -0.0496 0.0510 -60.1380 0.0351 0.6859 -0.7269 0.0063 -0.0000 -0.7269 -0.6859 -0.1639
0.9994 -0.0496 0.0511 -62.9930 0.0351 0.6846 -0.7281 0.0063 -0.0000 -0.7281 -0.6846 -0.1717
0.9994 -0.0499 0.0514 -64.8343 0.0353 0.6837 -0.7289 0.0063 -0.0000 -0.7289 -0.6837 -0.1768
0.9983 0.0078 -0.0408 -67.0966 -0.0240 -0.5261 -0.8501 0.0059 -0.0527 -0.8494 0.5272 -0.2160
0.9998 -0.0076 -0.0163 -69.1387 -0.0178 -0.8886 -0.4584 0.0060 0.0014 -0.4584 0.8886 -0.2955
0.9977 -0.0188 0.0205 -71.7584 -0.0134 -0.6422 0.7665 0.0064 -0.0665 0.7670 0.6415 -0.4209
0.9993 0.0522 -0.0435 -73.9854 -0.0374 0.8127 -0.5815 0.0059 -0.0083 -0.5818 -0.8125 -0.6793
0.9925 -0.0213 -0.0008 -77.6029 0.0218 0.9996 0.0186 0.0062 -0.1203 0.0212 -0.9995 -1.2551
0.9669 -0.0023 0.0570 -79.6693 -0.0400 0.6882 0.7244 0.0059 -0.2521 0.7174 -0.6956 -2.0927
0.9245 0.0267 0.0456 -81.1144 -0.0594 0.9154 0.3981 0.0057 -0.3766 0.3776 -0.9243 -3.1346
0.9399 0.0258 -0.1034 -82.4304 -0.0607 -0.4788 -0.8758 0.0057 -0.3360 -0.8660 0.4968 -4.6609
0.9878 -0.0129 0.0271 -83.7078 -0.0137 0.0544 0.9984 0.0060 -0.1552 0.9983 -0.0565 -6.3693
0.9869 -0.0085 -0.0007 -84.2856 0.0090 0.9992 0.0401 0.0061 -0.1609 0.0416 -0.9991 -7.2209
0.9741 0.0001 0.0054 -85.2997 -0.0040 0.7298 0.6837 0.0061 -0.2262 0.6830 -0.7304 -8.9905
0.9915 0.0298 -0.0468 -85.7766 -0.0244 0.2624 -0.9647 0.0059 -0.1281 -0.9655 -0.2594 -9.9490
0.9968 0.0000 -0.0008 -86.7228 -0.0006 -0.6842 -0.7293 0.0061 -0.0805 -0.7292 0.6843 -11.8890
0.9865 0.0106 0.0017 -87.5478 -0.0117 0.9971 0.0747 0.0060 -0.1634 0.0728 -0.9973 -13.8612
0.9982 0.0176 -0.0425 -88.3273 -0.0216 -0.1709 -0.9851 0.0060 -0.0556 -0.9849 0.1721 -15.9870
0.9940 0.0252 -0.0220 -89.0286 0.0180 -0.7907 0.6119 0.0062 -0.1078 0.6104 0.7919 -18.0814
0.9960 0.0033 -0.0058 -89.5718 -0.0029 0.1362 -0.9907 0.0061 -0.0889 -0.9907 -0.1359 -20.1658
0.9973 0.0009 -0.0259 -90.0988 -0.0178 -0.6835 -0.7297 0.0060 -0.0714 -0.7288 0.6845 -22.3781
0.9868 -0.0059 0.0003 -90.4956 0.0058 0.9996 -0.0282 0.0061 -0.1618 -0.0272 -0.9996 -24.5794
0.9739 -0.0113 0.0069 -90.6043 -0.0087 -0.9158 0.4015 0.0060 -0.2268 0.4033 0.9150 -25.7025
0.9949 0.0512 -0.0114 -90.7449 -0.0461 0.9913 -0.1234 0.0058 -0.0901 -0.1275 -0.9908 -28.1043
0.9975 0.0379 -0.0148 -90.8042 -0.0315 0.9713 -0.2356 0.0059 -0.0632 -0.2376 -0.9709 -29.3521
0.9927 0.0000 0.0010 -90.8543 0.0008 -0.7365 -0.6764 0.0061 -0.1209 -0.6765 0.7364 -31.7979
0.9673 -0.0109 -0.0272 -90.6865 -0.0291 -0.8793 -0.4753 0.0059 -0.2519 -0.4689 0.8828 -34.2984
0.9917 0.0190 0.0159 -90.3082 -0.0284 0.9593 0.2811 0.0059 -0.1252 0.2777 -0.9603 -36.9341
0.9867 -0.0011 0.0056 -89.8210 0.0033 -0.5229 -0.8524 0.0061 -0.1626 -0.8527 0.5225 -39.5116
0.9894 0.0345 -0.0255 -89.1275 -0.0254 0.8622 -0.5059 0.0059 -0.1432 -0.5090 -0.8604 -42.0978
0.9936 -0.0041 0.0096 -88.3365 0.0049 -0.1422 -0.9898 0.0061 -0.1130 -0.9899 0.1416 -44.6948
0.9954 -0.0043 0.0070 -87.4377 -0.0036 -0.2199 0.9755 0.0061 -0.0961 0.9756 0.2196 -47.2092
0.9987 0.0168 -0.0376 -86.5011 0.0189 0.1084 0.9939 0.0062 -0.0463 0.9940 -0.1075 -49.6937
0.9928 -0.0378 0.0354 -85.5465 0.0269 0.7498 -0.6612 0.0062 -0.1170 -0.6588 -0.7518 -52.0269
0.9930 -0.0060 0.0294 -84.4111 -0.0172 0.5141 0.8576 0.0060 -0.1166 0.8565 -0.5158 -54.3250
0.9952 -0.0072 0.0010 -83.1898 0.0067 0.9970 -0.0767 0.0061 -0.0973 -0.0761 -0.9971 -56.6217
0.9964 -0.0023 -0.0030 -81.8835 -0.0041 -0.9327 -0.3607 0.0061 -0.0850 -0.3604 0.9328 -58.8254
0.9937 0.0116 -0.0458 -79.2265 0.0257 0.4462 0.8946 0.0062 -0.1089 0.8958 -0.4437 -63.0324
0.9960 0.0067 -0.0094 -76.1709 0.0051 -0.3896 0.9210 0.0061 -0.0891 0.9208 0.3900 -66.9666
0.9823 0.0006 -0.0111 -74.5137 -0.0076 -0.6737 -0.7389 0.0060 -0.1874 -0.7380 0.6748 -68.8076
0.8607 0.0381 0.0073 -70.1488 -0.0490 0.9956 0.0799 0.0058 -0.5067 0.0552 -0.9976 -71.9382
0.9362 0.0257 -0.0705 -67.3980 -0.0382 -0.3000 -0.9532 0.0059 -0.3495 -0.9492 0.3128 -72.9855
0.9577 -0.0022 -0.0079 -66.0009 -0.0077 -0.8486 -0.5290 0.0060 -0.2876 -0.5271 0.8498 -73.4129
0.9882 0.0249 0.0186 -63.3092 0.0359 -0.9646 -0.2611 0.0063 -0.1492 -0.2663 0.9632 -74.1469
0.9984 -0.0223 0.0255 -59.3245 -0.0159 -0.5974 0.8018 0.0060 -0.0533 0.8023 0.5968 -75.1146
0.9964 0.0198 -0.0309 -55.1716 -0.0161 0.2717 -0.9622 0.0060 -0.0837 -0.9626 -0.2704 -75.9538
0.9970 -0.0030 0.0470 -51.0512 0.0312 -0.6574 -0.7529 0.0063 -0.0708 -0.7543 0.6557 -76.6402
0.9970 0.0055 -0.0163 -48.4027 0.0086 0.3134 0.9496 0.0061 -0.0769 0.9498 -0.3128 -76.9597
0.9977 -0.0109 -0.0111 -44.4813 0.0174 0.9474 0.3196 0.0062 -0.0658 0.3207 -0.9470 -77.3506
0.9997 -0.0049 0.0019 -41.8741 0.0041 0.9734 -0.2292 0.0061 -0.0254 -0.2291 -0.9734 -77.5638
0.9996 0.0356 -0.0150 -36.7270 -0.0291 0.9658 -0.2576 0.0059 -0.0044 -0.2578 -0.9658 -77.9671
0.9973 0.0783 -0.1344 -32.4057 -0.0681 0.1630 -0.9843 0.0057 -0.0272 -0.9846 -0.1612 -78.2670
0.9954 0.0097 -0.1194 -27.5254 -0.0780 -0.6407 -0.7638 0.0056 -0.0556 -0.7610 0.6441 -78.5317
0.9962 -0.0765 -0.0063 -23.9578 -0.0797 -0.9960 -0.0391 0.0056 -0.0348 -0.0363 0.9962 -78.6652
0.9965 -0.0861 0.0127 -20.1400 -0.0800 -0.9937 0.0789 0.0056 -0.0238 0.0808 0.9935 -78.7799
0.9989 -0.0502 0.0093 -14.0032 -0.0458 -0.9938 0.1016 0.0058 -0.0087 0.1020 0.9937 -78.9435
0.9996 0.0291 -0.0055 -9.9710 0.0265 -0.9943 0.1036 0.0062 -0.0038 0.1035 0.9943 -79.0476
0.9998 0.0217 -0.0041 -6.0778 0.0198 -0.9944 0.1042 0.0062 -0.0016 0.1042 0.9944 -79.1475
0.9992 0.0431 -0.0082 -2.2647 0.0392 -0.9938 0.1044 0.0063 -0.0006 0.1043 0.9938 -79.2451
0.9970 0.0936 -0.0857 1.3204 0.0664 -0.7621 0.6441 0.0065 -0.0404 0.6420 0.7638 -79.3245
0.9976 0.0703 -0.1274 4.6675 0.0641 -0.1035 0.9926 0.0065 -0.0272 0.9924 0.1053 -79.3584
0.9988 0.0468 -0.0919 7.8492 0.0460 -0.0184 0.9988 0.0064 -0.0188 0.9988 0.0193 -79.3692
0.9999 -0.0128 0.0253 11.0595 -0.0127 -0.0106 0.9999 0.0060 -0.0089 0.9999 0.0104 -79.3717
0.9987 -0.0522 0.1035 14.4620 -0.0517 -0.0098 0.9986 0.0058 -0.0035 0.9986 0.0096 -79.3727
0.9980 -0.0630 0.1248 16.2500 -0.0624 -0.0098 0.9980 0.0057 -0.0022 0.9980 0.0097 -79.3731
0.9973 -0.0741 0.1467 20.0079 -0.0733 -0.0100 0.9973 0.0057 -0.0008 0.9973 0.0100 -79.3738
0.9971 -0.0766 0.1517 21.9786 -0.0758 -0.0101 0.9971 0.0056 -0.0005 0.9971 0.0101 -79.3741
0.9970 -0.0788 0.1560 26.1040 -0.0780 -0.0104 0.9969 0.0056 -0.0002 0.9969 0.0104 -79.3748
0.9969 -0.0793 0.1569 30.4734 -0.0785 -0.0108 0.9969 0.0056 -0.0001 0.9969 0.0108 -79.3756
0.9990 -0.0448 0.0885 35.0318 -0.0443 -0.0110 0.9990 0.0058 -0.0001 0.9990 0.0110 -79.3765
0.9995 0.0329 -0.0652 39.4739 0.0326 -0.0109 0.9994 0.0063 -0.0001 0.9994 0.0109 -79.3773
0.9975 0.0717 -0.1419 43.6418 0.0710 -0.0106 0.9974 0.0065 -0.0001 0.9974 0.0106 -79.3781
0.9992 0.0404 -0.0800 47.6236 0.0400 -0.0104 0.9991 0.0063 -0.0001 0.9991 0.0104 -79.3789
0.9989 0.0479 -0.0949 51.5100 0.0474 -0.0102 0.9988 0.0064 -0.0001 0.9988 0.0102 -79.3796
0.9976 0.0705 -0.1396 55.1623 0.0698 -0.0100 0.9975 0.0065 -0.0001 0.9975 0.0100 -79.3803
0.9962 0.0222 -0.1286 60.1466 0.0769 0.5468 0.8337 0.0065 -0.0399 0.8354 -0.5443 -79.3687
0.9963 -0.0155 0.0577 63.2611 0.0319 -0.4219 -0.9061 0.0063 -0.0796 -0.9072 0.4196 -79.2461
0.9981 0.0063 0.0404 66.3231 0.0334 -0.7955 -0.6050 0.0063 -0.0524 -0.6064 0.7945 -79.0602
0.9986 0.0130 -0.0092 69.3087 0.0096 -0.8761 0.4820 0.0061 -0.0527 0.4816 0.8764 -78.8169
0.9993 0.0374 -0.0337 72.2591 0.0266 -0.7739 0.6328 0.0062 -0.0272 0.6322 0.7743 -78.5492
0.9981 0.0398 -0.0620 75.0581 0.0322 -0.2705 0.9622 0.0063 -0.0526 0.9617 0.2721 -78.2734
0.9997 0.0076 -0.0229 77.8428 0.0121 0.3214 0.9469 0.0062 -0.0226 0.9470 -0.3211 -77.9626
0.9992 0.0226 -0.0735 80.5151 0.0394 0.3582 0.9328 0.0063 -0.0115 0.9330 -0.3578 -77.6544
0.9941 -0.0502 0.0592 83.0176 0.0361 0.5707 -0.8204 0.0063 -0.1024 -0.8182 -0.5737 -77.3056
0.9991 -0.0020 0.0174 85.5070 0.0110 -0.6081 -0.7938 0.0062 -0.0408 -0.7941 0.6078 -76.8815
0.9982 0.0110 0.0098 87.9249 0.0166 -0.9559 -0.2933 0.0062 -0.0568 -0.2943 0.9556 -76.4415
0.9976 0.0001 0.0330 90.3826 -0.0235 0.7093 0.7045 0.0060 -0.0650 0.7034 -0.7104 -75.8913
0.9976 -0.0043 0.0007 92.8721 0.0040 0.9963 -0.0855 0.0061 -0.0696 -0.0853 -0.9963 -75.2864
0.9926 0.0235 0.0026 96.5212 -0.0251 0.9983 0.0530 0.0059 -0.1188 0.0500 -0.9984 -74.1128
0.9901 0.0037 0.0065 100.1573 0.0078 -0.9062 -0.4228 0.0061 -0.1398 -0.4238 0.9057 -72.6899
0.9628 -0.0245 0.0008 102.5023 -0.0251 -0.9996 0.0156 0.0059 -0.2690 0.0223 0.9995 -71.4890
0.8986 0.0129 -0.0700 104.7675 -0.0455 -0.5852 -0.8096 0.0058 -0.4364 -0.7980 0.6013 -69.8509
0.9568 -0.0110 -0.0367 106.9012 -0.0363 -0.8554 -0.5166 0.0059 -0.2884 -0.5077 0.8609 -67.7969
0.9622 0.0000 -0.0040 108.8318 0.0030 0.7181 0.6959 0.0061 -0.2724 0.6965 -0.7176 -65.6061
0.9770 -0.0297 0.0402 110.5849 -0.0225 -0.4279 0.9035 0.0060 -0.2121 0.9056 0.4236 -63.2219
0.9932 0.0062 -0.0194 112.2573 0.0103 0.3415 0.9398 0.0062 -0.1159 0.9402 -0.3404 -60.7499
0.9967 -0.0237 -0.0050 113.7881 0.0265 0.9951 0.0948 0.0062 -0.0772 0.0968 -0.9950 -58.3537
0.9993 -0.0109 0.0012 115.2901 0.0103 0.9982 -0.0586 0.0062 -0.0347 -0.0582 -0.9983 -55.9501
0.9930 -0.0014 0.0304 116.6899 0.0207 -0.6748 -0.7378 0.0062 -0.1162 -0.7394 0.6730 -53.5842
0.9625 -0.0147 -0.0068 117.8990 -0.0191 -0.9835 -0.1797 0.0060 -0.2705 -0.1746 0.9845 -51.0734
0.9869 0.0314 -0.0220 118.9466 -0.0234 0.8816 -0.4714 0.0060 -0.1599 -0.4747 -0.8798 -48.3380
0.9914 -0.0278 0.0469 119.8706 0.0239 0.1778 -0.9838 0.0062 -0.1284 -0.9832 -0.1809 -45.6393
0.9944 0.0033 -0.0043 120.6442 0.0025 -0.4766 0.8791 0.0061 -0.1053 0.8790 0.4768 -42.9762
0.9956 -0.0054 0.0227 121.3809 -0.0129 0.4651 0.8852 0.0060 -0.0932 0.8846 -0.4661 -40.2007
0.9779 -0.0235 0.0149 121.9660 -0.0180 -0.9087 0.4170 0.0060 -0.2084 0.4204 0.9072 -37.3645
0.9927 0.0183 0.0001 122.3986 -0.0184 0.9998 0.0020 0.0060 -0.1192 -0.0002 -0.9998 -34.3919
0.9957 -0.0116 0.0183 122.7223 0.0095 0.2634 -0.9646 0.0061 -0.0917 -0.9644 -0.2643 -31.4666
0.9990 -0.0046 0.0084 123.0053 0.0042 0.0849 -0.9964 0.0061 -0.0439 -0.9964 -0.0851 -28.5346
0.9997 -0.0195 0.0363 123.2694 0.0182 0.0708 -0.9973 0.0062 -0.0183 -0.9973 -0.0712 -25.6855
0.9997 0.0270 -0.0504 123.5363 -0.0253 0.0699 -0.9972 0.0059 -0.0068 -0.9972 -0.0697 -22.7823
0.9974 0.0186 -0.0969 123.8083 -0.0570 -0.5243 -0.8496 0.0058 -0.0440 -0.8483 0.5265 -19.6762
0.9974 -0.0486 -0.0331 124.0585 -0.0672 -0.9670 -0.2456 0.0057 -0.0262 -0.2439 0.9675 -16.3338
0.9998 -0.0071 -0.0028 124.2931 -0.0086 -0.9865 -0.1634 0.0060 -0.0180 -0.1632 0.9866 -12.9229
0.9992 -0.0037 0.0046 124.4778 -0.0027 -0.5212 0.8534 0.0061 -0.0390 0.8535 0.5211 -9.5728
0.9994 0.0292 -0.0442 124.6301 0.0232 -0.3072 0.9514 0.0062 -0.0257 0.9512 0.3078 -6.2625
0.9984 0.0025 -0.0076 124.7523 0.0040 0.3290 0.9443 0.0061 -0.0557 0.9444 -0.3288 -3.0272
0.9995 0.0029 0.0066 124.8319 -0.0070 0.8829 0.4695 0.0060 -0.0313 0.4694 -0.8830 0.2909
0.9991 -0.0190 -0.0293 124.8897 0.0367 0.9161 0.3992 0.0063 -0.0189 0.3998 -0.9158 3.5002
0.9991 -0.0216 -0.0317 124.9373 0.0407 0.9199 0.3900 0.0063 -0.0089 0.3903 -0.9198 6.5219
0.9999 0.0078 0.0114 124.9836 -0.0146 0.9209 0.3895 0.0060 -0.0035 0.3894 -0.9209 9.5699
0.9988 0.0257 0.0376 125.0325 -0.0483 0.9199 0.3892 0.0058 -0.0013 0.3891 -0.9199 12.8083
1.0000 -0.0003 -0.0005 125.0822 0.0006 0.9210 0.3896 0.0061 -0.0005 0.3896 -0.9210 16.1010
0.9991 -0.0231 -0.0338 125.1293 0.0434 0.9202 0.3891 0.0063 -0.0002 0.3891 -0.9202 19.2171
0.9999 -0.0064 -0.0094 125.1747 0.0121 0.9210 0.3894 0.0062 -0.0001 0.3894 -0.9210 22.2277
0.9995 0.0175 0.0257 125.2221 -0.0330 0.9205 0.3894 0.0059 -0.0001 0.3894 -0.9205 25.3696
1.0000 -0.0020 -0.0029 125.2702 0.0038 0.9210 0.3896 0.0061 -0.0001 0.3896 -0.9210 28.5558
0.9997 0.0140 0.0205 125.3418 -0.0263 0.9206 0.3895 0.0059 -0.0001 0.3895 -0.9206 33.3017
0.9997 0.0126 0.0186 125.3921 -0.0238 0.9207 0.3897 0.0059 -0.0001 0.3897 -0.9207 36.6326
0.9996 -0.0147 -0.0216 125.4410 0.0278 0.9206 0.3895 0.0063 -0.0001 0.3895 -0.9206 39.8698
0.9996 -0.0198 0.0219 125.4470 0.0141 0.6278 -0.7782 0.0062 -0.0228 -0.7780 -0.6281 44.5699
0.9987 -0.0029 0.0057 125.4018 0.0029 -0.0017 -1.0000 0.0061 -0.0513 -1.0000 0.0016 49.1277
0.9995 0.0007 -0.0329 125.2731 -0.0228 -0.6913 -0.7222 0.0060 -0.0217 -0.7219 0.6917 53.9111
0.9996 0.0001 0.0378 125.1234 0.0268 -0.7081 -0.7056 0.0062 -0.0074 -0.7057 0.7080 58.5613
1.0000 -0.0000 -0.0105 124.9696 -0.0074 -0.7088 -0.7054 0.0060 -0.0018 -0.7054 0.7088 63.2186
0.9988 0.0002 0.0688 124.8220 0.0488 -0.7082 -0.7044 0.0064 -0.0004 -0.7044 0.7081 67.6824
0.9977 -0.0054 -0.0204 124.5599 0.0187 0.8371 0.5468 0.0062 -0.0657 0.5478 -0.8364 71.7767
0.9989 -0.0301 -0.0173 124.1913 0.0397 0.9751 0.2183 0.0063 -0.0249 0.2192 -0.9749 75.7340
0.9981 0.0055 0.0029 123.7138 0.0071 -0.9792 -0.2026 0.0061 -0.0612 -0.2030 0.9791 79.3914
0.9998 0.0093 -0.0015 123.1260 0.0086 -0.9964 0.0846 0.0061 -0.0189 0.0845 0.9964 83.1610
0.9951 0.0089 -0.0501 122.5158 0.0299 0.5438 0.8387 0.0063 -0.0940 0.8402 -0.5415 86.6640
0.9873 0.0375 -0.0729 121.4772 -0.0367 0.0239 -0.9990 0.0059 -0.1543 -0.9992 -0.0182 90.1451
0.9971 0.0001 -0.0010 120.6110 -0.0007 -0.6532 -0.7571 0.0061 -0.0764 -0.7571 0.6533 92.5248
0.9678 -0.0244 0.0431 118.5909 -0.0221 -0.1145 0.9932 0.0060 -0.2506 0.9938 0.1091 96.9649
0.9834 0.0298 -0.0651 116.2610 -0.0330 -0.0942 -0.9950 0.0059 -0.1785 -0.9944 0.1001 100.2328
0.9954 -0.0089 0.0322 114.6023 0.0177 -0.4107 -0.9116 0.0062 -0.0944 -0.9123 0.4092 102.3098
0.9987 -0.0204 -0.0024 112.0852 -0.0217 -0.9982 -0.0555 0.0060 -0.0464 -0.0545 0.9983 105.3429
0.9983 0.0363 -0.0319 109.5018 0.0258 -0.7856 0.6181 0.0062 -0.0521 0.6171 0.7865 108.3633
0.9992 0.0461 -0.0663 107.8543 0.0356 -0.3638 0.9308 0.0063 -0.0194 0.9305 0.3644 110.2320
0.9980 0.0363 -0.0899 106.2972 0.0458 0.1905 0.9806 0.0064 -0.0440 0.9810 -0.1885 111.9716
0.9987 -0.0099 0.0125 104.7239 0.0072 0.5026 -0.8645 0.0061 -0.0509 -0.8643 -0.5029 113.5993
0.9997 0.0169 -0.0260 103.0543 -0.0136 0.2863 -0.9580 0.0060 -0.0221 -0.9581 -0.2860 115.2912
0.9865 0.0056 0.0061 100.4747 -0.0093 0.9443 0.3288 0.0060 -0.1638 0.3274 -0.9448 117.6832
0.9479 0.0175 -0.0715 98.4386 -0.0419 -0.4816 -0.8754 0.0058 -0.3158 -0.8690 0.4932 119.1119
0.9489 0.0663 -0.0303 96.0243 -0.0556 0.9587 -0.2788 0.0058 -0.3106 -0.2954 -0.9539 120.2724
0.9832 0.0032 -0.0133 93.4529 -0.0076 -0.4664 -0.8845 0.0060 -0.1825 -0.8839 0.4676 121.2712
0.9826 0.0237 -0.0348 90.9494 0.0186 -0.3332 0.9427 0.0062 -0.1848 0.9415 0.3364 122.0990
0.9956 0.0137 -0.0027 87.0474 -0.0125 0.9941 -0.1082 0.0060 -0.0925 -0.1094 -0.9939 123.2074
0.9912 0.0016 -0.0003 83.1191 -0.0015 0.9961 -0.0884 0.0061 -0.1321 -0.0886 -0.9961 124.0037
0.9941 -0.0220 0.0325 80.4967 0.0173 0.3350 -0.9421 0.0062 -0.1067 -0.9414 -0.3368 124.3931
0.9958 -0.0001 0.0001 77.9091 -0.0001 -0.6740 0.7387 0.0061 -0.0911 0.7387 0.6740 124.6525
0.9989 0.0227 -0.0312 75.3285 0.0171 -0.4143 0.9100 0.0062 -0.0429 0.9097 0.4149 124.8693
0.9998 -0.0076 0.0106 72.7852 -0.0058 -0.4028 0.9153 0.0061 -0.0179 0.9153 0.4027 125.0709
0.9989 -0.0626 0.0869 70.0790 -0.0475 -0.4026 0.9142 0.0058 -0.0066 0.9143 0.4023 125.2835
0.9977 -0.0903 0.1253 67.1389 -0.0685 -0.4022 0.9130 0.0057 -0.0023 0.9130 0.4021 125.5141
0.9966 -0.0008 0.1088 63.9498 -0.0764 0.6999 0.7101 0.0056 -0.0297 0.7085 -0.7015 125.7264
0.9987 0.0159 0.0477 60.5612 -0.0464 0.8565 0.5141 0.0058 -0.0222 0.5132 -0.8570 125.9234
0.9999 -0.0008 -0.0022 57.2250 0.0022 0.8712 0.4909 0.0061 -0.0125 0.4909 -0.8712 126.1036
0.9990 0.0382 -0.0349 53.8469 -0.0271 0.7643 -0.6443 0.0059 -0.0362 -0.6450 -0.7637 126.2436
0.9981 0.0780 -0.0928 50.2757 -0.0561 0.5616 -0.8255 0.0058 -0.0257 -0.8263 -0.5604 126.3590
0.9963 0.0057 -0.1043 46.4728 -0.0699 -0.6636 -0.7448 0.0057 -0.0493 -0.7425 0.6662 126.4244
0.9967 0.0973 -0.0891 44.4849 -0.0691 0.7623 -0.6435 0.0057 -0.0436 -0.6458 -0.7604 126.4403
0.9983 0.0598 -0.0608 42.4807 -0.0423 0.6951 -0.7176 0.0058 -0.0389 -0.7188 -0.6940 126.4468
0.9994 -0.0374 0.0403 38.5888 0.0265 0.6515 -0.7581 0.0062 -0.0235 -0.7577 -0.6520 126.4439
0.9993 -0.0453 0.0491 36.7075 0.0321 0.6451 -0.7634 0.0063 -0.0169 -0.7631 -0.6455 126.4386
0.9997 -0.0302 0.0329 32.9643 0.0215 0.6422 -0.7663 0.0062 -0.0076 -0.7662 -0.6423 126.4251
0.9993 -0.0526 0.0573 31.1431 0.0374 0.6414 -0.7663 0.0063 -0.0048 -0.7662 -0.6415 126.4180
0.9986 -0.0745 0.0812 29.3794 0.0529 0.6406 -0.7660 0.0064 -0.0030 -0.7659 -0.6407 126.4110
0.9979 -0.0902 0.0983 27.6782 0.0641 0.6400 -0.7657 0.0065 -0.0019 -0.7656 -0.6401 126.4041
0.9975 -0.0996 0.1085 26.0407 0.0707 0.6395 -0.7655 0.0065 -0.0012 -0.7655 -0.6396 126.3975
0.9974 -0.1008 0.1099 24.4639 0.0716 0.6394 -0.7656 0.0065 -0.0008 -0.7655 -0.6394 126.3911
0.9984 -0.0784 0.0855 22.9234 0.0557 0.6399 -0.7664 0.0064 -0.0005 -0.7664 -0.6399 126.3848
0.9997 -0.0333 0.0363 21.3754 0.0236 0.6407 -0.7674 0.0062 -0.0003 -0.7674 -0.6407 126.3785
1.0000 0.0117 -0.0127 19.7914 -0.0083 0.6409 -0.7676 0.0060 -0.0002 -0.7676 -0.6409 126.3721
0.9987 0.0708 -0.0771 16.4688 -0.0503 0.6403 -0.7665 0.0058 -0.0001 -0.7665 -0.6403 126.3585
0.9994 0.0503 -0.0548 12.9649 -0.0357 0.6408 -0.7669 0.0059 -0.0001 -0.7669 -0.6408 126.3443
0.9996 -0.0384 0.0418 9.5531 0.0272 0.6409 -0.7671 0.0062 -0.0001 -0.7671 -0.6409 126.3304
0.9984 -0.0803 0.0875 6.3640 0.0570 0.6400 -0.7663 0.0064 -0.0001 -0.7663 -0.6400 126.3174
0.9998 -0.0255 0.0278 3.2935 0.0181 0.6408 -0.7675 0.0062 -0.0001 -0.7675 -0.6408 126.3049
1.0000 0.0036 -0.0039 0.1449 -0.0025 0.6410 -0.7676 0.0061 -0.0001 -0.7676 -0.6410 126.2921
0.9993 -0.0514 0.0561 -2.8991 0.0365 0.6404 -0.7671 0.0063 -0.0001 -0.7671 -0.6404 126.2797
0.9993 -0.0541 0.0589 -5.7649 0.0384 0.6403 -0.7672 0.0063 -0.0001 -0.7672 -0.6403 126.2680
0.9999 0.0237 -0.0259 -8.6659 -0.0168 0.6407 -0.7676 0.0060 -0.0001 -0.7676 -0.6407 126.2562
0.9998 0.0307 -0.0335 -11.7137 -0.0218 0.6408 -0.7674 0.0060 -0.0001 -0.7674 -0.6408 126.2437
0.9996 -0.0397 0.0433 -14.6747 0.0282 0.6406 -0.7674 0.0063 -0.0001 -0.7674 -0.6406 126.2316
0.9985 -0.0761 0.0830 -17.4344 0.0540 0.6398 -0.7667 0.0064 -0.0001 -0.7667 -0.6398 126.2204
0.9991 -0.0587 0.0641 -20.0146 0.0417 0.6400 -0.7672 0.0063 -0.0001 -0.7672 -0.6400 126.2099
0.9997 0.0075 -0.0244 -22.6361 -0.0131 -0.3602 -0.9328 0.0060 -0.0226 -0.9327 0.3605 126.1649
0.9995 -0.0113 0.0512 -26.5607 0.0294 -0.4889 -0.8719 0.0063 -0.0084 -0.8720 0.4887 126.0729
0.9993 0.0280 0.0045 -28.9940 0.0303 -0.9968 -0.0744 0.0063 -0.0231 -0.0751 0.9967 125.9807
0.9999 0.0059 -0.0004 -31.4332 0.0057 -0.9994 0.0346 0.0061 -0.0102 0.0346 0.9994 125.8765
0.9947 -0.0034 0.0252 -33.8925 -0.0157 0.5911 0.8065 0.0060 -0.1015 0.8055 -0.5924 125.7111
0.9989 0.0271 -0.0157 -36.4708 -0.0208 0.9260 -0.3770 0.0060 -0.0422 -0.3778 -0.9257 125.4598
0.9973 -0.0153 0.0116 -40.2649 -0.0111 -0.8536 0.5209 0.0060 -0.0722 0.5216 0.8531 124.9371
0.9992 -0.0244 0.0262 -42.8922 -0.0173 -0.6535 0.7567 0.0060 -0.0351 0.7571 0.6531 124.5042
0.9995 -0.0033 0.0104 -46.7591 -0.0055 0.3387 0.9409 0.0061 -0.0315 0.9408 -0.3389 123.8144
0.9984 -0.0108 -0.0309 -50.5395 0.0305 0.8619 0.5061 0.0063 -0.0468 0.5074 -0.8612 123.0853
0.9992 -0.0006 0.0103 -54.1371 0.0069 -0.6642 -0.7476 0.0061 -0.0399 -0.7477 0.6640 122.2233
0.9846 0.0045 -0.0047 -57.6088 -0.0032 0.6745 -0.7382 0.0061 -0.1746 -0.7386 -0.6741 121.1909
0.9963 -0.0362 -0.0121 -60.0156 -0.0428 -0.9891 -0.1411 0.0058 -0.0745 -0.1380 0.9895 120.2941
0.9924 0.0007 -0.0047 -63.6540 0.0029 0.5788 0.8155 0.0061 -0.1230 0.8157 -0.5785 118.8218
0.9806 0.0010 -0.0631 -67.1938 -0.0448 -0.7020 -0.7108 0.0058 -0.1906 -0.7048 0.7081 116.8655
0.9968 -0.0057 0.0029 -70.8433 -0.0045 -0.9468 0.3217 0.0061 -0.0797 0.3220 0.9467 114.4655
0.9796 -0.0003 0.0049 -74.1993 0.0033 -0.6732 -0.7395 0.0061 -0.2010 -0.7399 0.6727 111.9866
0.9943 -0.0086 0.0197 -76.3689 -0.0099 0.1249 0.9921 0.0060 -0.1058 0.9920 -0.1260 110.1255
0.9951 -0.0042 -0.0360 -78.4292 0.0287 0.7772 0.6286 0.0063 -0.0948 0.6308 -0.7755 108.2724
0.9799 0.0077 -0.0066 -80.3238 0.0056 -0.7996 0.6005 0.0061 -0.1996 0.5996 0.8003 106.3627
0.9325 0.0427 -0.0325 -82.0480 -0.0325 0.8554 -0.5169 0.0059 -0.3597 -0.5269 -0.8494 104.1475
0.9735 0.0106 0.0298 -83.5979 -0.0304 0.8676 0.4963 0.0059 -0.2265 0.4903 -0.8710 101.6175
0.9725 -0.0011 0.0084 -84.9542 0.0053 -0.6027 -0.7980 0.0061 -0.2330 -0.7987 0.6017 99.0306
0.9807 0.0302 -0.0358 -86.1068 -0.0219 0.5663 -0.8239 0.0060 -0.1941 -0.8263 -0.5628 96.3044
0.9890 -0.0002 0.0119 -87.1523 0.0084 -0.6987 -0.7153 0.0061 -0.1479 -0.7162 0.6979 93.5069
0.9719 0.0022 -0.0021 -88.0014 -0.0016 0.7384 -0.6743 0.0061 -0.2352 -0.6746 -0.7382 90.7054
0.9913 -0.0137 0.0068 -88.6985 -0.0110 -0.9510 0.3090 0.0060 -0.1311 0.3103 0.9506 87.7704
0.9927 -0.0013 0.0014 -89.4812 0.0009 0.6172 -0.7868 0.0061 -0.1205 -0.7867 -0.6173 83.4169
0.9978 -0.0247 0.0397 -89.8937 0.0204 0.2351 -0.9718 0.0062 -0.0636 -0.9714 -0.2364 80.5328
0.9910 0.0002 -0.0001 -90.2152 0.0001 -0.8604 0.5097 0.0061 -0.1335 0.5097 0.8604 77.6959
0.9976 -0.0038 0.0188 -90.4469 -0.0110 0.5126 0.8586 0.0060 -0.0679 0.8582 -0.5132 74.7555
0.9967 -0.0183 -0.0188 -90.6254 0.0293 0.9466 0.3211 0.0063 -0.0754 0.3232 -0.9459 71.9025
0.9994 -0.0097 0.0042 -90.7553 0.0079 0.9651 -0.2616 0.0061 -0.0327 -0.2614 -0.9652 69.1287
0.9996 -0.0304 0.0144 -90.8727 0.0243 0.9549 -0.2961 0.0062 -0.0151 -0.2957 -0.9550 66.3809
0.9992 -0.0349 0.0556 -90.9488 0.0287 0.2483 -0.9682 0.0063 -0.0275 -0.9681 -0.2491 63.7710
0.9999 -0.0099 0.0174 -91.0101 0.0088 0.1291 -0.9916 0.0061 -0.0132 -0.9916 -0.1292 61.1590
0.9994 -0.0395 0.0704 -91.0649 0.0355 0.1203 -0.9921 0.0063 -0.0056 -0.9921 -0.1205 58.6475
0.9988 -0.0550 0.0983 -91.1153 0.0495 0.1176 -0.9918 0.0064 -0.0021 -0.9918 -0.1177 56.3109
0.9991 -0.0464 0.0832 -91.1622 0.0419 0.1156 -0.9924 0.0063 -0.0008 -0.9924 -0.1157 54.1304
0.9987 -0.0224 0.0748 -91.1961 0.0403 -0.3716 -0.9275 0.0063 -0.0325 -0.9280 0.3704 52.0665
0.9994 0.0019 0.0459 -91.2085 0.0338 -0.7339 -0.6784 0.0063 -0.0078 -0.6786 0.7337 50.1060
0.9993 0.0033 0.0503 -91.2181 0.0380 -0.7488 -0.6617 0.0063 -0.0036 -0.6618 0.7487 48.2670
1.0000 0.0007 0.0104 -91.2266 0.0078 -0.7497 -0.6618 0.0061 -0.0015 -0.6618 0.7497 46.4837
0.9999 0.0010 0.0153 -91.2351 0.0116 -0.7501 -0.6612 0.0062 -0.0005 -0.6612 0.7501 44.6910
0.9997 0.0023 0.0335 -91.2470 0.0254 -0.7507 -0.6602 0.0062 -0.0001 -0.6602 0.7507 42.1808
0.9996 0.0027 0.0393 -91.2544 0.0298 -0.7512 -0.6594 0.0063 -0.0001 -0.6594 0.7512 40.6200
0.9997 0.0023 0.0328 -91.2645 0.0248 -0.7512 -0.6596 0.0062 -0.0000 -0.6596 0.7512 38.4798
1.0000 0.0007 0.0098 -91.2745 0.0074 -0.7520 -0.6591 0.0061 -0.0001 -0.6591 0.7520 36.3593
1.0000 -0.0003 -0.0044 -91.2843 -0.0034 -0.7513 -0.6599 0.0061 -0.0001 -0.6599 0.7513 34.3119
1.0000 0.0001 0.0010 -91.2941 0.0008 -0.7507 -0.6607 0.0061 -0.0001 -0.6607 0.7507 32.2323
0.9996 -0.0026 -0.0394 -91.3048 -0.0298 -0.7498 -0.6610 0.0059 -0.0001 -0.6610 0.7498 29.9833
0.9985 -0.0549 0.0021 -91.2930 -0.0539 -0.9984 0.0193 0.0058 -0.0103 0.0199 0.9983 27.4739
0.9998 -0.0218 0.0032 -91.2663 -0.0202 -0.9966 0.0797 0.0060 -0.0014 0.0797 0.9966 24.5738
0.9993 -0.0400 0.0057 -91.2385 -0.0373 -0.9964 0.0765 0.0059 -0.0004 0.0765 0.9964 21.5934
1.0000 -0.0025 0.0004 -91.2095 -0.0023 -0.9969 0.0781 0.0061 -0.0001 0.0781 0.9969 18.4754
0.9984 -0.0608 0.0078 -91.1786 -0.0570 -0.9960 0.0684 0.0058 -0.0001 0.0684 0.9960 15.1575
0.9999 -0.0116 0.0016 -91.1442 -0.0109 -0.9974 0.0718 0.0060 -0.0001 0.0718 0.9974 11.4634
1.0000 -0.0063 0.0008 -91.1111 -0.0059 -0.9975 0.0701 0.0061 -0.0001 0.0701 0.9975 7.9085
1.0000 0.0044 -0.0006 -91.0767 0.0041 -0.9972 0.0742 0.0061 -0.0001 0.0742 0.9972 4.2064
0.9990 0.0473 -0.0067 -91.0448 0.0440 -0.9961 0.0762 0.0063 -0.0000 0.0762 0.9961 0.7727
0.9999 0.0162 -0.0205 -90.9724 0.0119 -0.5012 0.8652 0.0062 -0.0088 0.8652 0.5013 -2.3775
0.9999 0.0183 -0.0222 -90.8932 0.0132 -0.5455 0.8380 0.0061 -0.0053 0.8379 0.5456 -5.4861
0.9999 0.0139 -0.0164 -90.8148 0.0100 -0.5674 0.8234 0.0061 -0.0019 0.8234 0.5674 -8.5987
1.0000 -0.0045 0.0054 -90.7403 -0.0033 -0.5676 0.8233 0.0061 -0.0004 0.8233 0.5676 -11.5780
1.0000 -0.0010 0.0012 -90.6617 -0.0007 -0.5677 0.8232 0.0061 -0.0001 0.8232 0.5677 -14.7230
0.9994 0.0485 -0.0574 -90.5884 0.0348 -0.5672 0.8228 0.0063 -0.0001 0.8228 0.5672 -17.6590
0.9998 -0.0145 0.0390 -90.4790 -0.0201 0.2484 0.9684 0.0060 -0.0058 0.9684 -0.2485 -20.5037
0.9999 0.0094 -0.0257 -90.3613 0.0133 0.2624 0.9649 0.0062 -0.0016 0.9649 -0.2624 -23.4454
1.0000 0.0009 0.0016 -90.2073 -0.0019 0.9104 0.4137 0.0061 -0.0067 0.4137 -0.9104 -26.3139
0.9994 -0.0169 0.0019 -90.0429 0.0161 0.9982 -0.0579 0.0062 -0.0319 -0.0574 -0.9982 -29.0921
0.9992 -0.0194 -0.0094 -89.5066 -0.0246 -0.9814 -0.1905 0.0059 -0.0308 -0.1897 0.9815 -35.4275
0.9976 0.0027 0.0043 -86.9693 0.0053 -0.9144 -0.4049 0.0061 -0.0688 -0.4052 0.9142 -51.0819
0.9999 -0.0113 0.0007 -85.7199 0.0110 0.9994 -0.0328 0.0062 -0.0092 -0.0327 -0.9994 -55.4272
0.9899 -0.0292 -0.0087 -84.6196 0.0341 0.9912 0.1278 0.0063 -0.1375 0.1324 -0.9906 -58.4926
0.9724 0.0579 -0.0278 -83.0638 0.0472 -0.9532 0.2987 0.0064 -0.2285 0.2884 0.9564 -60.7906
0.9990 -0.0073 0.0078 -81.6064 0.0052 0.6592 -0.7519 0.0061 -0.0451 -0.7518 -0.6594 -62.0319
0.9999 -0.0054 -0.0160 -80.0270 -0.0155 -0.8580 -0.5134 0.0060 -0.0026 -0.5133 0.8580 -63.3348
0.9979 0.0080 -0.0015 -75.8966 -0.0073 0.9950 -0.0993 0.0060 -0.0637 -0.0998 -0.9950 -66.5156
0.9978 0.0001 0.0005 -73.2578 0.0004 -0.7822 -0.6231 0.0061 -0.0664 -0.6231 0.7822 -68.3294
0.9995 0.0013 -0.0010 -71.1935 0.0009 -0.8461 0.5330 0.0061 -0.0329 0.5330 0.8461 -69.6497
1.0000 0.0012 0.0087 -69.0660 -0.0070 0.7873 0.6165 0.0061 -0.0032 0.6165 -0.7874 -70.9036
0.9984 -0.0158 0.0365 -66.8893 0.0184 -0.1333 -0.9909 0.0069 -0.0540 -0.9910 0.1323 -72.0962
0.9974 0.0223 -0.0114 -64.6709 0.0176 -0.9464 0.3224 0.0062 -0.0695 0.3212 0.9468 -73.2327
0.9976 -0.0099 -0.0422 -62.0078 0.0376 0.8265 0.5616 0.0063 -0.0573 0.5634 -0.8253 -74.4674
0.9995 -0.0362 0.0427 -58.7203 0.0260 0.5715 -0.8202 0.0062 -0.0195 -0.8199 -0.5719 -75.8553
0.9991 0.0146 -0.0066 -56.1812 0.0117 -0.9600 0.2797 0.0062 -0.0401 0.2792 0.9602 -76.8017
0.9998 -0.0242 0.0325 -54.7440 0.0181 0.4393 -0.8982 0.0059 -0.0071 -0.8981 -0.4394 -77.1878
0.9999 -0.0055 -0.0174 -52.9444 -0.0167 -0.8527 -0.5222 0.0059 0.0032 -0.5222 0.8526 -77.6553
0.9978 -0.0071 0.0273 -50.9619 -0.0152 0.4350 0.9003 0.0061 -0.0645 0.8999 -0.4359 -78.0932
0.9993 0.0271 0.0131 -49.1565 -0.0343 0.9811 0.1904 0.0059 -0.0148 0.1899 -0.9812 -78.4370
0.9999 -0.0169 0.0063 -46.5927 -0.0141 -0.9744 0.2246 0.0060 -0.0013 0.2246 0.9744 -78.7844
0.9999 -0.0020 0.0189 -43.9258 -0.0121 0.6203 0.7842 0.0060 -0.0022 0.7842 -0.6204 -79.0539
0.9999 0.0062 0.0053 -41.2636 -0.0093 0.9578 0.2871 0.0060 -0.0058 0.2871 -0.9579 -79.2981
0.9988 0.0347 0.0248 -38.0373 -0.0487 0.9659 0.2542 0.0058 -0.0001 0.2542 -0.9659 -79.5791
0.9998 0.0009 -0.0201 -34.5048 -0.0136 -0.6744 -0.7382 0.0060 -0.0132 -0.7381 0.6746 -79.7642
0.9957 -0.0308 0.0800 -30.9285 -0.0411 0.2260 0.9733 0.0065 0.0834 0.9740 -0.2227 -79.7907
0.9986 -0.0552 0.1057 -27.4868 0.0529 0.0438 -0.9976 0.0072 0.0063 -0.9977 -0.0435 -79.6585
0.9994 -0.0344 0.0703 -24.4538 0.0351 -0.0200 -0.9992 0.0063 -0.0052 -0.9992 0.0198 -79.4950
0.9998 0.0190 -0.0389 -21.5237 -0.0194 -0.0201 -0.9996 0.0060 -0.0007 -0.9996 0.0201 -79.3331
0.9999 0.0100 -0.0205 -18.5161 -0.0102 -0.0201 -0.9997 0.0060 -0.0001 -0.9997 0.0201 -79.1670
0.9965 0.0822 -0.1677 -14.8825 -0.0839 -0.0197 -0.9963 0.0056 -0.0001 -0.9963 0.0197 -78.9663
0.9997 -0.0221 0.0451 -9.4989 0.0225 -0.0198 -0.9996 0.0062 -0.0001 -0.9996 0.0198 -78.6690
0.9997 -0.0241 0.0492 -4.4551 0.0246 -0.0198 -0.9995 0.0062 -0.0001 -0.9995 0.0198 -78.3904
1.0000 -0.0086 0.0175 -0.0155 0.0088 -0.0200 -0.9998 0.0061 -0.0001 -0.9998 0.0200 -78.1452
0.9993 -0.0356 0.0726 4.8589 0.0363 -0.0202 -0.9991 0.0063 -0.0001 -0.9991 0.0202 -77.8759
0.9994 -0.0342 0.0698 9.1946 0.0349 -0.0204 -0.9992 0.0063 -0.0001 -0.9992 0.0204 -77.6364
0.9998 0.0257 -0.0350 12.7602 -0.0193 0.4237 -0.9056 0.0061 -0.0002 -0.9056 -0.4237 -77.4719
0.9991 0.0549 -0.0749 15.6224 -0.0413 0.4236 -0.9049 0.0059 -0.0001 -0.9049 -0.4236 -77.3367
0.9958 0.1211 -0.1649 19.8374 -0.0910 0.4226 -0.9017 0.0056 -0.0001 -0.9017 -0.4226 -77.1376
0.9995 -0.0417 0.0569 24.7067 0.0314 0.4240 -0.9051 0.0063 -0.0001 -0.9051 -0.4240 -76.9077
0.9998 -0.0151 0.0343 29.1580 -0.0173 0.1173 0.9929 0.0060 0.0131 0.9930 -0.1171 -76.8243
0.9994 0.0319 -0.0695 33.4685 0.0349 0.0826 0.9960 0.0063 0.0011 0.9960 -0.0826 -76.8169
1.0000 0.0047 -0.0102 37.4241 0.0051 0.0827 0.9966 0.0061 0.0000 0.9966 -0.0827 -76.8112
1.0000 0.0062 -0.0136 41.6644 0.0068 0.0826 0.9966 0.0061 -0.0001 0.9966 -0.0826 -76.8051
1.0000 -0.0055 0.0119 46.0601 -0.0060 0.0825 0.9966 0.0061 -0.0001 0.9966 -0.0825 -76.7987
1.0000 0.0062 -0.0136 50.4664 0.0068 0.0825 0.9966 0.0061 -0.0001 0.9966 -0.0825 -76.7924
