0.9926 -0.0203 0.0530 -27.0835 0.0273 -0.2316 -0.9724 0.0063 0.1186 -0.9717 0.2348 -50.0419
0.9981 -0.0099 0.0120 -27.9967 0.0072 0.5486 -0.8361 0.0061 0.0611 -0.8363 -0.5482 -50.3590
0.9994 -0.0052 0.0054 -28.9158 0.0037 0.6768 -0.7361 0.0061 0.0343 -0.7362 -0.6767 -50.6784
0.9986 -0.0140 0.0069 -29.8236 0.0111 0.9503 -0.3111 0.0062 0.0525 -0.3116 -0.9501 -50.9815
0.9960 0.0029 -0.0157 -30.7295 0.0093 0.5375 0.8432 0.0061 0.0884 0.8428 -0.5382 -51.2568
0.9991 -0.0062 0.0100 -31.6542 -0.0052 -0.2351 0.9720 0.0061 0.0419 0.9719 0.2353 -51.5273
0.9985 -0.0056 0.0050 -32.5892 -0.0040 -0.7733 0.6340 0.0061 0.0540 0.6339 0.7734 -51.7909
0.9960 0.0012 0.0087 -33.5156 0.0071 -0.7891 -0.6142 0.0061 0.0892 -0.6137 0.7895 -52.0247
0.9911 -0.0096 0.0043 -34.4399 0.0078 0.9613 -0.2753 0.0061 0.1331 -0.2763 -0.9610 -52.2171
0.9978 -0.0023 0.0105 -35.3844 -0.0060 0.4898 0.8718 0.0061 0.0665 0.8720 -0.4894 -52.3961
0.9977 -0.0079 0.0126 -36.3407 -0.0065 -0.2432 0.9699 0.0061 0.0676 0.9698 0.2437 -52.5676
0.9949 -0.0068 -0.0012 -37.3046 -0.0074 -0.9969 -0.0779 0.0060 0.1005 -0.0786 0.9969 -52.7119
0.9985 0.0035 -0.0295 -38.2946 -0.0186 -0.6075 -0.7941 0.0060 0.0508 -0.7946 0.6068 -52.8482
0.9995 0.0055 -0.0231 -39.2957 -0.0130 -0.4655 -0.8849 0.0060 0.0287 -0.8851 0.4652 -52.9859
0.9998 -0.0004 0.0017 -40.2829 0.0009 -0.4336 -0.9011 0.0061 0.0185 -0.9011 0.4336 -53.1199
0.9990 -0.0029 0.0055 -41.2625 0.0027 0.0515 -0.9987 0.0061 0.0440 -0.9987 -0.0514 -53.2416
0.9997 0.0120 -0.0168 -42.2600 -0.0091 0.3957 -0.9183 0.0060 0.0211 -0.9182 -0.3959 -53.3601
0.9961 -0.0003 0.0116 -44.2811 -0.0080 0.6867 0.7269 0.0060 0.0879 0.7274 -0.6862 -53.5515
0.9989 -0.0207 0.0374 -45.3193 -0.0188 -0.1090 0.9939 0.0060 0.0439 0.9938 0.1098 -53.6234
0.9988 0.0062 -0.0059 -47.3991 0.0044 -0.7345 0.6786 0.0061 0.0494 0.6787 0.7344 -53.7541
0.9995 0.0256 -0.0144 -48.4000 0.0198 -0.9315 0.3632 0.0062 0.0255 0.3637 0.9313 -53.8046
0.9997 0.0280 -0.0125 -50.3177 0.0226 -0.9609 0.2758 0.0062 0.0095 0.2760 0.9609 -53.8997
0.9995 -0.0084 -0.0297 -52.2972 -0.0276 -0.8429 -0.5374 0.0059 0.0172 -0.5378 0.8426 -53.9695
0.9969 0.0393 -0.1238 -54.5184 -0.0660 -0.3432 -0.9369 0.0057 0.0438 -0.9379 0.3405 -54.0304
0.9968 0.0909 -0.1537 -57.0024 -0.0781 0.1799 -0.9806 0.0056 0.0146 -0.9804 -0.1810 -54.0690
0.9967 0.0968 -0.1590 -59.7458 -0.0814 0.2113 -0.9740 0.0056 0.0072 -0.9739 -0.2118 -54.1056
0.9966 0.0976 -0.1599 -62.7456 -0.0819 0.2141 -0.9734 0.0056 0.0030 -0.9733 -0.2144 -54.1433
0.9967 0.0973 -0.1594 -65.9997 -0.0816 0.2147 -0.9733 0.0056 0.0011 -0.9733 -0.2148 -54.1839
0.9988 0.0573 -0.0938 -69.4530 -0.0480 0.2154 -0.9754 0.0058 0.0004 -0.9753 -0.2154 -54.2268
1.0000 -0.0026 0.0043 -72.8516 0.0022 0.2156 -0.9765 0.0061 0.0001 -0.9765 -0.2156 -54.2691
0.9996 0.0322 -0.0527 -76.2894 -0.0270 0.2156 -0.9761 0.0059 0.0000 -0.9761 -0.2156 -54.3118
0.9987 0.0611 -0.1000 -79.9136 -0.0512 0.2155 -0.9752 0.0058 -0.0000 -0.9752 -0.2155 -54.3568
1.0000 -0.0025 0.0041 -83.5847 0.0021 0.2158 -0.9764 0.0061 -0.0001 -0.9764 -0.2158 -54.4024
0.9987 -0.0603 0.0988 -87.0597 0.0506 0.2154 -0.9752 0.0064 -0.0001 -0.9752 -0.2154 -54.4456
0.9987 -0.0598 0.0980 -90.3161 0.0502 0.2152 -0.9753 0.0064 -0.0001 -0.9753 -0.2152 -54.4860
1.0000 0.0050 -0.0082 -93.5769 -0.0042 0.2155 -0.9765 0.0061 -0.0001 -0.9765 -0.2155 -54.5266
0.9998 -0.0235 0.0385 -96.8437 0.0197 0.2154 -0.9763 0.0062 -0.0001 -0.9763 -0.2154 -54.5672
0.9986 -0.0624 0.1023 -99.9231 0.0524 0.2150 -0.9752 0.0064 -0.0001 -0.9752 -0.2150 -54.6054
0.9982 -0.0722 0.1183 -101.3782 0.0606 0.2148 -0.9748 0.0064 -0.0001 -0.9748 -0.2148 -54.6235
0.9985 -0.0224 0.0930 -105.4687 0.0524 -0.4594 -0.8867 0.0064 0.0170 -0.8863 0.4602 -54.6185
0.9985 -0.0260 0.0987 -107.9831 0.0546 -0.4264 -0.9029 0.0064 0.0092 -0.9027 0.4269 -54.6000
1.0000 -0.0045 0.0168 -110.4237 0.0093 -0.4246 -0.9054 0.0061 0.0037 -0.9053 0.4246 -54.5795
0.9999 0.0052 -0.0197 -112.9713 -0.0109 -0.4228 -0.9062 0.0060 0.0013 -0.9062 0.4228 -54.5578
1.0000 -0.0030 0.0110 -114.2296 0.0061 -0.4209 -0.9071 0.0061 0.0007 -0.9071 0.4209 -54.5471
0.9999 0.0049 -0.0184 -116.7387 -0.0102 -0.4251 -0.9051 0.0060 0.0002 -0.9051 0.4251 -54.5256
0.9990 0.0215 -0.0813 -119.4102 -0.0449 -0.4253 -0.9040 0.0058 0.0000 -0.9040 0.4253 -54.5028
1.0000 0.0019 -0.0073 -122.1438 -0.0040 -0.4257 -0.9049 0.0061 -0.0000 -0.9049 0.4257 -54.4795
0.9999 0.0061 -0.0230 -124.8467 -0.0127 -0.4256 -0.9048 0.0060 -0.0001 -0.9048 0.4256 -54.4564
0.9988 0.0234 -0.0883 -127.7094 -0.0488 -0.4250 -0.9039 0.0058 -0.0001 -0.9039 0.4250 -54.4319
0.9982 0.0290 -0.1096 -129.2262 -0.0606 -0.4247 -0.9033 0.0057 -0.0001 -0.9033 0.4247 -54.4189
0.9980 0.0306 -0.1154 -130.7994 -0.0638 -0.4245 -0.9032 0.0057 -0.0001 -0.9032 0.4245 -54.4055
1.0000 0.0029 -0.0111 -133.9556 -0.0061 -0.4253 -0.9050 0.0061 -0.0001 -0.9050 0.4253 -54.3785
0.9997 -0.0108 0.0408 -135.4747 0.0225 -0.4253 -0.9048 0.0062 -0.0001 -0.9048 0.4253 -54.3655
0.9994 -0.0164 0.0619 -138.3826 0.0342 -0.4253 -0.9044 0.0063 -0.0001 -0.9044 0.4253 -54.3407
1.0000 -0.0044 0.0166 -139.8340 0.0092 -0.4255 -0.9049 0.0061 -0.0001 -0.9049 0.4255 -54.3283
0.9992 0.0189 -0.0713 -142.8658 -0.0394 -0.4250 -0.9043 0.0059 -0.0001 -0.9043 0.4250 -54.3024
0.9995 0.0152 -0.0574 -146.0701 -0.0317 -0.4250 -0.9046 0.0059 -0.0001 -0.9046 0.4250 -54.2750
1.0000 0.0003 -0.0011 -147.6526 -0.0006 -0.4253 -0.9050 0.0061 -0.0001 -0.9050 0.4253 -54.2614
0.9997 -0.0125 0.0471 -149.1886 0.0260 -0.4252 -0.9047 0.0062 -0.0001 -0.9047 0.4252 -54.2483
0.9990 -0.0212 0.0802 -150.6710 0.0443 -0.4250 -0.9041 0.0063 -0.0001 -0.9041 0.4250 -54.2356
0.9985 -0.0265 0.1002 -152.0978 0.0554 -0.4249 -0.9036 0.0064 -0.0001 -0.9036 0.4249 -54.2234
0.9990 -0.0212 0.0802 -154.8173 0.0443 -0.4253 -0.9040 0.0063 -0.0001 -0.9040 0.4252 -54.2002
0.9998 -0.0090 0.0340 -156.1720 0.0188 -0.4256 -0.9047 0.0062 -0.0001 -0.9047 0.4256 -54.1886
0.9996 -0.0131 0.0495 -158.8444 0.0273 -0.4255 -0.9045 0.0063 -0.0001 -0.9045 0.4255 -54.1658
0.9988 -0.0230 0.0871 -161.3517 0.0481 -0.4253 -0.9038 0.0064 -0.0001 -0.9038 0.4253 -54.1444
0.9985 -0.0265 0.1001 -163.6697 0.0553 -0.4252 -0.9034 0.0064 -0.0001 -0.9034 0.4252 -54.1246
0.9985 -0.0258 0.0976 -165.8100 0.0539 -0.4252 -0.9035 0.0064 -0.0001 -0.9035 0.4252 -54.1063
0.9988 -0.0237 0.0897 -167.7881 0.0495 -0.4254 -0.9036 0.0064 -0.0001 -0.9036 0.4254 -54.0894
0.9998 -0.0163 0.0234 -169.6989 0.0126 0.3651 -0.9309 0.0062 0.0125 -0.9310 -0.3649 -54.0484
0.9999 -0.0198 0.0266 -171.6138 0.0148 0.4385 -0.8986 0.0062 0.0041 -0.8987 -0.4384 -54.0035
0.9991 -0.0428 0.0374 -173.4225 0.0305 0.7903 -0.6120 0.0063 0.0307 -0.6127 -0.7897 -53.9504
0.9996 -0.0357 0.0166 -175.1356 0.0286 0.9567 -0.2897 0.0063 0.0053 -0.2898 -0.9567 -53.8843
0.9976 0.0164 -0.0446 -176.7554 0.0231 0.2572 0.9661 0.0062 0.0659 0.9657 -0.2587 -53.7826
0.9993 -0.0013 0.0011 -178.3926 -0.0009 -0.8274 0.5617 0.0061 0.0380 0.5616 0.8274 -53.6391
0.9994 0.0131 -0.0345 -180.0684 -0.0177 -0.2325 -0.9724 0.0060 0.0290 -0.9725 0.2320 -53.4328
0.9993 0.0023 -0.0033 -181.7851 -0.0017 0.3559 -0.9345 0.0061 0.0361 -0.9345 -0.3559 -53.2099
0.9999 -0.0180 0.0191 -183.4527 0.0128 0.6636 -0.7480 0.0062 0.0072 -0.7480 -0.6635 -52.9773
0.9977 -0.0009 -0.0226 -185.0364 0.0166 0.7331 0.6799 0.0062 0.0660 0.6791 -0.7339 -52.7171
0.9993 -0.0021 0.0029 -186.6353 -0.0016 -0.3860 0.9225 0.0061 0.0373 0.9225 0.3861 -52.4141
0.9996 0.0012 0.0116 -188.1973 0.0091 -0.7704 -0.6375 0.0061 0.0266 -0.6373 0.7706 -52.0625
0.9993 -0.0130 0.0394 -189.6944 0.0208 -0.3210 -0.9468 0.0062 0.0321 -0.9466 0.3217 -51.7157
0.9954 0.0056 -0.0366 -191.0989 0.0224 0.5731 0.8192 0.0062 0.0929 0.8180 -0.5748 -51.3121
0.9868 -0.0021 -0.0018 -192.4272 0.0031 0.9588 0.2840 0.0061 0.1622 0.2835 -0.9590 -50.7759
0.9705 0.0082 -0.0447 -194.2076 0.0272 0.5496 0.8350 0.0062 0.2397 0.8314 -0.5551 -49.6231
0.9983 -0.0307 0.0303 -195.2226 0.0218 0.7178 -0.6959 0.0062 0.0544 -0.6967 -0.7170 -48.7555
0.9994 -0.0180 0.0008 -196.2065 0.0176 0.9996 -0.0214 0.0062 0.0305 -0.0219 -0.9996 -47.9229
0.9999 -0.0113 -0.0071 -197.1521 0.0152 0.9727 0.2316 0.0062 0.0032 0.2315 -0.9727 -47.1142
0.9997 -0.0040 -0.0157 -198.0628 0.0142 0.8333 0.5527 0.0062 0.0221 0.5524 -0.8334 -46.3285
0.9997 0.0068 -0.0246 -198.9336 0.0135 0.4092 0.9123 0.0062 0.0210 0.9122 -0.4095 -45.5587
0.9997 0.0145 -0.0257 -199.7679 0.0130 -0.1278 0.9917 0.0062 0.0198 0.9918 0.1275 -44.8061
0.9997 0.0176 -0.0198 -200.5674 0.0125 -0.6135 0.7896 0.0062 0.0188 0.7897 0.6133 -44.0709
0.9998 0.0158 -0.0093 -201.3336 0.0121 -0.9232 0.3840 0.0062 0.0180 0.3842 0.9232 -43.3529
0.9998 0.0084 0.0020 -202.0689 0.0095 -0.9941 -0.1078 0.0061 0.0180 -0.1076 0.9941 -42.6511
0.9999 0.0130 -0.0191 -203.5571 -0.0102 0.3463 -0.9381 0.0060 0.0001 -0.9381 -0.3463 -41.1342
0.9991 0.0023 0.0000 -204.2999 -0.0023 1.0000 0.0013 0.0061 0.0426 0.0014 -1.0000 -40.3423
0.9955 -0.0069 -0.0093 -205.0135 -0.0126 -0.9280 -0.3723 0.0060 0.0935 -0.3733 0.9276 -39.4557
0.9992 -0.0204 0.0477 -205.6850 -0.0241 0.1421 0.9896 0.0059 0.0307 0.9897 -0.1413 -38.4615
0.9986 -0.0219 0.0035 -206.3995 -0.0203 -0.9959 0.0876 0.0060 0.0479 0.0867 0.9960 -37.3971
0.9994 0.0046 -0.0389 -207.1464 -0.0245 -0.6067 -0.7945 0.0059 0.0243 -0.7949 0.6062 -36.2451
0.9997 0.0066 -0.0127 -207.8986 -0.0063 0.0328 -0.9994 0.0061 0.0249 -0.9994 -0.0330 -35.0623
1.0000 -0.0092 0.0139 -208.6293 0.0073 0.3133 -0.9496 0.0061 0.0015 -0.9496 -0.3133 -33.8984
0.9999 -0.0214 0.0186 -209.3132 0.0153 0.7946 -0.6069 0.0062 0.0059 -0.6070 -0.7945 -32.7808
0.9986 -0.0034 -0.0272 -209.9378 0.0218 0.7812 0.6240 0.0062 0.0482 0.6231 -0.7818 -31.7048
0.9996 0.0193 -0.0380 -210.5115 0.0190 -0.0136 0.9997 0.0062 0.0215 0.9997 0.0132 -30.6731
0.9997 0.0218 -0.0265 -211.0552 0.0158 -0.5439 0.8390 0.0062 0.0197 0.8392 0.5437 -29.6780
0.9997 0.0185 -0.0122 -211.5704 0.0138 -0.8962 0.4434 0.0062 0.0189 0.4436 0.8961 -28.7132
0.9998 0.0119 0.0015 -212.0592 0.0127 -0.9981 -0.0596 0.0062 0.0181 -0.0593 0.9982 -27.7766
0.9998 0.0038 0.0128 -212.5234 0.0120 -0.8460 -0.5331 0.0062 0.0173 -0.5329 0.8461 -26.8673
0.9977 0.0144 -0.0065 -212.9488 -0.0117 0.9599 -0.2800 0.0060 0.0671 -0.2793 -0.9601 -25.9094
0.9984 -0.0614 0.0216 -213.3696 -0.0518 -0.9768 0.2078 0.0058 0.0208 0.2068 0.9770 -24.7616
0.9986 0.0158 -0.0396 -213.8256 -0.0202 -0.1968 -0.9802 0.0060 0.0479 -0.9804 0.1958 -23.5049
0.9996 -0.0007 0.0285 -214.2184 -0.0196 0.6890 0.7245 0.0060 0.0220 0.7248 -0.6887 -22.2130
0.9995 -0.0133 0.0332 -214.6320 -0.0169 0.1979 0.9801 0.0060 0.0263 0.9802 -0.1975 -20.8622
0.9989 -0.0442 0.0010 -215.0286 -0.0436 -0.9990 0.0119 0.0058 0.0196 0.0111 0.9990 -19.3794
0.9977 0.0102 -0.0179 -215.6267 -0.0090 0.1423 -0.9898 0.0060 0.0668 -0.9897 -0.1429 -17.0163
0.9991 0.0173 -0.0053 -215.9834 -0.0149 0.9838 -0.1786 0.0060 0.0389 -0.1781 -0.9839 -15.3841
0.9989 -0.0270 0.0263 -216.4401 -0.0191 -0.7254 0.6881 0.0060 0.0439 0.6875 0.7259 -12.8114
0.9991 0.0173 -0.0476 -216.6856 -0.0247 -0.2623 -0.9647 0.0059 0.0355 -0.9649 0.2615 -11.0078
0.9990 -0.0003 0.0001 -217.0058 0.0002 0.9568 -0.2907 0.0061 0.0437 -0.2907 -0.9568 -8.2179
0.9969 0.0280 -0.0446 -217.2326 0.0230 -0.2467 0.9688 0.0062 0.0756 0.9693 0.2450 -5.5364
0.9996 0.0307 -0.0199 -217.3248 0.0230 -0.9021 0.4310 0.0062 0.0153 0.4313 0.9019 -3.8487
0.9995 -0.0412 0.0251 -217.4640 -0.0312 -0.9152 0.4019 0.0059 0.0036 0.4017 0.9152 -1.2875
0.9972 -0.0991 0.0604 -217.6306 -0.0752 -0.9132 0.4005 0.0056 0.0007 0.4005 0.9132 1.7980
1.0000 -0.0116 0.0071 -217.8102 -0.0088 -0.9158 0.4016 0.0060 0.0001 0.4016 0.9158 5.1262
0.9984 -0.0739 0.0450 -218.0002 -0.0561 -0.9144 0.4008 0.0058 -0.0000 0.4008 0.9144 8.6443
0.9990 -0.0585 0.0357 -218.2166 -0.0444 -0.9151 0.4009 0.0058 -0.0001 0.4009 0.9151 12.6535
0.9999 -0.0211 0.0129 -218.4348 -0.0161 -0.9158 0.4012 0.0060 -0.0001 0.4012 0.9158 16.6949
0.9992 0.0035 0.0015 -218.6479 0.0043 -0.9846 -0.1750 0.0061 0.0395 -0.1748 0.9846 20.8759
0.9995 0.0011 0.0383 -218.7483 0.0279 -0.7268 -0.6863 0.0063 0.0169 -0.6859 0.7271 23.5587
0.9988 -0.0005 0.0692 -218.8340 0.0486 -0.7010 -0.7115 0.0064 0.0090 -0.7112 0.7013 26.0748
0.9985 -0.0012 0.0790 -218.9109 0.0550 -0.6948 -0.7171 0.0064 0.0036 -0.7170 0.6949 28.4022
0.9993 -0.0009 0.0543 -218.9825 0.0377 -0.6947 -0.7183 0.0063 0.0012 -0.7182 0.6948 30.5788
0.9997 0.0003 -0.0319 -219.0558 -0.0224 -0.7003 -0.7135 0.0060 0.0004 -0.7135 0.7003 32.8113
0.9981 0.0008 -0.0869 -219.1367 -0.0609 -0.6996 -0.7120 0.0057 0.0001 -0.7120 0.6996 35.2711
0.9969 0.0010 -0.1115 -219.2736 -0.0781 -0.6985 -0.7113 0.0056 -0.0000 -0.7113 0.6985 39.4358
0.9967 0.0011 -0.1150 -219.3753 -0.0806 -0.6982 -0.7113 0.0056 -0.0000 -0.7113 0.6982 42.5306
0.9967 0.0011 -0.1155 -219.4853 -0.0809 -0.6982 -0.7114 0.0056 -0.0000 -0.7114 0.6982 45.8784
0.9971 0.0010 -0.1088 -219.6034 -0.0762 -0.6982 -0.7118 0.0056 -0.0001 -0.7118 0.6982 49.4729
1.0000 0.0001 -0.0113 -219.7237 -0.0079 -0.7002 -0.7139 0.0060 -0.0001 -0.7139 0.7002 53.1319
0.9989 -0.0006 0.0671 -219.8376 0.0470 -0.6996 -0.7130 0.0064 -0.0001 -0.7130 0.6996 56.5991
0.9977 -0.0009 0.0974 -219.9434 0.0682 -0.6989 -0.7120 0.0065 -0.0001 -0.7120 0.6989 59.8190
0.9974 -0.0009 0.1036 -220.0412 0.0726 -0.6988 -0.7116 0.0065 -0.0001 -0.7116 0.6988 62.7938
0.9975 -0.0009 0.1008 -220.1313 0.0706 -0.6990 -0.7116 0.0065 -0.0001 -0.7116 0.6990 65.5379
0.9983 -0.0653 0.1062 -220.1835 0.0545 0.2240 -0.9731 0.0064 0.0207 -0.9733 -0.2229 68.0908
0.9986 -0.0664 0.0976 -220.2199 0.0519 0.3383 -0.9396 0.0064 0.0102 -0.9398 -0.3378 70.4992
0.9951 0.0004 -0.0534 -220.1991 0.0376 0.7022 0.7110 0.0063 0.0912 0.7086 -0.7046 72.7588
0.9995 0.0092 -0.0133 -220.1158 0.0071 -0.3619 0.9322 0.0061 0.0309 0.9323 0.3617 75.0225
0.9994 -0.0149 0.0052 -219.9914 -0.0126 -0.9779 0.2088 0.0060 0.0321 0.2084 0.9780 77.3119
0.9988 0.0036 0.0063 -219.8427 0.0074 -0.9069 -0.4214 0.0061 0.0483 -0.4211 0.9070 79.6175
0.9986 0.0059 -0.0025 -219.6074 -0.0048 0.9661 -0.2581 0.0061 0.0535 -0.2579 -0.9662 81.8831
0.9982 0.0017 0.0049 -219.3332 -0.0048 0.8587 0.5124 0.0061 0.0594 0.5126 -0.8586 84.1747
0.9997 -0.0033 0.0160 -219.0192 -0.0092 0.5043 0.8635 0.0060 0.0211 0.8636 -0.5041 86.5155
0.9995 0.0183 -0.0246 -218.6785 0.0137 -0.4362 0.8997 0.0062 0.0270 0.8999 0.4359 88.7983
0.9995 0.0426 -0.0518 -218.3419 0.0308 -0.5424 0.8395 0.0063 0.0118 0.8397 0.5421 90.9774
1.0000 0.0072 -0.0087 -218.0106 0.0052 -0.5478 0.8366 0.0061 0.0049 0.8366 0.5478 93.0998
1.0000 -0.0032 0.0039 -217.6745 -0.0023 -0.5471 0.8370 0.0061 0.0018 0.8370 0.5472 95.2489
0.9993 -0.0513 0.0623 -217.3218 -0.0371 -0.5427 0.8391 0.0059 0.0006 0.8391 0.5428 97.5033
1.0000 -0.0028 0.0034 -216.9594 -0.0020 -0.5477 0.8367 0.0061 0.0002 0.8367 0.5477 99.8201
0.9996 0.0226 -0.0025 -216.5860 0.0214 -0.9981 0.0579 0.0062 0.0170 0.0583 0.9981 102.0252
0.9986 0.0105 0.0360 -216.2119 0.0337 -0.8455 -0.5329 0.0063 0.0404 -0.5317 0.8462 104.1177
0.9983 -0.0014 -0.0019 -215.5294 0.0025 0.9258 0.3779 0.0061 0.0583 0.3778 -0.9259 107.1529
0.9997 0.0020 -0.0201 -215.0373 0.0128 0.6230 0.7821 0.0062 0.0198 0.7820 -0.6232 109.1607
0.9995 0.0271 -0.0450 -214.5386 0.0230 -0.2001 0.9795 0.0062 0.0219 0.9796 0.1996 111.0711
0.9963 0.0130 0.0297 -214.0163 0.0317 -0.8825 -0.4693 0.0063 0.0801 -0.4671 0.8837 112.8735
0.9985 -0.0350 0.0519 -213.4703 0.0275 0.3270 -0.9446 0.0063 0.0483 -0.9450 -0.3258 114.5725
0.9993 -0.0000 -0.0022 -212.8706 0.0016 0.7143 0.6999 0.0061 0.0361 0.6998 -0.7143 116.2215
0.9965 -0.0075 0.0050 -212.2112 -0.0056 -0.8950 0.4459 0.0061 0.0829 0.4455 0.8953 117.8897
0.9986 0.0032 -0.0247 -211.4782 -0.0154 -0.5970 -0.8021 0.0060 0.0499 -0.8026 0.5964 119.6019
0.9999 -0.0026 0.0065 -210.7260 0.0033 -0.1898 -0.9818 0.0061 0.0138 -0.9818 0.1899 121.3112
0.9997 -0.0243 0.0285 -209.9824 0.0174 0.5756 -0.8175 0.0062 0.0168 -0.8177 -0.5754 122.9392
0.9972 0.0001 -0.0218 -209.2261 0.0154 0.7033 0.7107 0.0062 0.0734 0.7099 -0.7041 124.4870
0.9990 -0.0059 0.0074 -208.4149 -0.0043 -0.5167 0.8561 0.0061 0.0438 0.8560 0.5169 126.0409
0.9992 0.0059 -0.0314 -207.5256 -0.0186 -0.5308 -0.8473 0.0060 0.0350 -0.8476 0.5302 127.6029
0.9997 0.0126 -0.0173 -206.5824 -0.0095 0.4127 -0.9108 0.0060 0.0230 -0.9107 -0.4129 129.1986
0.9969 -0.0026 -0.0188 -205.6225 0.0153 0.7873 0.6164 0.0062 0.0777 0.6154 -0.7880 130.7285
0.9987 0.0298 -0.0398 -204.6644 0.0222 -0.4447 0.8954 0.0062 0.0454 0.8959 0.4438 132.1650
0.9935 -0.0297 0.0385 -203.6867 0.0220 0.4765 -0.8789 0.0062 0.1115 -0.8801 -0.4744 133.4761
0.9988 0.0001 0.0015 -202.6484 -0.0011 0.7508 0.6605 0.0061 0.0490 0.6606 -0.7508 134.7654
0.9978 0.0517 -0.0651 -200.8808 -0.0378 0.5070 -0.8611 0.0059 0.0543 -0.8601 -0.5088 136.6927
0.9989 0.0135 -0.0063 -199.5889 -0.0108 0.9564 -0.2920 0.0060 0.0451 -0.2915 -0.9565 138.0356
0.9992 -0.0166 0.0273 -198.2499 -0.0140 -0.2133 0.9769 0.0060 0.0377 0.9768 0.2139 139.3258
0.9991 0.0035 -0.0032 -196.8811 0.0025 -0.7669 0.6417 0.0061 0.0428 0.6418 0.7669 140.6194
0.9993 0.0067 -0.0164 -195.4754 -0.0083 -0.1788 -0.9838 0.0060 0.0372 -0.9839 0.1785 141.8499
0.9961 0.0061 0.0042 -194.0034 -0.0085 0.9691 0.2466 0.0060 0.0883 0.2473 -0.9689 143.0660
0.9967 -0.0018 -0.0541 -192.3656 -0.0397 -0.7302 -0.6821 0.0059 0.0713 -0.6842 0.7283 144.2452
0.9939 0.0245 -0.0051 -190.6061 -0.0222 0.9932 -0.1140 0.0060 0.1082 -0.1116 -0.9935 145.4260
0.9974 -0.0181 0.0385 -188.7487 -0.0193 0.0633 0.9978 0.0060 0.0697 0.9979 -0.0620 146.5844
0.9857 0.0359 -0.0343 -186.7914 -0.0256 0.7377 -0.6747 0.0059 0.1664 -0.6715 -0.7405 147.6559
0.9947 -0.0314 0.0514 -184.6555 -0.0264 -0.2156 0.9761 0.0059 0.0998 0.9756 0.2181 148.6836
0.9835 -0.0048 0.0024 -182.4977 0.0038 0.9471 -0.3208 0.0061 0.1811 -0.3215 -0.9469 149.5671
0.9905 0.0018 0.0148 -179.1677 0.0119 -0.7813 -0.6240 0.0062 0.1372 -0.6228 0.7823 150.6726
0.9938 -0.0022 0.0040 -176.9384 -0.0020 -0.1116 0.9938 0.0061 0.1110 0.9937 0.1118 151.2102
0.9907 -0.0045 0.0226 -174.6872 0.0133 -0.5219 -0.8529 0.0062 0.1351 -0.8519 0.5235 151.6516
0.9984 -0.0350 0.0390 -172.5066 0.0250 0.6232 -0.7817 0.0062 0.0508 -0.7825 -0.6222 152.0040
0.9976 -0.0102 -0.0517 -169.4816 0.0444 0.8124 0.5814 0.0064 0.0534 0.5795 -0.8138 152.4189
0.9987 0.0579 -0.0889 -166.7925 0.0464 -0.2886 0.9563 0.0064 0.0209 0.9566 0.2877 152.7198
0.9989 0.0600 -0.0403 -165.1768 0.0447 -0.8915 0.4509 0.0064 0.0163 0.4515 0.8911 152.8679
0.9987 0.0045 0.0537 -163.0001 0.0413 -0.7587 -0.6501 0.0063 0.0289 -0.6492 0.7595 153.0283
0.9991 -0.0477 0.0676 -160.5209 0.0365 0.3810 -0.9238 0.0063 0.0217 -0.9241 -0.3803 153.1586
1.0000 -0.0083 -0.0024 -157.9332 0.0096 0.9917 0.1281 0.0061 0.0012 0.1281 -0.9917 153.2329
1.0000 -0.0099 0.0163 -156.4101 -0.0083 -0.2080 0.9781 0.0061 0.0039 0.9781 0.2081 153.2175
0.9970 -0.0760 -0.0013 -153.7538 -0.0767 -0.9970 -0.0081 0.0056 0.0054 -0.0085 0.9970 153.1484
0.9965 -0.1177 0.1123 -152.0113 -0.0833 -0.7361 0.6717 0.0056 -0.0108 0.6724 0.7355 153.1240
0.9991 -0.0347 0.0531 -150.1506 -0.0278 -0.2948 0.9552 0.0059 -0.0330 0.9554 0.2939 153.1084
1.0000 0.0042 -0.0095 -148.3328 0.0048 0.1043 0.9945 0.0061 -0.0069 0.9945 -0.1042 153.1111
0.9998 0.0160 -0.0364 -146.6006 0.0183 0.1201 0.9926 0.0062 -0.0029 0.9926 -0.1201 153.1142
0.9997 0.0230 -0.0523 -144.9525 0.0263 0.1209 0.9923 0.0062 -0.0011 0.9923 -0.1208 153.1176
1.0000 -0.0015 0.0034 -143.3404 -0.0017 0.1209 0.9927 0.0061 -0.0004 0.9927 -0.1209 153.1210
0.9989 -0.0406 0.0925 -141.5620 -0.0466 0.1207 0.9916 0.0058 -0.0002 0.9916 -0.1207 153.1248
0.9999 -0.0134 0.0305 -139.6831 -0.0154 0.1208 0.9926 0.0060 -0.0001 0.9926 -0.1208 153.1287
0.9998 -0.0183 0.0416 -137.7978 -0.0210 0.1207 0.9925 0.0060 -0.0001 0.9925 -0.1207 153.1326
0.9981 -0.0535 0.1217 -135.7199 -0.0613 0.1204 0.9908 0.0057 -0.0001 0.9908 -0.1204 153.1370
0.9970 -0.0677 0.1541 -133.3740 -0.0776 0.1200 0.9897 0.0056 -0.0001 0.9897 -0.1200 153.1420
0.9988 -0.0432 0.0982 -130.8183 -0.0495 0.1201 0.9915 0.0058 -0.0001 0.9915 -0.1201 153.1474
0.9999 0.0118 -0.0269 -128.3202 0.0136 0.1203 0.9926 0.0062 -0.0001 0.9926 -0.1203 153.1527
0.9991 0.0372 -0.0846 -125.9934 0.0426 0.1202 0.9918 0.0063 -0.0001 0.9918 -0.1202 153.1576
0.9988 0.0434 -0.0988 -123.8404 0.0498 0.1205 0.9915 0.0064 -0.0001 0.9915 -0.1205 153.1621
0.9987 0.0439 -0.0999 -121.8531 0.0503 0.1207 0.9914 0.0064 -0.0001 0.9914 -0.1207 153.1663
0.9989 0.0406 -0.0925 -120.0203 0.0466 0.1208 0.9916 0.0064 -0.0001 0.9916 -0.1208 153.1702
1.0000 0.0062 -0.0142 -118.2456 0.0071 0.1209 0.9926 0.0061 -0.0001 0.9926 -0.1209 153.1739
0.9990 -0.0389 0.0887 -116.3077 -0.0447 0.1207 0.9917 0.0058 -0.0001 0.9917 -0.1207 153.1780
1.0000 -0.0087 0.0198 -114.2755 -0.0100 0.1208 0.9926 0.0060 -0.0001 0.9926 -0.1208 153.1823
0.9997 0.0215 -0.0491 -112.3467 0.0247 0.1208 0.9924 0.0062 -0.0001 0.9924 -0.1208 153.1864
0.9997 0.0213 -0.0486 -110.5373 0.0245 0.1209 0.9924 0.0062 -0.0001 0.9924 -0.1209 153.1902
1.0000 0.0005 -0.0010 -108.7135 0.0005 0.1209 0.9927 0.0061 -0.0001 0.9927 -0.1209 153.1941
0.9998 -0.0187 0.0427 -106.8438 -0.0215 0.1208 0.9924 0.0060 -0.0001 0.9924 -0.1208 153.1980
0.9980 -0.0550 0.1253 -104.7673 -0.0631 0.1205 0.9907 0.0057 -0.0001 0.9907 -0.1205 153.2024
0.9969 -0.0683 0.1556 -102.4206 -0.0784 0.1201 0.9897 0.0056 -0.0001 0.9897 -0.1202 153.2074
0.9970 -0.0674 0.1533 -99.8164 -0.0772 0.1200 0.9898 0.0056 -0.0001 0.9898 -0.1200 153.2129
0.9999 -0.0123 0.0279 -97.1311 -0.0141 0.1203 0.9926 0.0060 -0.0001 0.9926 -0.1203 153.2185
0.9994 0.0295 -0.0671 -94.5930 0.0338 0.1203 0.9922 0.0063 -0.0001 0.9922 -0.1203 153.2238
0.9990 0.0393 -0.0895 -93.3945 0.0451 0.1204 0.9917 0.0064 -0.0001 0.9917 -0.1204 153.2264
0.9987 0.0445 -0.1014 -92.2431 0.0511 0.1204 0.9914 0.0064 -0.0001 0.9914 -0.1204 153.2288
0.9993 0.0317 -0.0722 -90.0470 0.0364 0.1205 0.9920 0.0063 -0.0001 0.9920 -0.1205 153.2334
1.0000 0.0070 -0.0159 -88.9431 0.0080 0.1206 0.9927 0.0061 -0.0001 0.9927 -0.1206 153.2358
0.9989 -0.0403 0.0917 -86.5827 -0.0462 0.1203 0.9917 0.0058 -0.0001 0.9917 -0.1203 153.2408
0.9981 -0.0531 0.1208 -85.3112 -0.0608 0.1201 0.9909 0.0057 -0.0001 0.9909 -0.1201 153.2435
0.9979 -0.0568 0.1293 -83.9809 -0.0651 0.1200 0.9906 0.0057 -0.0001 0.9906 -0.1200 153.2462
0.9991 -0.0373 0.0849 -82.6301 -0.0428 0.1201 0.9918 0.0058 -0.0001 0.9918 -0.1201 153.2491
1.0000 -0.0086 0.0196 -81.3016 -0.0099 0.1202 0.9927 0.0060 -0.0001 0.9927 -0.1202 153.2519
0.9999 0.0149 -0.0339 -80.0128 0.0171 0.1203 0.9926 0.0062 -0.0001 0.9926 -0.1203 153.2546
0.9990 0.0399 -0.0909 -77.5746 0.0458 0.1203 0.9917 0.0064 -0.0001 0.9917 -0.1203 153.2597
0.9994 0.0305 -0.0695 -75.2934 0.0350 0.1203 0.9921 0.0063 -0.0001 0.9921 -0.1203 153.2645
1.0000 0.0076 -0.0173 -73.0069 0.0087 0.1205 0.9927 0.0061 -0.0001 0.9927 -0.1205 153.2694
0.9995 0.0263 -0.0600 -70.7997 0.0302 0.1205 0.9923 0.0063 -0.0001 0.9923 -0.1205 153.2740
0.9991 0.0379 -0.0863 -68.7454 0.0435 0.1206 0.9918 0.0063 -0.0001 0.9918 -0.1206 153.2784
0.9990 0.0392 -0.0893 -66.8469 0.0450 0.1207 0.9917 0.0064 -0.0001 0.9917 -0.1207 153.2824
1.0000 0.0058 -0.0132 -65.0077 0.0066 0.1208 0.9927 0.0061 -0.0001 0.9927 -0.1208 153.2863
0.9999 -0.0142 0.0323 -63.0558 -0.0163 0.1207 0.9926 0.0060 -0.0001 0.9926 -0.1207 153.2904
0.9999 0.0131 -0.0299 -61.1386 0.0150 0.1208 0.9926 0.0062 -0.0001 0.9926 -0.1208 153.2944
0.9996 0.0348 -0.0389 -59.3319 0.0248 -0.6193 0.7848 0.0062 0.0115 0.7850 0.6190 153.2750
0.9995 0.0443 -0.0462 -57.6194 0.0314 -0.6770 0.7353 0.0063 0.0033 0.7354 0.6769 153.2537
0.9995 0.0321 -0.0063 -56.0175 0.0291 -0.9937 0.1080 0.0063 0.0105 0.1083 0.9937 153.2123
0.9995 0.0320 -0.0028 -54.5025 0.0306 -0.9985 0.0459 0.0063 0.0023 0.0460 0.9985 153.1723
0.9981 -0.0193 0.0474 -53.0865 0.0241 -0.1828 -0.9829 0.0062 0.0574 -0.9826 0.1841 153.0999
1.0000 -0.0009 0.0011 -51.6548 0.0006 0.4634 -0.8861 0.0061 0.0044 -0.8861 -0.4634 153.0043
0.9996 -0.0204 0.0185 -50.2550 0.0145 0.7706 -0.6371 0.0062 0.0251 -0.6374 -0.7704 152.9074
0.9999 -0.0010 0.0104 -48.8823 -0.0067 0.6321 0.7748 0.0061 0.0154 0.7749 -0.6320 152.7642
0.9973 -0.0405 0.0322 -46.6109 -0.0293 -0.8341 0.5508 0.0061 0.0674 0.5491 0.8352 152.4981
0.9970 0.0026 0.0169 -44.1781 0.0139 -0.7951 -0.6063 0.0065 0.0763 -0.6054 0.7958 152.1413
0.9996 0.0181 -0.0155 -42.5633 -0.0130 0.8004 -0.5993 0.0060 0.0252 -0.5990 -0.8006 151.8445
0.9994 -0.0139 0.0017 -40.1292 0.0131 0.9978 -0.0648 0.0062 0.0307 -0.0652 -0.9978 151.3861
0.9999 -0.0044 0.0067 -37.7703 -0.0035 -0.3018 0.9533 0.0061 0.0097 0.9533 0.3019 150.8483
0.9996 0.0029 -0.0149 -35.4271 -0.0087 -0.5206 -0.8538 0.0060 0.0253 -0.8539 0.5204 150.2352
0.9994 -0.0139 0.0273 -33.0771 0.0136 0.0221 -0.9997 0.0062 0.0303 -0.9997 -0.0217 149.5847
0.9993 -0.0001 0.0075 -30.8078 -0.0052 0.6984 0.7157 0.0061 0.0366 0.7159 -0.6982 148.8537
0.9932 0.0029 -0.0342 -29.2662 -0.0223 -0.6401 -0.7679 0.0060 0.1143 -0.7696 0.6382 148.2609
0.9991 0.0153 -0.0085 -26.7752 -0.0119 0.9329 -0.3599 0.0060 0.0418 -0.3594 -0.9331 147.2058
0.9992 -0.0422 0.0687 -24.2548 -0.0352 -0.2236 0.9741 0.0059 0.0176 0.9739 0.2242 146.0211
0.9987 0.0228 -0.0556 -21.5814 -0.0283 -0.1786 -0.9835 0.0059 0.0418 -0.9837 0.1774 144.6471
0.9961 -0.0045 -0.0050 -18.9089 0.0075 0.9427 0.3335 0.0061 0.0881 0.3329 -0.9429 143.1605
0.9735 0.0241 0.0121 -16.6131 0.0316 -0.9806 -0.1935 0.0063 0.2265 -0.1864 0.9820 141.4816
0.9444 -0.0479 -0.0059 -14.9964 0.0540 0.9970 0.0562 0.0064 0.3244 0.0387 -0.9979 139.5185
0.9777 -0.0329 0.0882 -14.3725 0.0461 -0.2577 -0.9651 0.0064 0.2048 -0.9627 0.2668 138.1401
0.9987 -0.0328 0.0251 -13.7992 0.0238 0.8495 -0.5270 0.0062 0.0456 -0.5279 -0.8490 136.8025
0.9984 0.0730 -0.0893 -12.8580 -0.0529 0.5350 -0.8432 0.0058 -0.0215 -0.8438 -0.5340 134.6134
0.9963 0.1018 -0.1694 -11.6440 -0.0864 0.1964 -0.9767 0.0056 -0.0006 -0.9767 -0.1964 131.8666
0.9965 0.1058 -0.0590 -10.7250 -0.0818 0.9297 -0.3592 0.0056 0.0187 -0.3578 -0.9302 129.7056
0.9987 0.0129 0.0123 -9.7910 -0.0200 0.9515 0.3070 0.0060 0.0467 0.3079 -0.9512 127.4516
0.9982 -0.0175 0.0073 -8.9565 -0.0143 -0.9672 0.2538 0.0060 0.0575 0.2530 0.9674 125.1858
0.9980 0.0036 0.0131 -8.1606 0.0121 -0.8400 -0.5425 0.0062 0.0624 -0.5418 0.8404 122.9082
0.9994 -0.0124 0.0487 -7.4368 0.0272 -0.4422 -0.8965 0.0062 0.0236 -0.8962 0.4428 120.7335
0.9992 -0.0189 0.0695 -6.7564 0.0382 -0.4142 -0.9094 0.0063 0.0104 -0.9092 0.4145 118.6677
0.9992 -0.0478 0.0647 -6.1448 0.0359 0.4311 -0.9016 0.0063 0.0183 -0.9019 -0.4305 116.7232
0.9993 -0.0523 0.0650 -5.5718 0.0380 0.5185 -0.8542 0.0063 0.0069 -0.8544 -0.5183 114.8805
0.9995 -0.0346 0.0132 -5.0578 0.0288 0.9730 -0.2290 0.0063 0.0143 -0.2294 -0.9729 113.1435
0.9994 -0.0068 -0.0063 -4.2996 0.0104 0.9531 0.3024 0.0062 0.0323 0.3021 -0.9532 110.5274
0.9999 -0.0101 0.0090 -3.6467 -0.0072 -0.7813 0.6241 0.0060 0.0149 0.6240 0.7814 107.8880
0.9993 0.0438 -0.0546 -2.8607 -0.0319 0.5165 -0.8557 0.0059 0.0199 -0.8553 -0.5171 104.0608
0.9988 0.0488 -0.0049 -2.2958 -0.0465 0.9975 -0.0526 0.0058 0.0133 -0.0520 -0.9976 100.8942
0.9981 -0.0382 0.0113 -1.8100 -0.0331 -0.9848 0.1704 0.0059 0.0523 0.1687 0.9851 97.4768
0.9908 0.0830 -0.0851 -1.5700 -0.0589 0.6883 -0.7230 0.0057 0.1220 -0.7180 -0.6935 94.9844
0.9958 0.0131 0.0899 -1.3985 -0.0735 0.7887 0.6104 0.0057 0.0552 0.6136 -0.7862 92.2436
0.9964 0.0011 0.1107 -1.2398 -0.0791 0.7121 0.6976 0.0056 0.0290 0.6992 -0.7105 89.2475
0.9967 -0.0003 0.1143 -1.0774 -0.0806 0.7033 0.7063 0.0056 0.0126 0.7071 -0.7025 85.9978
0.9988 -0.0003 0.0677 -0.9072 -0.0477 0.7035 0.7091 0.0058 0.0049 0.7093 -0.7033 82.5490
0.9997 0.0001 -0.0321 -0.7416 0.0226 0.7040 0.7098 0.0062 0.0018 0.7098 -0.7040 79.1864
0.9984 0.0003 -0.0815 -0.5870 0.0574 0.7032 0.7087 0.0064 0.0006 0.7087 -0.7032 76.0453
0.9977 0.0004 -0.0962 -0.4441 0.0678 0.7029 0.7081 0.0065 0.0002 0.7081 -0.7029 73.1399
0.9977 0.0003 -0.0966 -0.3122 0.0681 0.7030 0.7080 0.0065 0.0000 0.7080 -0.7030 70.4592
0.9979 0.0003 -0.0920 -0.1906 0.0649 0.7033 0.7080 0.0065 -0.0000 0.7080 -0.7033 67.9882
0.9992 0.0002 -0.0584 -0.0770 0.0412 0.7042 0.7088 0.0063 -0.0001 0.7088 -0.7042 65.6806
0.9998 -0.0001 0.0295 0.0397 -0.0208 0.7046 0.7093 0.0060 -0.0001 0.7093 -0.7046 63.3100
0.9983 -0.0003 0.0824 0.1669 -0.0581 0.7034 0.7084 0.0057 -0.0001 0.7084 -0.7034 60.7247
0.9973 -0.0004 0.1042 0.3063 -0.0734 0.7026 0.7078 0.0057 -0.0001 0.7078 -0.7026 57.8927
0.9969 -0.0004 0.1119 0.4581 -0.0788 0.7022 0.7076 0.0056 -0.0001 0.7076 -0.7022 54.8081
0.9989 -0.0003 0.0674 0.6197 -0.0475 0.7034 0.7092 0.0058 -0.0001 0.7092 -0.7034 51.5238
0.9998 0.0001 -0.0302 0.7773 0.0213 0.7042 0.7097 0.0062 -0.0001 0.7097 -0.7042 48.3209
0.9985 0.0003 -0.0779 0.9244 0.0549 0.7034 0.7087 0.0064 -0.0001 0.7087 -0.7034 45.3307
0.9979 0.0003 -0.0921 1.0605 0.0649 0.7031 0.7081 0.0065 -0.0001 0.7081 -0.7031 42.5661
0.9986 0.0002 -0.0747 1.1871 0.0527 0.7038 0.7085 0.0064 -0.0001 0.7085 -0.7038 39.9926
0.9987 0.0002 -0.0734 1.3066 0.0517 0.7039 0.7084 0.0064 -0.0001 0.7084 -0.7039 37.5650
0.9993 0.0002 -0.0516 1.4188 0.0364 0.7044 0.7089 0.0063 -0.0001 0.7089 -0.7044 35.2856
0.9999 0.0001 -0.0239 1.5866 0.0168 0.7048 0.7092 0.0062 -0.0001 0.7093 -0.7048 31.8767
0.9999 -0.0025 0.0045 1.6679 -0.0023 -0.1391 0.9903 0.0061 0.0168 0.9903 0.1392 29.6393
0.9999 0.0160 -0.0257 1.7409 0.0132 -0.2407 0.9705 0.0062 0.0072 0.9705 0.2406 27.3980
0.9995 0.0380 -0.0603 1.8072 0.0312 -0.2502 0.9677 0.0064 -0.0008 0.9677 0.2502 25.2832
0.9999 0.0034 -0.0022 1.8446 0.0025 -0.8978 0.4403 0.0061 0.0149 0.4404 0.8978 23.2267
0.9987 -0.0645 0.0363 1.8790 -0.0497 -0.9299 0.3644 0.0058 0.0055 0.3642 0.9300 20.9985
0.9974 -0.0931 0.0520 1.9154 -0.0719 -0.9300 0.3604 0.0057 0.0022 0.3603 0.9301 18.5165
0.9969 -0.1024 0.0571 1.9553 -0.0791 -0.9297 0.3598 0.0056 0.0008 0.3598 0.9297 15.7776
0.9988 -0.0628 0.0350 1.9982 -0.0486 -0.9315 0.3604 0.0058 0.0003 0.3604 0.9315 12.8351
0.9998 0.0229 -0.0128 2.0400 0.0177 -0.9325 0.3608 0.0062 0.0000 0.3608 0.9325 9.9634
0.9989 0.0606 -0.0338 2.0790 0.0469 -0.9315 0.3607 0.0064 -0.0000 0.3607 0.9315 7.2831
1.0000 0.0108 -0.0060 2.1167 0.0084 -0.9325 0.3611 0.0061 -0.0001 0.3611 0.9325 4.6872
0.9991 -0.0537 0.0300 2.1568 -0.0415 -0.9318 0.3606 0.0058 -0.0001 0.3606 0.9318 1.9388
0.9978 -0.0855 0.0477 2.2001 -0.0661 -0.9306 0.3600 0.0057 -0.0001 0.3600 0.9306 -1.0409
0.9971 0.0041 -0.1043 2.2091 -0.0709 -0.6760 -0.7335 0.0057 0.0292 -0.7349 0.6744 -4.2624
0.9997 0.0032 -0.0143 2.1905 -0.0082 -0.4860 -0.8739 0.0060 0.0216 -0.8740 0.4859 -7.5524
0.9923 -0.0301 -0.0200 2.1016 0.0416 0.9698 0.2403 0.0063 0.1164 0.2356 -0.9710 -10.6646
0.9966 0.0592 -0.0931 1.9176 0.0483 -0.2602 0.9644 0.0064 0.0665 0.9652 0.2571 -13.5990
0.9890 -0.0201 0.1028 1.6522 0.0607 -0.5243 -0.8494 0.0064 0.1351 -0.8451 0.5313 -16.3306
0.9904 0.0740 -0.0773 1.2235 0.0526 -0.6739 0.7369 0.0064 0.1276 0.7414 0.6690 -18.8434
0.9968 0.0651 -0.0348 0.7538 0.0509 -0.9384 0.3418 0.0064 0.0617 0.3448 0.9373 -21.2027
0.9925 -0.0561 0.1039 0.2516 0.0523 0.0761 -0.9957 0.0064 0.1104 -0.9962 -0.0703 -23.3784
0.9759 -0.0074 0.0242 -0.4113 0.0132 -0.3741 -0.9273 0.0062 0.2177 -0.9262 0.3767 -25.4259
0.9968 0.0013 0.0154 -1.2464 -0.0119 0.7594 0.6505 0.0060 0.0792 0.6512 -0.7588 -27.5296
0.9974 0.0168 -0.0437 -2.0892 0.0224 0.2253 0.9740 0.0062 0.0685 0.9737 -0.2268 -29.5682
0.9885 -0.0357 0.0514 -2.9849 0.0277 0.3579 -0.9334 0.0063 0.1488 -0.9348 -0.3540 -31.4383
0.9618 0.0137 0.0084 -4.1175 -0.0192 0.9747 0.2227 0.0060 0.2730 0.2278 -0.9735 -33.2252
0.9941 -0.0031 -0.0361 -5.4988 -0.0279 -0.7614 -0.6476 0.0059 0.1046 -0.6499 0.7596 -35.0491
0.9967 -0.0120 0.0296 -6.8835 0.0151 -0.1887 -0.9819 0.0062 0.0804 -0.9817 0.1899 -36.8113
0.9862 -0.0040 0.0048 -8.3299 -0.0029 -0.5640 0.8258 0.0061 0.1653 0.8255 0.5644 -38.4526
0.9530 0.0175 -0.0706 -10.0716 -0.0411 -0.4749 -0.8791 0.0058 0.3002 -0.8849 0.4640 -40.0082
0.9893 -0.0483 0.0609 -12.0970 -0.0354 -0.5032 0.8634 0.0059 0.1412 0.8609 0.5076 -41.5054
0.9975 0.0210 -0.0216 -14.1140 0.0149 -0.6864 0.7271 0.0062 0.0690 0.7278 0.6857 -42.9240
0.9923 0.0035 -0.0088 -16.1282 -0.0045 -0.1987 -0.9800 0.0061 0.1235 -0.9802 0.1982 -44.2518
0.9659 0.0481 -0.0800 -18.3779 -0.0414 0.1850 -0.9819 0.0058 0.2557 -0.9799 -0.1954 -45.4692
0.9644 -0.0383 0.1070 -20.9548 -0.0570 0.2935 0.9543 0.0058 0.2583 0.9586 -0.2794 -46.4470
0.9880 -0.0094 0.0060 -23.6614 -0.0071 -0.9065 0.4221 0.0060 0.1542 0.4211 0.9070 -47.2807
0.9931 0.0253 0.0176 -26.2449 0.0355 -0.9679 -0.2489 0.0063 0.1116 -0.2450 0.9689 -47.9955
0.9960 -0.0064 0.0021 -28.7761 0.0055 0.9807 -0.1955 0.0061 0.0891 -0.1960 -0.9806 -48.5787
0.9886 -0.0570 0.0512 -31.4740 -0.0408 -0.7747 0.6311 0.0059 0.1450 0.6265 0.7784 -49.0945
0.9954 0.0145 -0.0997 -34.4102 -0.0613 -0.5785 -0.8134 0.0057 0.0737 -0.8160 0.5748 -49.5439
0.9992 0.0026 -0.0110 -37.4205 -0.0062 -0.4623 -0.8867 0.0061 0.0402 -0.8868 0.4621 -49.9649
0.9991 -0.0169 0.0680 -40.2711 0.0381 -0.4498 -0.8923 0.0063 0.0172 -0.8920 0.4504 -50.3520
0.9938 -0.0064 -0.0045 -43.0367 0.0090 0.9675 0.2529 0.0061 0.1107 0.2519 -0.9677 -50.6639
0.9972 -0.0119 0.0269 -44.4636 -0.0135 0.1130 0.9935 0.0060 0.0738 0.9936 -0.1120 -50.7832
0.9966 0.0184 -0.0168 -47.3093 0.0131 -0.7675 0.6410 0.0062 0.0819 0.6418 0.7668 -50.9805
0.9910 -0.0079 0.0501 -48.6773 0.0306 -0.5685 -0.8221 0.0063 0.1302 -0.8199 0.5717 -51.0278
0.9958 -0.0455 0.0584 -50.0147 0.0335 0.4856 -0.8736 0.0063 0.0852 -0.8750 -0.4831 -51.0506
0.9975 -0.0519 0.0523 -51.3201 0.0367 0.7010 -0.7122 0.0063 0.0605 -0.7137 -0.6995 -51.0642
0.9976 -0.0011 0.0037 -53.9130 0.0020 -0.3974 -0.9176 0.0061 0.0690 -0.9176 0.3976 -51.0614
0.9990 0.0225 -0.0803 -56.6632 -0.0438 -0.4019 -0.9146 0.0058 -0.0129 -0.9144 0.4024 -51.0319
0.9977 0.0949 -0.0917 -59.6455 -0.0671 0.7287 -0.6816 0.0057 -0.0064 -0.6819 -0.7284 -51.0258
0.9978 0.0522 -0.0908 -62.8259 -0.0459 0.1466 -0.9881 0.0058 -0.0484 -0.9884 -0.1444 -51.0431
0.9996 -0.0010 0.0056 -65.9889 0.0033 -0.5304 -0.8477 0.0061 -0.0275 -0.8478 0.5303 -51.1039
0.9998 0.0014 -0.0099 -69.1002 -0.0061 -0.5821 -0.8131 0.0061 -0.0164 -0.8131 0.5821 -51.1814
0.9992 0.0088 -0.0640 -72.3515 -0.0395 -0.5862 -0.8092 0.0059 -0.0073 -0.8091 0.5864 -51.2684
1.0000 -0.0011 0.0078 -75.6444 0.0048 -0.5871 -0.8095 0.0061 -0.0029 -0.8095 0.5871 -51.3576
0.9989 -0.0105 0.0768 -78.7558 0.0474 -0.5867 -0.8084 0.0064 -0.0011 -0.8085 0.5866 -51.4421
0.9987 -0.0113 0.0827 -81.6642 0.0511 -0.5867 -0.8082 0.0064 -0.0004 -0.8082 0.5867 -51.5212
0.9985 -0.0123 0.0900 -84.4063 0.0556 -0.5867 -0.8079 0.0064 -0.0002 -0.8079 0.5867 -51.5957
0.9979 -0.0790 0.1131 -86.9484 0.0608 0.3683 -0.9277 0.0064 0.0205 -0.9282 -0.3671 -51.6335
0.9991 -0.0557 0.0721 -89.3240 0.0410 0.4780 -0.8774 0.0063 0.0103 -0.8776 -0.4777 -51.6558
0.9998 0.0272 -0.0352 -91.7550 -0.0200 0.4782 -0.8780 0.0060 0.0044 -0.8780 -0.4783 -51.6747
0.9983 0.0788 -0.1019 -94.4018 -0.0581 0.4777 -0.8766 0.0057 0.0016 -0.8766 -0.4778 -51.6946
0.9973 0.0996 -0.1289 -97.2959 -0.0734 0.4774 -0.8756 0.0057 0.0005 -0.8756 -0.4774 -51.7163
0.9972 0.1007 -0.1303 -100.4381 -0.0742 0.4776 -0.8754 0.0057 0.0001 -0.8754 -0.4776 -51.7399
1.0000 0.0132 -0.0171 -103.6512 -0.0097 0.4789 -0.8778 0.0060 0.0000 -0.8778 -0.4789 -51.7640
0.9991 -0.0563 0.0728 -106.6920 0.0415 0.4784 -0.8772 0.0063 -0.0000 -0.8772 -0.4784 -51.7868
0.9982 -0.0823 0.1065 -109.5117 0.0606 0.4777 -0.8764 0.0064 -0.0001 -0.8764 -0.4777 -51.8080
0.9979 -0.0873 0.1131 -112.1144 0.0644 0.4775 -0.8763 0.0065 -0.0001 -0.8763 -0.4775 -51.8275
0.9980 -0.0847 0.1097 -114.5135 0.0625 0.4774 -0.8765 0.0065 -0.0001 -0.8765 -0.4774 -51.8455
0.9992 -0.0532 0.0689 -116.7546 0.0392 0.4779 -0.8776 0.0063 -0.0001 -0.8776 -0.4779 -51.8624
0.9990 0.0598 -0.0774 -120.2956 -0.0441 0.4779 -0.8773 0.0058 -0.0001 -0.8773 -0.4779 -51.8890
0.9991 0.0564 -0.0730 -124.3096 -0.0416 0.4782 -0.8773 0.0058 -0.0001 -0.8773 -0.4782 -51.9191
0.9998 -0.0243 0.0315 -126.9651 0.0179 0.4784 -0.8779 0.0062 -0.0001 -0.8779 -0.4784 -51.9391
0.9986 -0.0708 0.0916 -130.6042 0.0522 0.4777 -0.8770 0.0064 -0.0001 -0.8770 -0.4777 -51.9664
0.9986 -0.0705 0.0912 -132.8004 0.0519 0.4775 -0.8771 0.0064 -0.0001 -0.8771 -0.4775 -51.9829
0.9998 0.0246 -0.0319 -136.0457 -0.0181 0.4781 -0.8781 0.0060 -0.0001 -0.8781 -0.4781 -52.0073
1.0000 -0.0050 0.0064 -138.2888 0.0037 0.4782 -0.8783 0.0061 -0.0001 -0.8783 -0.4782 -52.0241
0.9992 -0.0542 0.0702 -141.4113 0.0399 0.4777 -0.8776 0.0063 -0.0001 -0.8776 -0.4777 -52.0476
