0.9979 -0.0264 0.0033 -0.0990 0.0249 0.9975 -0.0664 0.0062 0.0591 -0.0679 -0.9974 -10.8236
0.9996 -0.0077 -0.0231 -0.1438 0.0225 0.8580 0.5131 0.0062 0.0188 0.5128 -0.8582 -11.5323
0.9997 -0.0047 -0.0275 -0.1841 0.0230 0.8015 0.5976 0.0062 0.0058 0.5975 -0.8016 -12.2238
0.9982 0.0381 -0.0527 -0.2921 0.0288 -0.4062 0.9133 0.0063 0.0525 0.9139 0.4049 -13.5308
0.9997 0.0328 -0.0248 -0.4110 0.0239 -0.8547 0.5186 0.0062 0.0023 0.5187 0.8546 -14.7594
0.9995 0.0289 -0.0096 -0.4723 0.0246 -0.9805 0.1951 0.0062 0.0215 0.1957 0.9804 -15.3441
0.9998 0.0027 -0.0054 -0.7072 -0.0027 -0.0022 -1.0000 0.0061 0.0215 -1.0000 0.0021 -17.0935
0.9991 0.0141 -0.0579 -1.2370 -0.0326 -0.4556 -0.8896 0.0059 0.0268 -0.8900 0.4548 -19.4822
0.9956 -0.0151 0.0401 -1.9612 -0.0207 0.2403 0.9705 0.0060 0.0912 0.9709 -0.2385 -22.1224
0.9989 -0.0520 0.0545 -2.1963 -0.0368 -0.6717 0.7399 0.0059 0.0280 0.7392 0.6725 -22.8319
0.9974 0.0056 -0.0424 -2.7091 -0.0264 -0.5943 -0.8038 0.0059 0.0668 -0.8048 0.5929 -24.3036
0.9990 0.0355 -0.0425 -3.2877 -0.0256 0.5560 -0.8308 0.0059 0.0378 -0.8302 -0.5568 -25.8482
0.9924 -0.0434 0.0435 -3.9715 -0.0308 -0.7053 0.7082 0.0059 0.1194 0.7056 0.7079 -27.4199
0.9979 0.0174 -0.0602 -4.7814 -0.0327 -0.3892 -0.9206 0.0059 0.0558 -0.9213 0.3875 -29.1025
0.9914 -0.0044 0.0089 -5.6738 -0.0045 0.0209 0.9998 0.0061 0.1311 0.9998 -0.0203 -30.7357
0.9994 -0.0098 0.0003 -6.6473 -0.0096 -0.9998 0.0172 0.0060 0.0340 0.0168 0.9998 -32.3679
0.9961 -0.0051 0.0082 -7.6473 0.0042 0.2440 -0.9698 0.0061 0.0877 -0.9699 -0.2437 -33.9506
0.9973 -0.0425 0.0469 -8.7919 -0.0302 -0.6300 0.7760 0.0059 0.0670 0.7747 0.6316 -35.5242
0.9944 0.0146 -0.0382 -10.0437 -0.0197 -0.2336 -0.9721 0.0060 0.1039 -0.9726 0.2316 -37.1336
0.9953 -0.0601 0.0750 -11.4813 -0.0439 -0.5165 0.8552 0.0058 0.0858 0.8532 0.5197 -38.7398
0.9977 -0.0085 0.0022 -12.9989 -0.0075 -0.9888 0.1493 0.0060 0.0680 0.1488 0.9888 -40.3733
0.9982 0.0149 -0.0165 -14.5658 -0.0106 0.6245 -0.7809 0.0060 0.0587 -0.7806 -0.6250 -41.9260
0.9983 -0.0091 0.0022 -16.1615 0.0081 0.9911 -0.1328 0.0061 0.0584 -0.1332 -0.9911 -43.4613
0.9874 -0.0013 -0.0101 -17.8189 -0.0083 -0.7877 -0.6160 0.0060 0.1580 -0.6170 0.7869 -44.8868
0.9955 0.0201 -0.0011 -19.6439 -0.0196 0.9994 -0.0280 0.0060 0.0929 -0.0262 -0.9995 -46.3013
0.9849 -0.0020 0.0182 -21.5119 0.0117 -0.6216 -0.7832 0.0062 0.1727 -0.7820 0.6232 -47.5815
0.9606 -0.0518 0.0565 -23.4089 0.0375 0.6388 -0.7684 0.0063 0.2753 -0.7750 -0.6309 -48.5760
0.9943 0.0480 -0.0399 -25.2818 0.0345 -0.8143 0.5794 0.0063 0.1011 0.5823 0.8123 -49.3615
0.9926 -0.0203 0.0530 -27.0835 0.0273 -0.2316 -0.9724 0.0063 0.1186 -0.9717 0.2348 -50.0419
0.9994 -0.0052 0.0054 -28.9158 0.0037 0.6768 -0.7361 0.0061 0.0343 -0.7362 -0.6767 -50.6784
0.9960 0.0029 -0.0157 -30.7295 0.0093 0.5375 0.8432 0.0061 0.0884 0.8428 -0.5382 -51.2568
0.9985 -0.0056 0.0050 -32.5892 -0.0040 -0.7733 0.6340 0.0061 0.0540 0.6339 0.7734 -51.7909
0.9911 -0.0096 0.0043 -34.4399 0.0078 0.9613 -0.2753 0.0061 0.1331 -0.2763 -0.9610 -52.2171
0.9977 -0.0079 0.0126 -36.3407 -0.0065 -0.2432 0.9699 0.0061 0.0676 0.9698 0.2437 -52.5676
0.9985 0.0035 -0.0295 -38.2946 -0.0186 -0.6075 -0.7941 0.0060 0.0508 -0.7946 0.6068 -52.8482
0.9995 0.0055 -0.0231 -39.2957 -0.0130 -0.4655 -0.8849 0.0060 0.0287 -0.8851 0.4652 -52.9859
0.9990 -0.0029 0.0055 -41.2625 0.0027 0.0515 -0.9987 0.0061 0.0440 -0.9987 -0.0514 -53.2416
0.9997 0.0120 -0.0168 -42.2600 -0.0091 0.3957 -0.9183 0.0060 0.0211 -0.9182 -0.3959 -53.3601
0.9990 0.0111 -0.0089 -43.2681 -0.0080 0.8312 -0.5559 0.0060 0.0444 -0.5556 -0.8314 -53.4694
0.9989 -0.0207 0.0374 -45.3193 -0.0188 -0.1090 0.9939 0.0060 0.0439 0.9938 0.1098 -53.6234
0.9988 0.0062 -0.0059 -47.3991 0.0044 -0.7345 0.6786 0.0061 0.0494 0.6787 0.7344 -53.7541
0.9995 0.0256 -0.0144 -48.4000 0.0198 -0.9315 0.3632 0.0062 0.0255 0.3637 0.9313 -53.8046
0.9997 0.0280 -0.0125 -50.3177 0.0226 -0.9609 0.2758 0.0062 0.0095 0.2760 0.9609 -53.8997
0.9995 -0.0084 -0.0297 -52.2972 -0.0276 -0.8429 -0.5374 0.0059 0.0172 -0.5378 0.8426 -53.9695
0.9969 0.0393 -0.1238 -54.5184 -0.0660 -0.3432 -0.9369 0.0057 0.0438 -0.9379 0.3405 -54.0304
0.9968 0.0909 -0.1537 -57.0024 -0.0781 0.1799 -0.9806 0.0056 0.0146 -0.9804 -0.1810 -54.0690
0.9967 0.0968 -0.1590 -59.7458 -0.0814 0.2113 -0.9740 0.0056 0.0072 -0.9739 -0.2118 -54.1056
0.9966 0.0976 -0.1599 -62.7456 -0.0819 0.2141 -0.9734 0.0056 0.0030 -0.9733 -0.2144 -54.1433
0.9967 0.0973 -0.1594 -65.9997 -0.0816 0.2147 -0.9733 0.0056 0.0011 -0.9733 -0.2148 -54.1839
0.9988 0.0573 -0.0938 -69.4530 -0.0480 0.2154 -0.9754 0.0058 0.0004 -0.9753 -0.2154 -54.2268
1.0000 -0.0026 0.0043 -72.8516 0.0022 0.2156 -0.9765 0.0061 0.0001 -0.9765 -0.2156 -54.2691
0.9996 0.0322 -0.0527 -76.2894 -0.0270 0.2156 -0.9761 0.0059 0.0000 -0.9761 -0.2156 -54.3118
0.9987 0.0611 -0.1000 -79.9136 -0.0512 0.2155 -0.9752 0.0058 -0.0000 -0.9752 -0.2155 -54.3568
1.0000 -0.0025 0.0041 -83.5847 0.0021 0.2158 -0.9764 0.0061 -0.0001 -0.9764 -0.2158 -54.4024
0.9987 -0.0603 0.0988 -87.0597 0.0506 0.2154 -0.9752 0.0064 -0.0001 -0.9752 -0.2154 -54.4456
0.9998 -0.0255 0.0417 -91.9313 0.0214 0.2154 -0.9763 0.0062 -0.0001 -0.9763 -0.2154 -54.5061
1.0000 0.0003 -0.0005 -95.2268 -0.0002 0.2155 -0.9765 0.0061 -0.0001 -0.9765 -0.2155 -54.5471
0.9986 -0.0624 0.1023 -99.9231 0.0524 0.2150 -0.9752 0.0064 -0.0001 -0.9752 -0.2150 -54.6054
0.9973 -0.0885 0.0875 -102.7789 0.0626 0.7138 -0.6976 0.0065 0.0389 -0.6993 -0.7121 -54.6287
0.9984 -0.0256 0.0987 -106.7487 0.0548 -0.4334 -0.8996 0.0064 0.0131 -0.8992 0.4340 -54.6097
0.9985 -0.0260 0.0987 -107.9831 0.0546 -0.4264 -0.9029 0.0064 0.0092 -0.9027 0.4269 -54.6000
1.0000 -0.0045 0.0168 -110.4237 0.0093 -0.4246 -0.9054 0.0061 0.0037 -0.9053 0.4246 -54.5795
0.9999 0.0075 -0.0283 -111.6916 -0.0156 -0.4251 -0.9050 0.0060 0.0022 -0.9050 0.4251 -54.5687
1.0000 -0.0030 0.0110 -114.2296 0.0061 -0.4209 -0.9071 0.0061 0.0007 -0.9071 0.4209 -54.5471
0.9999 0.0049 -0.0184 -116.7387 -0.0102 -0.4251 -0.9051 0.0060 0.0002 -0.9051 0.4251 -54.5256
0.9990 0.0215 -0.0813 -119.4102 -0.0449 -0.4253 -0.9040 0.0058 0.0000 -0.9040 0.4253 -54.5028
1.0000 0.0019 -0.0073 -122.1438 -0.0040 -0.4257 -0.9049 0.0061 -0.0000 -0.9049 0.4257 -54.4795
0.9995 0.0155 -0.0586 -126.2512 -0.0324 -0.4254 -0.9044 0.0059 -0.0001 -0.9044 0.4254 -54.4444
0.9982 0.0290 -0.1096 -129.2262 -0.0606 -0.4247 -0.9033 0.0057 -0.0001 -0.9033 0.4247 -54.4189
0.9992 0.0195 -0.0734 -132.3907 -0.0406 -0.4250 -0.9043 0.0059 -0.0001 -0.9043 0.4250 -54.3919
0.9997 -0.0108 0.0408 -135.4747 0.0225 -0.4253 -0.9048 0.0062 -0.0001 -0.9048 0.4253 -54.3655
0.9994 -0.0164 0.0619 -138.3826 0.0342 -0.4253 -0.9044 0.0063 -0.0001 -0.9044 0.4253 -54.3407
0.9998 0.0086 -0.0324 -141.3243 -0.0179 -0.4254 -0.9048 0.0060 -0.0001 -0.9048 0.4254 -54.3155
0.9995 0.0152 -0.0574 -146.0701 -0.0317 -0.4250 -0.9046 0.0059 -0.0001 -0.9046 0.4250 -54.2750
1.0000 0.0003 -0.0011 -147.6526 -0.0006 -0.4253 -0.9050 0.0061 -0.0001 -0.9050 0.4253 -54.2614
0.9990 -0.0212 0.0802 -150.6710 0.0443 -0.4250 -0.9041 0.0063 -0.0001 -0.9041 0.4250 -54.2356
0.9985 -0.0265 0.1002 -152.0978 0.0554 -0.4249 -0.9036 0.0064 -0.0001 -0.9036 0.4249 -54.2234
0.9990 -0.0212 0.0802 -154.8173 0.0443 -0.4253 -0.9040 0.0063 -0.0001 -0.9040 0.4252 -54.2002
0.9999 -0.0075 0.0285 -157.5239 0.0157 -0.4256 -0.9048 0.0062 -0.0001 -0.9048 0.4256 -54.1771
0.9988 -0.0230 0.0871 -161.3517 0.0481 -0.4253 -0.9038 0.0064 -0.0001 -0.9038 0.4253 -54.1444
0.9985 -0.0264 0.0998 -164.7608 0.0551 -0.4251 -0.9034 0.0064 -0.0001 -0.9034 0.4251 -54.1152
0.9989 -0.0370 0.0712 -168.7381 0.0356 0.0396 -0.9986 0.0063 0.0310 -0.9986 -0.0385 -54.0712
0.9999 -0.0198 0.0266 -171.6138 0.0148 0.4385 -0.8986 0.0062 0.0041 -0.8987 -0.4384 -54.0035
0.9996 -0.0357 0.0166 -175.1356 0.0286 0.9567 -0.2897 0.0063 0.0053 -0.2898 -0.9567 -53.8843
0.9997 0.0059 -0.0082 -177.5694 0.0045 -0.4024 0.9155 0.0061 0.0245 0.9155 0.4023 -53.7145
0.9993 0.0023 -0.0033 -181.7851 -0.0017 0.3559 -0.9345 0.0061 0.0361 -0.9345 -0.3559 -53.2099
0.9999 -0.0180 0.0191 -183.4527 0.0128 0.6636 -0.7480 0.0062 0.0072 -0.7480 -0.6635 -52.9773
0.9993 -0.0021 0.0029 -186.6353 -0.0016 -0.3860 0.9225 0.0061 0.0373 0.9225 0.3861 -52.4141
0.9998 -0.0006 0.0216 -188.9580 0.0149 -0.6859 -0.7275 0.0062 0.0112 -0.7274 0.6860 -51.8909
0.9954 0.0056 -0.0366 -191.0989 0.0224 0.5731 0.8192 0.0062 0.0929 0.8180 -0.5748 -51.3121
0.9760 0.0217 -0.0227 -193.6691 0.0155 -0.6713 0.7410 0.0062 0.2171 0.7433 0.6688 -50.0479
0.9927 -0.0165 0.0452 -194.7163 0.0235 -0.2640 -0.9642 0.0062 0.1180 -0.9635 0.2667 -49.1815
0.9997 -0.0239 0.0152 -195.7214 0.0180 0.9061 -0.4226 0.0062 0.0186 -0.4229 -0.9060 -48.3373
0.9999 -0.0113 -0.0071 -197.1521 0.0152 0.9727 0.2316 0.0062 0.0032 0.2315 -0.9727 -47.1142
0.9999 -0.0000 -0.0177 -198.5041 0.0125 0.7086 0.7055 0.0062 0.0047 0.7055 -0.7086 -45.9420
0.9997 0.0145 -0.0257 -199.7679 0.0130 -0.1278 0.9917 0.0062 0.0198 0.9918 0.1275 -44.8061
0.9997 0.0176 -0.0198 -200.5674 0.0125 -0.6135 0.7896 0.0062 0.0188 0.7897 0.6133 -44.0709
0.9999 0.0129 -0.0048 -201.7058 0.0107 -0.9750 0.2221 0.0062 0.0017 0.2221 0.9750 -43.0010
1.0000 0.0066 -0.0169 -202.7952 -0.0086 -0.2132 -0.9770 0.0060 0.0041 -0.9770 0.2132 -41.9120
0.9991 0.0023 0.0000 -204.2999 -0.0023 1.0000 0.0013 0.0061 0.0426 0.0014 -1.0000 -40.3423
0.9927 0.0133 -0.0029 -205.3426 -0.0120 0.9928 -0.1193 0.0060 0.1198 -0.1178 -0.9930 -38.9726
0.9996 -0.0295 0.0397 -206.0453 -0.0221 -0.4357 0.8998 0.0060 0.0201 0.8996 0.4361 -37.9381
0.9995 -0.0136 -0.0247 -206.7691 -0.0288 -0.9027 -0.4293 0.0059 0.0092 -0.4295 0.9026 -36.8303
0.9994 0.0046 -0.0389 -207.1464 -0.0245 -0.6067 -0.7945 0.0059 0.0243 -0.7949 0.6062 -36.2451
0.9997 0.0066 -0.0127 -207.8986 -0.0063 0.0328 -0.9994 0.0061 0.0249 -0.9994 -0.0330 -35.0623
1.0000 -0.0092 0.0139 -208.6293 0.0073 0.3133 -0.9496 0.0061 0.0015 -0.9496 -0.3133 -33.8984
0.9999 -0.0214 0.0186 -209.3132 0.0153 0.7946 -0.6069 0.0062 0.0059 -0.6070 -0.7945 -32.7808
0.9986 -0.0034 -0.0272 -209.9378 0.0218 0.7812 0.6240 0.0062 0.0482 0.6231 -0.7818 -31.7048
0.9996 0.0193 -0.0380 -210.5115 0.0190 -0.0136 0.9997 0.0062 0.0215 0.9997 0.0132 -30.6731
0.9997 0.0218 -0.0265 -211.0552 0.0158 -0.5439 0.8390 0.0062 0.0197 0.8392 0.5437 -29.6780
0.9997 0.0185 -0.0122 -211.5704 0.0138 -0.8962 0.4434 0.0062 0.0189 0.4436 0.8961 -28.7132
0.9998 0.0119 0.0015 -212.0592 0.0127 -0.9981 -0.0596 0.0062 0.0181 -0.0593 0.9982 -27.7766
0.9998 0.0038 0.0128 -212.5234 0.0120 -0.8460 -0.5331 0.0062 0.0173 -0.5329 0.8461 -26.8673
0.9977 0.0144 -0.0065 -212.9488 -0.0117 0.9599 -0.2800 0.0060 0.0671 -0.2793 -0.9601 -25.9094
0.9984 -0.0614 0.0216 -213.3696 -0.0518 -0.9768 0.2078 0.0058 0.0208 0.2068 0.9770 -24.7616
0.9986 0.0158 -0.0396 -213.8256 -0.0202 -0.1968 -0.9802 0.0060 0.0479 -0.9804 0.1958 -23.5049
0.9996 -0.0007 0.0285 -214.2184 -0.0196 0.6890 0.7245 0.0060 0.0220 0.7248 -0.6887 -22.2130
0.9995 -0.0133 0.0332 -214.6320 -0.0169 0.1979 0.9801 0.0060 0.0263 0.9802 -0.1975 -20.8622
0.9989 -0.0442 0.0010 -215.0286 -0.0436 -0.9990 0.0119 0.0058 0.0196 0.0111 0.9990 -19.3794
0.9994 -0.0055 -0.0163 -215.4453 -0.0159 -0.8585 -0.5126 0.0060 0.0305 -0.5130 0.8582 -17.8041
0.9995 0.0245 -0.0236 -215.8068 -0.0174 0.7334 -0.6796 0.0060 0.0248 -0.6793 -0.7337 -16.2074
0.9971 -0.0053 0.0238 -216.1387 -0.0137 0.4856 0.8741 0.0060 0.0744 0.8746 -0.4847 -14.5503
0.9989 -0.0270 0.0263 -216.4401 -0.0191 -0.7254 0.6881 0.0060 0.0439 0.6875 0.7259 -12.8114
0.9991 0.0173 -0.0476 -216.6856 -0.0247 -0.2623 -0.9647 0.0059 0.0355 -0.9649 0.2615 -11.0078
0.9996 0.0163 -0.0172 -216.9081 -0.0115 0.6682 -0.7439 0.0060 0.0238 -0.7437 -0.6684 -9.1423
0.9998 -0.0056 -0.0007 -217.0974 0.0060 0.9984 0.0555 0.0061 0.0206 0.0554 -0.9984 -7.3041
0.9992 0.0311 -0.0248 -217.2784 0.0224 -0.8334 0.5522 0.0062 0.0320 0.5528 0.8330 -4.6833
0.9998 0.0208 -0.0128 -217.3699 0.0157 -0.9132 0.4071 0.0062 0.0094 0.4073 0.9132 -3.0239
0.9985 -0.0731 0.0446 -217.5157 -0.0554 -0.9143 0.4013 0.0058 0.0021 0.4011 0.9143 -0.3303
0.9987 -0.0674 0.0411 -217.6912 -0.0511 -0.9146 0.4011 0.0058 0.0004 0.4011 0.9146 2.9203
0.9998 -0.0270 0.0165 -217.8707 -0.0205 -0.9156 0.4015 0.0060 0.0000 0.4015 0.9156 6.2461
0.9984 -0.0739 0.0450 -218.0002 -0.0561 -0.9144 0.4008 0.0058 -0.0000 0.4008 0.9144 8.6443
0.9990 -0.0585 0.0357 -218.2166 -0.0444 -0.9151 0.4009 0.0058 -0.0001 0.4009 0.9151 12.6535
0.9999 -0.0211 0.0129 -218.4348 -0.0161 -0.9158 0.4012 0.0060 -0.0001 0.4012 0.9158 16.6949
0.9992 0.0035 0.0015 -218.6479 0.0043 -0.9846 -0.1750 0.0061 0.0395 -0.1748 0.9846 20.8759
0.9991 0.0000 0.0566 -218.7926 0.0401 -0.7067 -0.7064 0.0063 0.0128 -0.7061 0.7070 24.8404
0.9986 -0.0009 0.0763 -218.8733 0.0533 -0.6972 -0.7149 0.0064 0.0059 -0.7147 0.6974 27.2616
0.9986 -0.0013 0.0756 -218.9470 0.0526 -0.6941 -0.7179 0.0064 0.0021 -0.7179 0.6942 29.5011
0.9997 0.0003 -0.0319 -219.0558 -0.0224 -0.7003 -0.7135 0.0060 0.0004 -0.7135 0.7003 32.8113
0.9981 0.0008 -0.0869 -219.1367 -0.0609 -0.6996 -0.7120 0.0057 0.0001 -0.7120 0.6996 35.2711
0.9968 0.0010 -0.1138 -219.3234 -0.0798 -0.6984 -0.7113 0.0056 -0.0000 -0.7113 0.6984 40.9514
0.9967 0.0011 -0.1155 -219.4293 -0.0809 -0.6982 -0.7114 0.0056 -0.0000 -0.7114 0.6982 44.1730
0.9967 0.0011 -0.1155 -219.5434 -0.0809 -0.6980 -0.7115 0.0056 -0.0001 -0.7115 0.6980 47.6465
0.9989 0.0006 -0.0674 -219.6640 -0.0472 -0.6994 -0.7131 0.0058 -0.0001 -0.7131 0.6994 51.3172
0.9997 -0.0003 0.0352 -219.7816 0.0247 -0.7001 -0.7137 0.0062 -0.0001 -0.7137 0.7001 54.8954
0.9982 -0.0008 0.0866 -219.8915 0.0607 -0.6991 -0.7124 0.0064 -0.0001 -0.7124 0.6991 58.2403
0.9974 -0.0009 0.1036 -220.0412 0.0726 -0.6988 -0.7116 0.0065 -0.0001 -0.7116 0.6988 62.7938
0.9975 -0.0009 0.1008 -220.1313 0.0706 -0.6990 -0.7116 0.0065 -0.0001 -0.7116 0.6990 65.5379
0.9983 -0.0653 0.1062 -220.1835 0.0545 0.2240 -0.9731 0.0064 0.0207 -0.9733 -0.2229 68.0908
0.9986 -0.0664 0.0976 -220.2199 0.0519 0.3383 -0.9396 0.0064 0.0102 -0.9398 -0.3378 70.4992
0.9987 0.0157 -0.0269 -220.1588 0.0136 -0.1624 0.9866 0.0062 0.0496 0.9867 0.1617 73.8881
0.9994 -0.0149 0.0052 -219.9914 -0.0126 -0.9779 0.2088 0.0060 0.0321 0.2084 0.9780 77.3119
0.9988 0.0036 0.0063 -219.8427 0.0074 -0.9069 -0.4214 0.0061 0.0483 -0.4211 0.9070 79.6175
0.9986 0.0059 -0.0025 -219.6074 -0.0048 0.9661 -0.2581 0.0061 0.0535 -0.2579 -0.9662 81.8831
0.9982 0.0017 0.0049 -219.3332 -0.0048 0.8587 0.5124 0.0061 0.0594 0.5126 -0.8586 84.1747
0.9997 -0.0033 0.0160 -219.0192 -0.0092 0.5043 0.8635 0.0060 0.0211 0.8636 -0.5041 86.5155
0.9995 0.0183 -0.0246 -218.6785 0.0137 -0.4362 0.8997 0.0062 0.0270 0.8999 0.4359 88.7983
0.9995 0.0426 -0.0518 -218.3419 0.0308 -0.5424 0.8395 0.0063 0.0118 0.8397 0.5421 90.9774
1.0000 0.0072 -0.0087 -218.0106 0.0052 -0.5478 0.8366 0.0061 0.0049 0.8366 0.5478 93.0998
1.0000 -0.0032 0.0039 -217.6745 -0.0023 -0.5471 0.8370 0.0061 0.0018 0.8370 0.5472 95.2489
0.9993 -0.0513 0.0623 -217.3218 -0.0371 -0.5427 0.8391 0.0059 0.0006 0.8391 0.5428 97.5033
1.0000 -0.0028 0.0034 -216.9594 -0.0020 -0.5477 0.8367 0.0061 0.0002 0.8367 0.5477 99.8201
0.9996 0.0226 -0.0025 -216.5860 0.0214 -0.9981 0.0579 0.0062 0.0170 0.0583 0.9981 102.0252
0.9986 0.0105 0.0360 -216.2119 0.0337 -0.8455 -0.5329 0.0063 0.0404 -0.5317 0.8462 104.1177
0.9983 -0.0014 -0.0019 -215.5294 0.0025 0.9258 0.3779 0.0061 0.0583 0.3778 -0.9259 107.1529
0.9997 0.0020 -0.0201 -215.0373 0.0128 0.6230 0.7821 0.0062 0.0198 0.7820 -0.6232 109.1607
0.9995 0.0271 -0.0450 -214.5386 0.0230 -0.2001 0.9795 0.0062 0.0219 0.9796 0.1996 111.0711
0.9963 0.0130 0.0297 -214.0163 0.0317 -0.8825 -0.4693 0.0063 0.0801 -0.4671 0.8837 112.8735
0.9985 -0.0350 0.0519 -213.4703 0.0275 0.3270 -0.9446 0.0063 0.0483 -0.9450 -0.3258 114.5725
0.9993 -0.0000 -0.0022 -212.8706 0.0016 0.7143 0.6999 0.0061 0.0361 0.6998 -0.7143 116.2215
0.9991 -0.0116 -0.0106 -211.8514 -0.0178 -0.9540 -0.2992 0.0060 0.0374 -0.2998 0.9538 118.7409
0.9997 0.0063 -0.0174 -211.0997 -0.0090 -0.2657 -0.9640 0.0060 0.0244 -0.9641 0.2654 120.4622
0.9997 -0.0243 0.0285 -209.9824 0.0174 0.5756 -0.8175 0.0062 0.0168 -0.8177 -0.5754 122.9392
0.9972 0.0001 -0.0218 -209.2261 0.0154 0.7033 0.7107 0.0062 0.0734 0.7099 -0.7041 124.4870
0.9990 -0.0059 0.0074 -208.4149 -0.0043 -0.5167 0.8561 0.0061 0.0438 0.8560 0.5169 126.0409
0.9992 0.0059 -0.0314 -207.5256 -0.0186 -0.5308 -0.8473 0.0060 0.0350 -0.8476 0.5302 127.6029
0.9997 0.0126 -0.0173 -206.5824 -0.0095 0.4127 -0.9108 0.0060 0.0230 -0.9107 -0.4129 129.1986
0.9969 -0.0026 -0.0188 -205.6225 0.0153 0.7873 0.6164 0.0062 0.0777 0.6154 -0.7880 130.7285
0.9987 0.0298 -0.0398 -204.6644 0.0222 -0.4447 0.8954 0.0062 0.0454 0.8959 0.4438 132.1650
0.9935 -0.0297 0.0385 -203.6867 0.0220 0.4765 -0.8789 0.0062 0.1115 -0.8801 -0.4744 133.4761
0.9988 0.0001 0.0015 -202.6484 -0.0011 0.7508 0.6605 0.0061 0.0490 0.6606 -0.7508 134.7654
0.9923 0.0032 -0.0318 -201.5137 -0.0205 -0.6265 -0.7791 0.0060 0.1222 -0.7807 0.6246 136.0333
0.9989 0.0135 -0.0063 -199.5889 -0.0108 0.9564 -0.2920 0.0060 0.0451 -0.2915 -0.9565 138.0356
0.9998 -0.0127 0.0184 -197.5643 -0.0098 -0.3619 0.9322 0.0060 0.0197 0.9321 0.3621 139.9813
0.9967 0.0010 0.0046 -196.1878 0.0040 -0.8229 -0.5682 0.0061 0.0812 -0.5679 0.8231 141.2325
0.9987 0.0109 -0.0145 -194.7492 -0.0081 0.4431 -0.8965 0.0060 0.0506 -0.8963 -0.4434 142.4671
0.9900 -0.0313 0.0260 -193.2105 -0.0225 -0.8141 0.5803 0.0060 0.1392 0.5778 0.8159 143.6485
0.9969 0.0297 -0.0613 -191.4964 -0.0307 -0.0324 -0.9990 0.0059 0.0724 -0.9991 0.0301 144.8467
0.9979 -0.0002 0.0393 -189.6859 -0.0277 0.7047 0.7090 0.0059 0.0588 0.7101 -0.7035 146.0074
0.9939 -0.0157 0.0035 -187.7937 -0.0141 -0.9921 0.1244 0.0060 0.1095 0.1228 0.9923 147.1354
0.9944 -0.0050 0.0600 -185.7349 -0.0392 0.6412 0.7664 0.0059 0.0978 0.7688 -0.6383 148.1739
0.9912 -0.0023 -0.0015 -183.5793 -0.0032 -0.9710 -0.2392 0.0061 0.1325 -0.2396 0.9709 149.1521
0.9938 -0.0053 0.0146 -181.3906 -0.0076 0.2687 0.9632 0.0060 0.1106 0.9634 -0.2679 149.9602
0.9905 0.0018 0.0148 -179.1677 0.0119 -0.7813 -0.6240 0.0062 0.1372 -0.6228 0.7823 150.6726
0.9938 -0.0022 0.0040 -176.9384 -0.0020 -0.1116 0.9938 0.0061 0.1110 0.9937 0.1118 151.2102
0.9907 -0.0045 0.0226 -174.6872 0.0133 -0.5219 -0.8529 0.0062 0.1351 -0.8519 0.5235 151.6516
0.9984 -0.0350 0.0390 -172.5066 0.0250 0.6232 -0.7817 0.0062 0.0508 -0.7825 -0.6222 152.0040
0.9976 -0.0102 -0.0517 -169.4816 0.0444 0.8124 0.5814 0.0064 0.0534 0.5795 -0.8138 152.4189
0.9987 0.0579 -0.0889 -166.7925 0.0464 -0.2886 0.9563 0.0064 0.0209 0.9566 0.2877 152.7198
0.9990 0.0291 0.0233 -163.6940 0.0424 -0.9604 -0.2753 0.0063 0.0125 -0.2748 0.9606 152.9827
0.9993 -0.0386 0.0752 -161.0980 0.0376 0.0257 -0.9990 0.0063 0.0068 -0.9990 -0.0254 153.1344
0.9996 -0.0182 0.0020 -158.4365 0.0173 0.9982 -0.0570 0.0061 0.0213 -0.0574 -0.9982 153.2224
0.9984 -0.0794 0.0743 -155.2233 -0.0563 -0.7501 0.6590 0.0058 0.0006 0.6589 0.7501 153.1935
0.9965 -0.1177 0.1123 -152.0113 -0.0833 -0.7361 0.6717 0.0056 -0.0108 0.6724 0.7355 153.1240
0.9991 -0.0347 0.0531 -150.1506 -0.0278 -0.2948 0.9552 0.0059 -0.0330 0.9554 0.2939 153.1084
1.0000 0.0042 -0.0095 -148.3328 0.0048 0.1043 0.9945 0.0061 -0.0069 0.9945 -0.1042 153.1111
0.9998 0.0160 -0.0364 -146.6006 0.0183 0.1201 0.9926 0.0062 -0.0029 0.9926 -0.1201 153.1142
0.9997 0.0230 -0.0523 -144.9525 0.0263 0.1209 0.9923 0.0062 -0.0011 0.9923 -0.1208 153.1176
1.0000 -0.0015 0.0034 -143.3404 -0.0017 0.1209 0.9927 0.0061 -0.0004 0.9927 -0.1209 153.1210
0.9989 -0.0406 0.0925 -141.5620 -0.0466 0.1207 0.9916 0.0058 -0.0002 0.9916 -0.1207 153.1248
0.9999 -0.0134 0.0305 -139.6831 -0.0154 0.1208 0.9926 0.0060 -0.0001 0.9926 -0.1208 153.1287
0.9998 -0.0183 0.0416 -137.7978 -0.0210 0.1207 0.9925 0.0060 -0.0001 0.9925 -0.1207 153.1326
0.9981 -0.0535 0.1217 -135.7199 -0.0613 0.1204 0.9908 0.0057 -0.0001 0.9908 -0.1204 153.1370
0.9970 -0.0677 0.1541 -133.3740 -0.0776 0.1200 0.9897 0.0056 -0.0001 0.9897 -0.1200 153.1420
0.9988 -0.0432 0.0982 -130.8183 -0.0495 0.1201 0.9915 0.0058 -0.0001 0.9915 -0.1201 153.1474
0.9999 0.0118 -0.0269 -128.3202 0.0136 0.1203 0.9926 0.0062 -0.0001 0.9926 -0.1203 153.1527
0.9991 0.0372 -0.0846 -125.9934 0.0426 0.1202 0.9918 0.0063 -0.0001 0.9918 -0.1202 153.1576
0.9988 0.0434 -0.0988 -123.8404 0.0498 0.1205 0.9915 0.0064 -0.0001 0.9915 -0.1205 153.1621
0.9987 0.0439 -0.0999 -121.8531 0.0503 0.1207 0.9914 0.0064 -0.0001 0.9914 -0.1207 153.1663
0.9989 0.0406 -0.0925 -120.0203 0.0466 0.1208 0.9916 0.0064 -0.0001 0.9916 -0.1208 153.1702
1.0000 0.0062 -0.0142 -118.2456 0.0071 0.1209 0.9926 0.0061 -0.0001 0.9926 -0.1209 153.1739
0.9990 -0.0389 0.0887 -116.3077 -0.0447 0.1207 0.9917 0.0058 -0.0001 0.9917 -0.1207 153.1780
1.0000 -0.0087 0.0198 -114.2755 -0.0100 0.1208 0.9926 0.0060 -0.0001 0.9926 -0.1208 153.1823
0.9997 0.0215 -0.0491 -112.3467 0.0247 0.1208 0.9924 0.0062 -0.0001 0.9924 -0.1208 153.1864
0.9997 0.0213 -0.0486 -110.5373 0.0245 0.1209 0.9924 0.0062 -0.0001 0.9924 -0.1209 153.1902
1.0000 0.0005 -0.0010 -108.7135 0.0005 0.1209 0.9927 0.0061 -0.0001 0.9927 -0.1209 153.1941
0.9998 -0.0187 0.0427 -106.8438 -0.0215 0.1208 0.9924 0.0060 -0.0001 0.9924 -0.1208 153.1980
0.9980 -0.0550 0.1253 -104.7673 -0.0631 0.1205 0.9907 0.0057 -0.0001 0.9907 -0.1205 153.2024
0.9969 -0.0683 0.1556 -102.4206 -0.0784 0.1201 0.9897 0.0056 -0.0001 0.9897 -0.1202 153.2074
0.9970 -0.0674 0.1533 -99.8164 -0.0772 0.1200 0.9898 0.0056 -0.0001 0.9898 -0.1200 153.2129
0.9999 -0.0123 0.0279 -97.1311 -0.0141 0.1203 0.9926 0.0060 -0.0001 0.9926 -0.1203 153.2185
0.9994 0.0295 -0.0671 -94.5930 0.0338 0.1203 0.9922 0.0063 -0.0001 0.9922 -0.1203 153.2238
0.9987 0.0445 -0.1014 -92.2431 0.0511 0.1204 0.9914 0.0064 -0.0001 0.9914 -0.1204 153.2288
0.9987 0.0443 -0.1009 -91.1347 0.0508 0.1205 0.9914 0.0064 -0.0001 0.9914 -0.1205 153.2311
1.0000 0.0070 -0.0159 -88.9431 0.0080 0.1206 0.9927 0.0061 -0.0001 0.9927 -0.1206 153.2358
0.9997 -0.0202 0.0460 -87.7924 -0.0232 0.1205 0.9924 0.0060 -0.0001 0.9924 -0.1205 153.2382
0.9989 -0.0403 0.0917 -86.5827 -0.0462 0.1203 0.9917 0.0058 -0.0001 0.9917 -0.1203 153.2408
0.9981 -0.0531 0.1208 -85.3112 -0.0608 0.1201 0.9909 0.0057 -0.0001 0.9909 -0.1201 153.2435
0.9979 -0.0568 0.1293 -83.9809 -0.0651 0.1200 0.9906 0.0057 -0.0001 0.9906 -0.1200 153.2462
0.9991 -0.0373 0.0849 -82.6301 -0.0428 0.1201 0.9918 0.0058 -0.0001 0.9918 -0.1201 153.2491
1.0000 -0.0086 0.0196 -81.3016 -0.0099 0.1202 0.9927 0.0060 -0.0001 0.9927 -0.1202 153.2519
0.9999 0.0149 -0.0339 -80.0128 0.0171 0.1203 0.9926 0.0062 -0.0001 0.9926 -0.1203 153.2546
0.9988 0.0425 -0.0969 -76.4236 0.0488 0.1204 0.9915 0.0064 -0.0001 0.9915 -0.1204 153.2622
0.9999 0.0105 -0.0239 -74.1513 0.0120 0.1205 0.9926 0.0062 -0.0001 0.9926 -0.1205 153.2670
0.9998 0.0165 -0.0375 -71.8858 0.0189 0.1205 0.9925 0.0062 -0.0001 0.9925 -0.1205 153.2717
0.9993 0.0335 -0.0764 -69.7526 0.0385 0.1206 0.9920 0.0063 -0.0001 0.9920 -0.1206 153.2762
0.9989 0.0401 -0.0913 -67.7777 0.0460 0.1206 0.9916 0.0064 -0.0001 0.9916 -0.1206 153.2804
0.9995 0.0283 -0.0645 -65.9348 0.0325 0.1208 0.9921 0.0063 -0.0001 0.9921 -0.1208 153.2843
0.9998 -0.0158 0.0360 -64.0408 -0.0181 0.1208 0.9925 0.0060 -0.0001 0.9925 -0.1208 153.2883
1.0000 -0.0005 0.0012 -62.0838 -0.0006 0.1208 0.9927 0.0061 -0.0001 0.9927 -0.1208 153.2924
0.9992 0.0320 -0.0473 -60.2248 0.0251 -0.3337 0.9423 0.0062 0.0298 0.9426 0.3330 153.2866
0.9996 0.0382 -0.0402 -58.4612 0.0270 -0.6679 0.7437 0.0062 0.0053 0.7438 0.6678 153.2643
0.9990 0.0443 -0.0263 -56.8084 0.0338 -0.9205 0.3893 0.0063 0.0294 0.3902 0.9201 153.2343
0.9996 0.0299 -0.0031 -55.2469 0.0284 -0.9981 0.0555 0.0063 0.0041 0.0556 0.9981 153.1920
0.9992 0.0193 0.0215 -53.7862 0.0319 -0.9411 -0.3367 0.0063 0.0261 -0.3359 0.9414 153.1452
0.9998 -0.0071 0.0101 -52.3752 0.0055 0.3825 -0.9240 0.0061 0.0169 -0.9240 -0.3824 153.0505
1.0000 -0.0097 0.0126 -50.9449 0.0072 0.4767 -0.8791 0.0061 0.0019 -0.8791 -0.4766 152.9592
0.9999 -0.0010 0.0104 -48.8823 -0.0067 0.6321 0.7748 0.0061 0.0154 0.7749 -0.6320 152.7642
0.9973 -0.0405 0.0322 -46.6109 -0.0293 -0.8341 0.5508 0.0061 0.0674 0.5491 0.8352 152.4981
0.9970 0.0026 0.0169 -44.1781 0.0139 -0.7951 -0.6063 0.0065 0.0763 -0.6054 0.7958 152.1413
0.9999 0.0142 -0.0103 -41.7362 -0.0104 0.8684 -0.4958 0.0060 0.0103 -0.4957 -0.8684 151.6921
0.9978 0.0051 -0.0213 -39.3544 0.0121 0.4635 0.8860 0.0062 0.0656 0.8856 -0.4642 151.2123
0.9995 0.0064 -0.0066 -36.9864 0.0045 -0.6861 0.7275 0.0061 0.0326 0.7276 0.6860 150.6602
0.9999 0.0039 -0.0145 -34.6283 -0.0079 -0.4135 -0.9105 0.0060 0.0104 -0.9105 0.4134 150.0174
0.9978 -0.0161 0.0097 -32.3314 0.0122 0.9175 -0.3975 0.0062 0.0646 -0.3983 -0.9172 149.3503
0.9975 -0.0102 0.0140 -30.0439 -0.0077 -0.4147 0.9099 0.0060 0.0705 0.9097 0.4152 148.5784
0.9993 0.0424 -0.0462 -27.6055 -0.0301 0.6416 -0.7664 0.0059 0.0208 -0.7660 -0.6421 147.5631
0.9992 -0.0206 0.0377 -25.1285 -0.0189 -0.0915 0.9956 0.0060 0.0350 0.9956 0.0922 146.4339
0.9961 -0.0072 -0.0232 -22.4834 -0.0222 -0.8521 -0.5228 0.0060 0.0856 -0.5244 0.8512 145.1293
0.9989 0.0024 -0.0030 -19.7752 -0.0017 0.5052 -0.8630 0.0061 0.0476 -0.8630 -0.5053 143.6679
0.9831 -0.0400 0.0309 -17.3179 0.0294 0.8470 -0.5308 0.0063 0.1809 -0.5353 -0.8442 142.0743
0.9530 -0.0101 -0.0511 -15.4401 0.0461 0.8228 0.5664 0.0064 0.2995 0.5550 -0.8307 140.1953
0.9777 -0.0329 0.0882 -14.3725 0.0461 -0.2577 -0.9651 0.0064 0.2048 -0.9627 0.2668 138.1401
0.9987 -0.0328 0.0251 -13.7992 0.0238 0.8495 -0.5270 0.0062 0.0456 -0.5279 -0.8490 136.8025
0.9974 0.0876 -0.1384 -12.4822 -0.0716 0.2563 -0.9639 0.0057 -0.0051 -0.9640 -0.2560 133.7655
0.9955 0.1230 -0.1243 -11.1937 -0.0870 0.6969 -0.7119 0.0056 0.0373 -0.7096 -0.6992 130.8160
0.9987 0.0129 0.0123 -9.7910 -0.0200 0.9515 0.3070 0.0060 0.0467 0.3079 -0.9512 127.4516
0.9982 -0.0175 0.0073 -8.9565 -0.0143 -0.9672 0.2538 0.0060 0.0575 0.2530 0.9674 125.1858
0.9980 0.0036 0.0131 -8.1606 0.0121 -0.8400 -0.5425 0.0062 0.0624 -0.5418 0.8404 122.9082
0.9994 -0.0124 0.0487 -7.4368 0.0272 -0.4422 -0.8965 0.0062 0.0236 -0.8962 0.4428 120.7335
0.9992 -0.0189 0.0695 -6.7564 0.0382 -0.4142 -0.9094 0.0063 0.0104 -0.9092 0.4145 118.6677
0.9992 -0.0478 0.0647 -6.1448 0.0359 0.4311 -0.9016 0.0063 0.0183 -0.9019 -0.4305 116.7232
0.9993 -0.0523 0.0650 -5.5718 0.0380 0.5185 -0.8542 0.0063 0.0069 -0.8544 -0.5183 114.8805
0.9995 -0.0346 0.0132 -5.0578 0.0288 0.9730 -0.2290 0.0063 0.0143 -0.2294 -0.9729 113.1435
0.9994 -0.0068 -0.0063 -4.2996 0.0104 0.9531 0.3024 0.0062 0.0323 0.3021 -0.9532 110.5274
0.9999 -0.0101 0.0090 -3.6467 -0.0072 -0.7813 0.6241 0.0060 0.0149 0.6240 0.7814 107.8880
0.9984 0.0529 -0.0750 -3.0567 -0.0406 0.3807 -0.9238 0.0059 0.0386 -0.9232 -0.3821 105.0687
0.9986 0.0326 -0.0226 -2.6751 -0.0242 0.8836 -0.4676 0.0059 0.0460 -0.4666 -0.8841 103.0436
0.9988 0.0488 -0.0049 -2.2958 -0.0465 0.9975 -0.0526 0.0058 0.0133 -0.0520 -0.9976 100.8942
0.9952 -0.0313 0.0423 -1.9545 -0.0235 -0.4318 0.9017 0.0060 0.0946 0.9007 0.4338 98.6401
0.9962 -0.0107 -0.0561 -1.6747 -0.0480 -0.8099 -0.5847 0.0058 0.0722 -0.5875 0.8078 96.2606
0.9958 0.0131 0.0899 -1.3985 -0.0735 0.7887 0.6104 0.0057 0.0552 0.6136 -0.7862 92.2436
0.9964 0.0011 0.1107 -1.2398 -0.0791 0.7121 0.6976 0.0056 0.0290 0.6992 -0.7105 89.2475
0.9967 -0.0003 0.1143 -1.0774 -0.0806 0.7033 0.7063 0.0056 0.0126 0.7071 -0.7025 85.9978
0.9988 -0.0003 0.0677 -0.9072 -0.0477 0.7035 0.7091 0.0058 0.0049 0.7093 -0.7033 82.5490
0.9997 0.0001 -0.0321 -0.7416 0.0226 0.7040 0.7098 0.0062 0.0018 0.7098 -0.7040 79.1864
0.9984 0.0003 -0.0815 -0.5870 0.0574 0.7032 0.7087 0.0064 0.0006 0.7087 -0.7032 76.0453
0.9977 0.0004 -0.0962 -0.4441 0.0678 0.7029 0.7081 0.0065 0.0002 0.7081 -0.7029 73.1399
0.9978 0.0003 -0.0946 -0.2502 0.0667 0.7031 0.7080 0.0065 -0.0000 0.7080 -0.7031 69.1985
0.9982 0.0003 -0.0855 -0.1333 0.0602 0.7035 0.7081 0.0064 -0.0001 0.7081 -0.7035 66.8238
1.0000 0.0000 -0.0130 -0.0198 0.0092 0.7046 0.7095 0.0061 -0.0001 0.7095 -0.7046 64.5175
0.9991 -0.0002 0.0612 0.1018 -0.0431 0.7040 0.7089 0.0058 -0.0001 0.7089 -0.7040 62.0473
0.9977 -0.0003 0.0960 0.2351 -0.0676 0.7029 0.7080 0.0057 -0.0001 0.7080 -0.7029 59.3401
0.9970 -0.0004 0.1092 0.3806 -0.0769 0.7023 0.7077 0.0056 -0.0001 0.7077 -0.7024 56.3820
0.9972 -0.0004 0.1070 0.5384 -0.0753 0.7023 0.7079 0.0056 -0.0001 0.7079 -0.7023 53.1755
1.0000 -0.0001 0.0138 0.6997 -0.0097 0.7042 0.7099 0.0060 -0.0001 0.7099 -0.7042 49.8989
0.9991 0.0002 -0.0599 0.8523 0.0422 0.7038 0.7092 0.0063 -0.0001 0.7092 -0.7038 46.7974
0.9981 0.0003 -0.0877 0.9938 0.0618 0.7032 0.7083 0.0065 -0.0001 0.7083 -0.7032 43.9207
0.9980 0.0003 -0.0896 1.1246 0.0631 0.7032 0.7081 0.0065 -0.0001 0.7082 -0.7032 41.2627
0.9988 0.0002 -0.0708 1.2479 0.0499 0.7039 0.7085 0.0064 -0.0001 0.7085 -0.7039 38.7573
0.9987 0.0002 -0.0727 1.3632 0.0512 0.7039 0.7085 0.0064 -0.0001 0.7085 -0.7039 36.4151
0.9999 0.0001 -0.0179 1.4750 0.0126 0.7048 0.7093 0.0062 -0.0001 0.7093 -0.7048 34.1441
0.9993 0.0098 -0.0262 1.6300 0.0136 0.2482 0.9686 0.0062 0.0349 0.9685 -0.2487 30.7660
0.9996 0.0324 -0.0518 1.7748 0.0267 -0.2447 0.9692 0.0062 0.0048 0.9693 0.2446 26.3225
0.9991 0.0367 -0.0378 1.8283 0.0260 -0.6862 0.7270 0.0063 0.0337 0.7276 0.6855 24.2629
0.9996 -0.0349 0.0202 1.8617 -0.0268 -0.9258 0.3772 0.0059 0.0082 0.3770 0.9258 22.1435
0.9980 -0.0825 0.0462 1.8968 -0.0638 -0.9302 0.3614 0.0057 0.0036 0.3612 0.9303 19.7896
0.9971 -0.0991 0.0553 1.9349 -0.0766 -0.9298 0.3601 0.0056 0.0014 0.3600 0.9298 17.1792
0.9971 -0.0981 0.0548 1.9766 -0.0759 -0.9299 0.3598 0.0056 0.0005 0.3598 0.9299 14.3165
0.9999 -0.0155 0.0086 2.0194 -0.0120 -0.9326 0.3608 0.0060 0.0001 0.3608 0.9326 11.3778
0.9993 0.0486 -0.0271 2.0598 0.0376 -0.9319 0.3607 0.0063 0.0000 0.3607 0.9319 8.5988
0.9993 0.0468 -0.0261 2.0977 0.0362 -0.9319 0.3609 0.0063 -0.0001 0.3609 0.9319 5.9931
0.9998 -0.0256 0.0143 2.1364 -0.0198 -0.9324 0.3610 0.0060 -0.0001 0.3610 0.9324 3.3396
0.9984 -0.0730 0.0407 2.1780 -0.0564 -0.9311 0.3603 0.0058 -0.0001 0.3603 0.9311 0.4795
0.9966 -0.0514 -0.0360 2.2099 -0.0717 -0.9655 -0.2503 0.0057 0.0414 -0.2531 0.9648 -2.6227
0.9987 0.0139 -0.0758 2.2023 -0.0449 -0.5348 -0.8438 0.0058 0.0253 -0.8444 0.5338 -5.9209
0.9982 -0.0247 0.0447 2.1637 0.0225 0.1050 -0.9942 0.0062 0.0564 -0.9943 -0.1038 -9.1362
0.9955 0.0396 -0.0870 2.0148 0.0437 0.0918 0.9948 0.0063 0.0842 0.9945 -0.0955 -12.1526
0.9944 0.0765 -0.0643 1.8016 0.0549 -0.8082 0.5863 0.0064 0.0905 0.5903 0.8053 -14.9937
0.9904 0.0740 -0.0773 1.2235 0.0526 -0.6739 0.7369 0.0064 0.1276 0.7414 0.6690 -18.8434
0.9867 0.0072 -0.0622 -0.0477 0.0396 0.6136 0.7886 0.0063 0.1575 0.7848 -0.6186 -24.4065
0.9986 0.0002 -0.0080 -1.6678 0.0056 0.6912 0.7226 0.0061 0.0532 0.7224 -0.6914 -28.5673
0.9885 -0.0357 0.0514 -2.9849 0.0277 0.3579 -0.9334 0.0063 0.1488 -0.9348 -0.3540 -31.4383
0.9845 -0.0349 -0.0052 -4.7985 -0.0382 -0.9969 -0.0691 0.0059 0.1710 -0.0756 0.9964 -34.1305
0.9934 -0.0193 0.0092 -7.5837 0.0155 0.9548 -0.2968 0.0062 0.1135 -0.2985 -0.9543 -37.6419
0.9771 -0.0345 0.0974 -11.0697 -0.0515 0.2927 0.9548 0.0058 0.2062 0.9579 -0.2825 -40.7576
0.9965 0.0175 -0.0066 -15.1043 0.0146 -0.9737 0.2275 0.0062 0.0826 0.2287 0.9734 -43.5969
0.9659 0.0481 -0.0800 -18.3779 -0.0414 0.1850 -0.9819 0.0058 0.2557 -0.9799 -0.1954 -45.4692
0.9880 -0.0094 0.0060 -23.6614 -0.0071 -0.9065 0.4221 0.0060 0.1542 0.4211 0.9070 -47.2807
0.9889 -0.0381 0.0581 -27.5006 0.0306 0.2946 -0.9551 0.0063 0.1452 -0.9564 -0.2904 -48.2956
0.9886 -0.0570 0.0512 -31.4740 -0.0408 -0.7747 0.6311 0.0059 0.1450 0.6265 0.7784 -49.0945
0.9976 0.0151 -0.0689 -35.9275 -0.0396 -0.4894 -0.8712 0.0059 0.0565 -0.8723 0.4874 -49.7589
0.9991 -0.0169 0.0680 -40.2711 0.0381 -0.4498 -0.8923 0.0063 0.0172 -0.8920 0.4504 -50.3520
0.9972 -0.0119 0.0269 -44.4636 -0.0135 0.1130 0.9935 0.0060 0.0738 0.9936 -0.1120 -50.7832
0.9910 -0.0079 0.0501 -48.6773 0.0306 -0.5685 -0.8221 0.0063 0.1302 -0.8199 0.5717 -51.0278
0.9987 -0.0378 0.0358 -52.6074 0.0268 0.7442 -0.6674 0.0062 0.0435 -0.6683 -0.7434 -51.0707
0.9990 0.0225 -0.0803 -56.6632 -0.0438 -0.4019 -0.9146 0.0058 -0.0129 -0.9144 0.4024 -51.0319
0.9976 0.0965 -0.0975 -61.2253 -0.0682 0.6980 -0.7129 0.0057 -0.0076 -0.7132 -0.6976 -51.0270
0.9996 -0.0010 0.0056 -65.9889 0.0033 -0.5304 -0.8477 0.0061 -0.0275 -0.8478 0.5303 -51.1039
0.9996 0.0060 -0.0432 -70.7026 -0.0267 -0.5853 -0.8104 0.0059 -0.0112 -0.8102 0.5855 -51.2240
1.0000 -0.0011 0.0078 -75.6444 0.0048 -0.5871 -0.8095 0.0061 -0.0029 -0.8095 0.5871 -51.3576
0.9985 -0.0123 0.0898 -80.2291 0.0555 -0.5865 -0.8080 0.0064 -0.0007 -0.8081 0.5865 -51.4822
0.9985 -0.0123 0.0900 -84.4063 0.0556 -0.5867 -0.8079 0.0064 -0.0002 -0.8079 0.5867 -51.5957
0.9982 -0.0787 0.1040 -88.1474 0.0585 0.4565 -0.8878 0.0064 0.0140 -0.8882 -0.4558 -51.6457
0.9998 0.0272 -0.0352 -91.7550 -0.0200 0.4782 -0.8780 0.0060 0.0044 -0.8780 -0.4783 -51.6747
0.9977 0.0917 -0.1187 -95.8174 -0.0676 0.4775 -0.8760 0.0057 0.0009 -0.8760 -0.4776 -51.7052
0.9972 0.1007 -0.1303 -100.4381 -0.0742 0.4776 -0.8754 0.0057 0.0001 -0.8754 -0.4776 -51.7399
1.0000 0.0132 -0.0171 -103.6512 -0.0097 0.4789 -0.8778 0.0060 0.0000 -0.8778 -0.4789 -51.7640
0.9991 -0.0563 0.0728 -106.6920 0.0415 0.4784 -0.8772 0.0063 -0.0000 -0.8772 -0.4784 -51.7868
0.9982 -0.0823 0.1065 -109.5117 0.0606 0.4777 -0.8764 0.0064 -0.0001 -0.8764 -0.4777 -51.8080
0.9979 -0.0873 0.1131 -112.1144 0.0644 0.4775 -0.8763 0.0065 -0.0001 -0.8763 -0.4775 -51.8275
0.9980 -0.0847 0.1097 -114.5135 0.0625 0.4774 -0.8765 0.0065 -0.0001 -0.8765 -0.4774 -51.8455
0.9992 -0.0532 0.0689 -116.7546 0.0392 0.4779 -0.8776 0.0063 -0.0001 -0.8776 -0.4779 -51.8624
0.9998 0.0300 -0.0388 -119.0631 -0.0221 0.4781 -0.8780 0.0060 -0.0001 -0.8780 -0.4781 -51.8797
0.9983 0.0797 -0.1032 -121.5884 -0.0588 0.4776 -0.8766 0.0057 -0.0001 -0.8766 -0.4776 -51.8987
0.9991 0.0564 -0.0730 -124.3096 -0.0416 0.4782 -0.8773 0.0058 -0.0001 -0.8773 -0.4782 -51.9191
0.9998 -0.0243 0.0315 -126.9651 0.0179 0.4784 -0.8779 0.0062 -0.0001 -0.8779 -0.4784 -51.9391
0.9986 -0.0708 0.0916 -130.6042 0.0522 0.4777 -0.8770 0.0064 -0.0001 -0.8770 -0.4777 -51.9664
0.9986 -0.0705 0.0912 -132.8004 0.0519 0.4775 -0.8771 0.0064 -0.0001 -0.8771 -0.4775 -51.9829
1.0000 -0.0115 0.0149 -134.9307 0.0085 0.4781 -0.8783 0.0061 -0.0001 -0.8783 -0.4781 -51.9989
1.0000 -0.0050 0.0064 -138.2888 0.0037 0.4782 -0.8783 0.0061 -0.0001 -0.8783 -0.4782 -52.0241
0.9992 -0.0542 0.0702 -141.4113 0.0399 0.4777 -0.8776 0.0063 -0.0001 -0.8776 -0.4777 -52.0476
