0.9982 -0.0430 0.0409 -12.2403 -0.0305 -0.7416 0.6702 0.0059 0.0508 0.6690 0.7426 -39.5677
0.9982 0.0149 -0.0165 -14.5658 -0.0106 0.6245 -0.7809 0.0060 0.0587 -0.7806 -0.6250 -41.9260
0.9993 0.0078 -0.0071 -15.3660 -0.0055 0.7665 -0.6422 0.0061 0.0359 -0.6420 -0.7667 -42.7056
0.9983 -0.0091 0.0022 -16.1615 0.0081 0.9911 -0.1328 0.0061 0.0584 -0.1332 -0.9911 -43.4613
0.9949 0.0065 -0.0173 -16.9678 0.0089 0.2476 0.9688 0.0061 0.1005 0.9686 -0.2485 -44.1861
0.9874 -0.0013 -0.0101 -17.8189 -0.0083 -0.7877 -0.6160 0.0060 0.1580 -0.6170 0.7869 -44.8868
0.9955 0.0392 -0.0443 -18.7202 -0.0280 0.6097 -0.7921 0.0059 0.0904 -0.7906 -0.6117 -45.5955
0.9955 0.0201 -0.0011 -19.6439 -0.0196 0.9994 -0.0280 0.0060 0.0929 -0.0262 -0.9995 -46.3013
0.9920 0.0004 -0.0007 -20.5723 0.0004 0.0305 0.9995 0.0061 0.1261 0.9995 -0.0305 -46.9678
0.9849 -0.0020 0.0182 -21.5119 0.0117 -0.6216 -0.7832 0.0062 0.1727 -0.7820 0.6232 -47.5815
0.9606 -0.0518 0.0565 -23.4089 0.0375 0.6388 -0.7684 0.0063 0.2753 -0.7750 -0.6309 -48.5760
0.9849 0.0434 -0.0643 -24.3553 0.0343 -0.3254 0.9450 0.0063 0.1697 0.9468 0.3199 -48.9761
0.9945 0.0363 -0.0005 -26.1859 0.0362 -0.9993 0.0075 0.0063 0.0984 0.0111 0.9993 -49.7184
0.9926 -0.0203 0.0530 -27.0835 0.0273 -0.2316 -0.9724 0.0063 0.1186 -0.9717 0.2348 -50.0419
0.9994 -0.0052 0.0054 -28.9158 0.0037 0.6768 -0.7361 0.0061 0.0343 -0.7362 -0.6767 -50.6784
0.9960 0.0029 -0.0157 -30.7295 0.0093 0.5375 0.8432 0.0061 0.0884 0.8428 -0.5382 -51.2568
0.9985 -0.0056 0.0050 -32.5892 -0.0040 -0.7733 0.6340 0.0061 0.0540 0.6339 0.7734 -51.7909
0.9911 -0.0096 0.0043 -34.4399 0.0078 0.9613 -0.2753 0.0061 0.1331 -0.2763 -0.9610 -52.2171
0.9985 0.0035 -0.0295 -38.2946 -0.0186 -0.6075 -0.7941 0.0060 0.0508 -0.7946 0.6068 -52.8482
0.9998 -0.0004 0.0017 -40.2829 0.0009 -0.4336 -0.9011 0.0061 0.0185 -0.9011 0.4336 -53.1199
0.9997 0.0120 -0.0168 -42.2600 -0.0091 0.3957 -0.9183 0.0060 0.0211 -0.9182 -0.3959 -53.3601
0.9961 -0.0003 0.0116 -44.2811 -0.0080 0.6867 0.7269 0.0060 0.0879 0.7274 -0.6862 -53.5515
0.9996 -0.0157 0.0242 -46.3680 -0.0126 -0.2835 0.9589 0.0060 0.0252 0.9588 0.2838 -53.6957
0.9995 0.0256 -0.0144 -48.4000 0.0198 -0.9315 0.3632 0.0062 0.0255 0.3637 0.9313 -53.8046
0.9997 0.0280 -0.0125 -50.3177 0.0226 -0.9609 0.2758 0.0062 0.0095 0.2760 0.9609 -53.8997
0.9995 -0.0084 -0.0297 -52.2972 -0.0276 -0.8429 -0.5374 0.0059 0.0172 -0.5378 0.8426 -53.9695
0.9969 0.0393 -0.1238 -54.5184 -0.0660 -0.3432 -0.9369 0.0057 0.0438 -0.9379 0.3405 -54.0304
0.9968 0.0909 -0.1537 -57.0024 -0.0781 0.1799 -0.9806 0.0056 0.0146 -0.9804 -0.1810 -54.0690
0.9967 0.0968 -0.1590 -59.7458 -0.0814 0.2113 -0.9740 0.0056 0.0072 -0.9739 -0.2118 -54.1056
0.9966 0.0976 -0.1599 -62.7456 -0.0819 0.2141 -0.9734 0.0056 0.0030 -0.9733 -0.2144 -54.1433
0.9967 0.0973 -0.1594 -65.9997 -0.0816 0.2147 -0.9733 0.0056 0.0011 -0.9733 -0.2148 -54.1839
0.9988 0.0573 -0.0938 -69.4530 -0.0480 0.2154 -0.9754 0.0058 0.0004 -0.9753 -0.2154 -54.2268
1.0000 -0.0026 0.0043 -72.8516 0.0022 0.2156 -0.9765 0.0061 0.0001 -0.9765 -0.2156 -54.2691
0.9996 0.0322 -0.0527 -76.2894 -0.0270 0.2156 -0.9761 0.0059 0.0000 -0.9761 -0.2156 -54.3118
0.9987 0.0611 -0.1000 -79.9136 -0.0512 0.2155 -0.9752 0.0058 -0.0000 -0.9752 -0.2155 -54.3568
1.0000 -0.0025 0.0041 -83.5847 0.0021 0.2158 -0.9764 0.0061 -0.0001 -0.9764 -0.2158 -54.4024
0.9987 -0.0603 0.0988 -87.0597 0.0506 0.2154 -0.9752 0.0064 -0.0001 -0.9752 -0.2154 -54.4456
0.9987 -0.0598 0.0980 -90.3161 0.0502 0.2152 -0.9753 0.0064 -0.0001 -0.9753 -0.2152 -54.4860
1.0000 0.0050 -0.0082 -93.5769 -0.0042 0.2155 -0.9765 0.0061 -0.0001 -0.9765 -0.2155 -54.5266
0.9998 -0.0235 0.0385 -96.8437 0.0197 0.2154 -0.9763 0.0062 -0.0001 -0.9763 -0.2154 -54.5672
0.9986 -0.0624 0.1023 -99.9231 0.0524 0.2150 -0.9752 0.0064 -0.0001 -0.9752 -0.2150 -54.6054
0.9973 -0.0885 0.0875 -102.7789 0.0626 0.7138 -0.6976 0.0065 0.0389 -0.6993 -0.7121 -54.6287
0.9985 -0.0224 0.0930 -105.4687 0.0524 -0.4594 -0.8867 0.0064 0.0170 -0.8863 0.4602 -54.6185
0.9985 -0.0260 0.0987 -107.9831 0.0546 -0.4264 -0.9029 0.0064 0.0092 -0.9027 0.4269 -54.6000
1.0000 -0.0045 0.0168 -110.4237 0.0093 -0.4246 -0.9054 0.0061 0.0037 -0.9053 0.4246 -54.5795
0.9999 0.0052 -0.0197 -112.9713 -0.0109 -0.4228 -0.9062 0.0060 0.0013 -0.9062 0.4228 -54.5578
1.0000 -0.0038 0.0141 -115.4739 0.0078 -0.4218 -0.9067 0.0061 0.0004 -0.9067 0.4218 -54.5365
0.9995 0.0154 -0.0582 -118.0489 -0.0322 -0.4255 -0.9044 0.0059 0.0001 -0.9044 0.4255 -54.5144
0.9996 0.0141 -0.0532 -120.7878 -0.0294 -0.4255 -0.9045 0.0059 0.0000 -0.9045 0.4255 -54.4911
0.9999 0.0061 -0.0230 -124.8467 -0.0127 -0.4256 -0.9048 0.0060 -0.0001 -0.9048 0.4256 -54.4564
0.9988 0.0234 -0.0883 -127.7094 -0.0488 -0.4250 -0.9039 0.0058 -0.0001 -0.9039 0.4250 -54.4319
0.9992 0.0195 -0.0734 -132.3907 -0.0406 -0.4250 -0.9043 0.0059 -0.0001 -0.9043 0.4250 -54.3919
1.0000 0.0029 -0.0111 -133.9556 -0.0061 -0.4253 -0.9050 0.0061 -0.0001 -0.9050 0.4253 -54.3785
0.9992 -0.0189 0.0715 -136.9433 0.0395 -0.4251 -0.9043 0.0063 -0.0001 -0.9043 0.4251 -54.3530
0.9994 -0.0164 0.0619 -138.3826 0.0342 -0.4253 -0.9044 0.0063 -0.0001 -0.9044 0.4253 -54.3407
0.9998 0.0086 -0.0324 -141.3243 -0.0179 -0.4254 -0.9048 0.0060 -0.0001 -0.9048 0.4254 -54.3155
0.9988 0.0239 -0.0903 -144.4599 -0.0499 -0.4248 -0.9039 0.0058 -0.0001 -0.9039 0.4248 -54.2887
1.0000 0.0003 -0.0011 -147.6526 -0.0006 -0.4253 -0.9050 0.0061 -0.0001 -0.9050 0.4253 -54.2614
0.9990 -0.0212 0.0802 -150.6710 0.0443 -0.4250 -0.9041 0.0063 -0.0001 -0.9041 0.4250 -54.2356
0.9983 -0.0282 0.1063 -153.4718 0.0587 -0.4249 -0.9033 0.0064 -0.0001 -0.9033 0.4249 -54.2117
0.9998 -0.0090 0.0340 -156.1720 0.0188 -0.4256 -0.9047 0.0062 -0.0001 -0.9047 0.4256 -54.1886
0.9992 -0.0189 0.0715 -160.1216 0.0395 -0.4254 -0.9041 0.0063 -0.0001 -0.9041 0.4254 -54.1549
0.9985 -0.0265 0.1001 -163.6697 0.0553 -0.4252 -0.9034 0.0064 -0.0001 -0.9034 0.4252 -54.1246
0.9988 -0.0237 0.0897 -167.7881 0.0495 -0.4254 -0.9036 0.0064 -0.0001 -0.9036 0.4254 -54.0894
1.0000 -0.0094 0.0128 -170.6651 0.0070 0.4261 -0.9047 0.0061 0.0062 -0.9047 -0.4261 -54.0260
0.9995 -0.0358 0.0193 -174.2899 0.0279 0.9381 -0.3452 0.0063 0.0116 -0.3455 -0.9380 -53.9165
0.9976 0.0164 -0.0446 -176.7554 0.0231 0.2572 0.9661 0.0062 0.0659 0.9657 -0.2587 -53.7826
0.9993 0.0023 -0.0033 -181.7851 -0.0017 0.3559 -0.9345 0.0061 0.0361 -0.9345 -0.3559 -53.2099
0.9993 -0.0267 0.0161 -184.2531 0.0203 0.9177 -0.3968 0.0062 0.0313 -0.3974 -0.9174 -52.8567
0.9993 -0.0021 0.0029 -186.6353 -0.0016 -0.3860 0.9225 0.0061 0.0373 0.9225 0.3861 -52.4141
0.9998 -0.0006 0.0216 -188.9580 0.0149 -0.6859 -0.7275 0.0062 0.0112 -0.7274 0.6860 -51.8909
0.9978 -0.0292 0.0298 -190.4094 0.0207 0.6917 -0.7219 0.0062 0.0622 -0.7228 -0.6908 -51.5251
0.9868 -0.0021 -0.0018 -192.4272 0.0031 0.9588 0.2840 0.0061 0.1622 0.2835 -0.9590 -50.7759
0.9705 0.0082 -0.0447 -194.2076 0.0272 0.5496 0.8350 0.0062 0.2397 0.8314 -0.5551 -49.6231
0.9983 -0.0307 0.0303 -195.2226 0.0218 0.7178 -0.6959 0.0062 0.0544 -0.6967 -0.7170 -48.7555
0.9994 -0.0180 0.0008 -196.2065 0.0176 0.9996 -0.0214 0.0062 0.0305 -0.0219 -0.9996 -47.9229
0.9999 -0.0113 -0.0071 -197.1521 0.0152 0.9727 0.2316 0.0062 0.0032 0.2315 -0.9727 -47.1142
0.9999 -0.0000 -0.0177 -198.5041 0.0125 0.7086 0.7055 0.0062 0.0047 0.7055 -0.7086 -45.9420
0.9999 0.0089 -0.0233 -199.3564 0.0120 0.2265 0.9739 0.0062 0.0036 0.9739 -0.2265 -45.1807
0.9999 0.0145 -0.0219 -200.1731 0.0115 -0.3081 0.9513 0.0062 0.0028 0.9513 0.3081 -44.4368
0.9999 0.0157 -0.0149 -200.9557 0.0111 -0.7434 0.6688 0.0062 0.0022 0.6688 0.7434 -43.7102
0.9999 0.0129 -0.0048 -201.7058 0.0107 -0.9750 0.2221 0.0062 0.0017 0.2221 0.9750 -43.0010
0.9998 0.0138 -0.0235 -203.1734 -0.0119 0.1723 -0.9850 0.0060 0.0173 -0.9849 -0.1725 -41.5255
0.9998 0.0037 -0.0040 -203.9345 -0.0026 0.6472 -0.7623 0.0061 0.0173 -0.7623 -0.6472 -40.7426
0.9974 -0.0118 0.0261 -204.6625 -0.0132 0.1014 0.9948 0.0060 0.0702 0.9949 -0.1005 -39.9129
0.9927 0.0133 -0.0029 -205.3426 -0.0120 0.9928 -0.1193 0.0060 0.1198 -0.1178 -0.9930 -38.9726
0.9996 -0.0295 0.0397 -206.0453 -0.0221 -0.4357 0.8998 0.0060 0.0201 0.8996 0.4361 -37.9381
0.9995 -0.0136 -0.0247 -206.7691 -0.0288 -0.9027 -0.4293 0.0059 0.0092 -0.4295 0.9026 -36.8303
0.9998 0.0092 -0.0316 -207.5264 -0.0172 -0.3876 -0.9217 0.0060 0.0053 -0.9217 0.3875 -35.6536
1.0000 0.0007 -0.0011 -208.2664 -0.0006 0.2752 -0.9614 0.0061 0.0065 -0.9614 -0.2752 -34.4750
0.9996 -0.0207 0.0225 -208.9755 0.0147 0.6405 -0.7679 0.0062 0.0235 -0.7681 -0.6402 -33.3341
0.9996 -0.0222 0.0093 -209.6379 0.0181 0.9661 -0.2577 0.0062 0.0231 -0.2581 -0.9659 -32.2378
0.9996 0.0193 -0.0380 -210.5115 0.0190 -0.0136 0.9997 0.0062 0.0215 0.9997 0.0132 -30.6731
0.9997 0.0218 -0.0265 -211.0552 0.0158 -0.5439 0.8390 0.0062 0.0197 0.8392 0.5437 -29.6780
0.9997 0.0185 -0.0122 -211.5704 0.0138 -0.8962 0.4434 0.0062 0.0189 0.4436 0.8961 -28.7132
0.9998 0.0119 0.0015 -212.0592 0.0127 -0.9981 -0.0596 0.0062 0.0181 -0.0593 0.9982 -27.7766
0.9998 0.0038 0.0128 -212.5234 0.0120 -0.8460 -0.5331 0.0062 0.0173 -0.5329 0.8461 -26.8673
0.9977 0.0144 -0.0065 -212.9488 -0.0117 0.9599 -0.2800 0.0060 0.0671 -0.2793 -0.9601 -25.9094
0.9984 -0.0614 0.0216 -213.3696 -0.0518 -0.9768 0.2078 0.0058 0.0208 0.2068 0.9770 -24.7616
0.9986 0.0158 -0.0396 -213.8256 -0.0202 -0.1968 -0.9802 0.0060 0.0479 -0.9804 0.1958 -23.5049
0.9996 -0.0007 0.0285 -214.2184 -0.0196 0.6890 0.7245 0.0060 0.0220 0.7248 -0.6887 -22.2130
0.9995 -0.0133 0.0332 -214.6320 -0.0169 0.1979 0.9801 0.0060 0.0263 0.9802 -0.1975 -20.8622
0.9989 -0.0442 0.0010 -215.0286 -0.0436 -0.9990 0.0119 0.0058 0.0196 0.0111 0.9990 -19.3794
0.9994 -0.0055 -0.0163 -215.4453 -0.0159 -0.8585 -0.5126 0.0060 0.0305 -0.5130 0.8582 -17.8041
0.9995 0.0245 -0.0236 -215.8068 -0.0174 0.7334 -0.6796 0.0060 0.0248 -0.6793 -0.7337 -16.2074
0.9971 -0.0053 0.0238 -216.1387 -0.0137 0.4856 0.8741 0.0060 0.0744 0.8746 -0.4847 -14.5503
0.9966 -0.0056 -0.0167 -216.5653 -0.0163 -0.8584 -0.5127 0.0060 0.0805 -0.5139 0.8577 -11.9234
0.9986 0.0252 -0.0366 -216.7994 -0.0196 0.3529 -0.9355 0.0060 0.0490 -0.9351 -0.3538 -10.0762
0.9998 -0.0056 -0.0007 -217.0974 0.0060 0.9984 0.0555 0.0061 0.0206 0.0554 -0.9984 -7.3041
0.9992 0.0311 -0.0248 -217.2784 0.0224 -0.8334 0.5522 0.0062 0.0320 0.5528 0.8330 -4.6833
0.9995 -0.0412 0.0251 -217.4640 -0.0312 -0.9152 0.4019 0.0059 0.0036 0.4017 0.9152 -1.2875
0.9972 -0.0991 0.0604 -217.6306 -0.0752 -0.9132 0.4005 0.0056 0.0007 0.4005 0.9132 1.7980
1.0000 -0.0116 0.0071 -217.8102 -0.0088 -0.9158 0.4016 0.0060 0.0001 0.4016 0.9158 5.1262
0.9984 -0.0739 0.0450 -218.0002 -0.0561 -0.9144 0.4008 0.0058 -0.0000 0.4008 0.9144 8.6443
0.9990 -0.0585 0.0357 -218.2166 -0.0444 -0.9151 0.4009 0.0058 -0.0001 0.4009 0.9151 12.6535
0.9999 -0.0211 0.0129 -218.4348 -0.0161 -0.9158 0.4012 0.0060 -0.0001 0.4012 0.9158 16.6949
0.9992 0.0035 0.0015 -218.6479 0.0043 -0.9846 -0.1750 0.0061 0.0395 -0.1748 0.9846 20.8759
0.9995 0.0011 0.0383 -218.7483 0.0279 -0.7268 -0.6863 0.0063 0.0169 -0.6859 0.7271 23.5587
0.9988 -0.0005 0.0692 -218.8340 0.0486 -0.7010 -0.7115 0.0064 0.0090 -0.7112 0.7013 26.0748
0.9985 -0.0012 0.0790 -218.9109 0.0550 -0.6948 -0.7171 0.0064 0.0036 -0.7170 0.6949 28.4022
0.9993 -0.0009 0.0543 -218.9825 0.0377 -0.6947 -0.7183 0.0063 0.0012 -0.7182 0.6948 30.5788
0.9997 0.0003 -0.0319 -219.0558 -0.0224 -0.7003 -0.7135 0.0060 0.0004 -0.7135 0.7003 32.8113
0.9981 0.0008 -0.0869 -219.1367 -0.0609 -0.6996 -0.7120 0.0057 0.0001 -0.7120 0.6996 35.2711
0.9969 0.0010 -0.1115 -219.2736 -0.0781 -0.6985 -0.7113 0.0056 -0.0000 -0.7113 0.6985 39.4358
0.9967 0.0011 -0.1150 -219.3753 -0.0806 -0.6982 -0.7113 0.0056 -0.0000 -0.7113 0.6982 42.5306
0.9967 0.0011 -0.1155 -219.4853 -0.0809 -0.6982 -0.7114 0.0056 -0.0000 -0.7114 0.6982 45.8784
0.9971 0.0010 -0.1088 -219.6034 -0.0762 -0.6982 -0.7118 0.0056 -0.0001 -0.7118 0.6982 49.4729
1.0000 0.0001 -0.0113 -219.7237 -0.0079 -0.7002 -0.7139 0.0060 -0.0001 -0.7139 0.7002 53.1319
0.9989 -0.0006 0.0671 -219.8376 0.0470 -0.6996 -0.7130 0.0064 -0.0001 -0.7130 0.6996 56.5991
0.9977 -0.0009 0.0974 -219.9434 0.0682 -0.6989 -0.7120 0.0065 -0.0001 -0.7120 0.6989 59.8190
0.9974 -0.0009 0.1036 -220.0412 0.0726 -0.6988 -0.7116 0.0065 -0.0001 -0.7116 0.6988 62.7938
0.9975 -0.0009 0.1008 -220.1313 0.0706 -0.6990 -0.7116 0.0065 -0.0001 -0.7116 0.6990 65.5379
0.9983 -0.0653 0.1062 -220.1835 0.0545 0.2240 -0.9731 0.0064 0.0207 -0.9733 -0.2229 68.0908
0.9986 -0.0664 0.0976 -220.2199 0.0519 0.3383 -0.9396 0.0064 0.0102 -0.9398 -0.3378 70.4992
0.9987 0.0157 -0.0269 -220.1588 0.0136 -0.1624 0.9866 0.0062 0.0496 0.9867 0.1617 73.8881
0.9994 -0.0149 0.0052 -219.9914 -0.0126 -0.9779 0.2088 0.0060 0.0321 0.2084 0.9780 77.3119
0.9988 0.0036 0.0063 -219.8427 0.0074 -0.9069 -0.4214 0.0061 0.0483 -0.4211 0.9070 79.6175
0.9986 0.0059 -0.0025 -219.6074 -0.0048 0.9661 -0.2581 0.0061 0.0535 -0.2579 -0.9662 81.8831
0.9982 0.0017 0.0049 -219.3332 -0.0048 0.8587 0.5124 0.0061 0.0594 0.5126 -0.8586 84.1747
0.9997 -0.0033 0.0160 -219.0192 -0.0092 0.5043 0.8635 0.0060 0.0211 0.8636 -0.5041 86.5155
0.9995 0.0183 -0.0246 -218.6785 0.0137 -0.4362 0.8997 0.0062 0.0270 0.8999 0.4359 88.7983
0.9995 0.0426 -0.0518 -218.3419 0.0308 -0.5424 0.8395 0.0063 0.0118 0.8397 0.5421 90.9774
1.0000 0.0072 -0.0087 -218.0106 0.0052 -0.5478 0.8366 0.0061 0.0049 0.8366 0.5478 93.0998
1.0000 0.0022 -0.0026 -217.8427 0.0016 -0.5483 0.8363 0.0061 0.0030 0.8363 0.5483 94.1737
0.9998 -0.0281 0.0341 -217.5019 -0.0203 -0.5431 0.8394 0.0060 0.0010 0.8394 0.5431 96.3522
0.9997 -0.0355 0.0429 -217.1391 -0.0257 -0.5472 0.8366 0.0059 0.0003 0.8366 0.5472 98.6715
0.9993 0.0220 -0.0146 -216.7738 0.0165 -0.8957 0.4443 0.0062 0.0348 0.4448 0.8955 100.9347
0.9996 0.0270 0.0020 -216.4019 0.0280 -0.9990 -0.0349 0.0063 0.0105 -0.0346 0.9990 103.0891
0.9960 -0.0345 0.0488 -215.9984 0.0265 0.3807 -0.9243 0.0062 0.0855 -0.9252 -0.3787 105.1220
0.9983 -0.0014 -0.0019 -215.5294 0.0025 0.9258 0.3779 0.0061 0.0583 0.3778 -0.9259 107.1529
0.9997 0.0020 -0.0201 -215.0373 0.0128 0.6230 0.7821 0.0062 0.0198 0.7820 -0.6232 109.1607
0.9995 0.0271 -0.0450 -214.5386 0.0230 -0.2001 0.9795 0.0062 0.0219 0.9796 0.1996 111.0711
0.9963 0.0130 0.0297 -214.0163 0.0317 -0.8825 -0.4693 0.0063 0.0801 -0.4671 0.8837 112.8735
0.9985 -0.0350 0.0519 -213.4703 0.0275 0.3270 -0.9446 0.0063 0.0483 -0.9450 -0.3258 114.5725
0.9993 -0.0000 -0.0022 -212.8706 0.0016 0.7143 0.6999 0.0061 0.0361 0.6998 -0.7143 116.2215
0.9965 -0.0075 0.0050 -212.2112 -0.0056 -0.8950 0.4459 0.0061 0.0829 0.4455 0.8953 117.8897
0.9986 0.0032 -0.0247 -211.4782 -0.0154 -0.5970 -0.8021 0.0060 0.0499 -0.8026 0.5964 119.6019
0.9992 -0.0186 0.0287 -210.3525 0.0150 0.2808 -0.9596 0.0062 0.0382 -0.9598 -0.2803 122.1340
0.9991 -0.0274 0.0176 -209.6122 0.0206 0.9031 -0.4288 0.0062 0.0372 -0.4295 -0.9028 123.7234
0.9995 -0.0010 0.0022 -208.8263 -0.0011 0.0533 0.9986 0.0061 0.0305 0.9986 -0.0532 125.2611
0.9968 -0.0048 -0.0034 -207.9801 -0.0067 -0.9672 -0.2538 0.0060 0.0796 -0.2543 0.9671 126.8130
0.9987 0.0169 -0.0318 -207.0566 -0.0160 0.0599 -0.9981 0.0060 0.0480 -0.9980 -0.0606 128.4013
0.9991 -0.0043 0.0035 -206.1062 0.0031 0.8216 -0.5701 0.0061 0.0424 -0.5702 -0.8215 129.9804
0.9993 0.0150 -0.0348 -205.1412 0.0176 0.1357 0.9906 0.0062 0.0343 0.9905 -0.1363 131.4575
0.9968 0.0241 0.0058 -204.1842 0.0272 -0.9940 -0.1056 0.0062 0.0757 -0.1036 0.9943 132.8370
0.9988 0.0001 0.0015 -202.6484 -0.0011 0.7508 0.6605 0.0061 0.0490 0.6606 -0.7508 134.7654
0.9978 0.0517 -0.0651 -200.8808 -0.0378 0.5070 -0.8611 0.0059 0.0543 -0.8601 -0.5088 136.6927
0.9989 0.0135 -0.0063 -199.5889 -0.0108 0.9564 -0.2920 0.0060 0.0451 -0.2915 -0.9565 138.0356
0.9992 -0.0166 0.0273 -198.2499 -0.0140 -0.2133 0.9769 0.0060 0.0377 0.9768 0.2139 139.3258
0.9991 0.0035 -0.0032 -196.8811 0.0025 -0.7669 0.6417 0.0061 0.0428 0.6418 0.7669 140.6194
0.9993 0.0067 -0.0164 -195.4754 -0.0083 -0.1788 -0.9838 0.0060 0.0372 -0.9839 0.1785 141.8499
0.9961 0.0061 0.0042 -194.0034 -0.0085 0.9691 0.2466 0.0060 0.0883 0.2473 -0.9689 143.0660
0.9967 -0.0018 -0.0541 -192.3656 -0.0397 -0.7302 -0.6821 0.0059 0.0713 -0.6842 0.7283 144.2452
0.9939 0.0245 -0.0051 -190.6061 -0.0222 0.9932 -0.1140 0.0060 0.1082 -0.1116 -0.9935 145.4260
0.9974 -0.0181 0.0385 -188.7487 -0.0193 0.0633 0.9978 0.0060 0.0697 0.9979 -0.0620 146.5844
0.9857 0.0359 -0.0343 -186.7914 -0.0256 0.7377 -0.6747 0.0059 0.1664 -0.6715 -0.7405 147.6559
0.9947 -0.0314 0.0514 -184.6555 -0.0264 -0.2156 0.9761 0.0059 0.0998 0.9756 0.2181 148.6836
0.9835 -0.0048 0.0024 -182.4977 0.0038 0.9471 -0.3208 0.0061 0.1811 -0.3215 -0.9469 149.5671
0.9905 0.0018 0.0148 -179.1677 0.0119 -0.7813 -0.6240 0.0062 0.1372 -0.6228 0.7823 150.6726
0.9938 -0.0022 0.0040 -176.9384 -0.0020 -0.1116 0.9938 0.0061 0.1110 0.9937 0.1118 151.2102
0.9907 -0.0045 0.0226 -174.6872 0.0133 -0.5219 -0.8529 0.0062 0.1351 -0.8519 0.5235 151.6516
0.9984 -0.0350 0.0390 -172.5066 0.0250 0.6232 -0.7817 0.0062 0.0508 -0.7825 -0.6222 152.0040
0.9985 -0.0381 -0.0042 -170.4524 0.0403 0.9978 0.0525 0.0063 0.0371 0.0510 -0.9979 152.2958
0.9979 0.0446 -0.0936 -167.6525 0.0469 0.0467 0.9978 0.0064 0.0448 0.9977 -0.0488 152.6300
0.9982 0.0648 -0.0644 -165.9675 0.0458 -0.7103 0.7024 0.0064 0.0384 0.7037 0.7091 152.7973
0.9987 0.0045 0.0537 -163.0001 0.0413 -0.7587 -0.6501 0.0063 0.0289 -0.6492 0.7595 153.0283
0.9991 -0.0477 0.0676 -160.5209 0.0365 0.3810 -0.9238 0.0063 0.0217 -0.9241 -0.3803 153.1586
1.0000 -0.0083 -0.0024 -157.9332 0.0096 0.9917 0.1281 0.0061 0.0012 0.1281 -0.9917 153.2329
0.9984 -0.0794 0.0743 -155.2233 -0.0563 -0.7501 0.6590 0.0058 0.0006 0.6589 0.7501 153.1935
0.9960 -0.1108 0.0710 -152.9175 -0.0833 -0.9014 0.4249 0.0056 -0.0310 0.4272 0.9003 153.1351
0.9983 -0.0815 0.0820 -151.0775 -0.0576 -0.7014 0.7104 0.0058 -0.0045 0.7106 0.7013 153.1111
0.9998 -0.0102 0.0212 -149.2332 -0.0106 0.0377 0.9992 0.0060 -0.0138 0.9992 -0.0378 153.1100
0.9999 0.0143 -0.0324 -147.4577 0.0163 0.1175 0.9929 0.0062 -0.0045 0.9930 -0.1174 153.1125
0.9997 0.0196 -0.0445 -145.7637 0.0224 0.1207 0.9924 0.0062 -0.0018 0.9924 -0.1207 153.1159
0.9998 0.0170 -0.0388 -144.1550 0.0195 0.1209 0.9925 0.0062 -0.0007 0.9925 -0.1209 153.1193
0.9989 -0.0406 0.0925 -141.5620 -0.0466 0.1207 0.9916 0.0058 -0.0002 0.9916 -0.1207 153.1248
0.9999 -0.0134 0.0305 -139.6831 -0.0154 0.1208 0.9926 0.0060 -0.0001 0.9926 -0.1208 153.1287
0.9991 -0.0369 0.0839 -136.7923 -0.0423 0.1206 0.9918 0.0058 -0.0001 0.9918 -0.1206 153.1348
0.9974 -0.0629 0.1431 -134.5800 -0.0721 0.1202 0.9901 0.0057 -0.0001 0.9901 -0.1202 153.1395
0.9971 -0.0660 0.1502 -132.1070 -0.0757 0.1200 0.9899 0.0056 -0.0001 0.9899 -0.1200 153.1447
0.9999 -0.0126 0.0287 -129.5502 -0.0145 0.1203 0.9926 0.0060 -0.0001 0.9926 -0.1203 153.1501
0.9995 0.0280 -0.0637 -127.1343 0.0321 0.1203 0.9922 0.0063 -0.0001 0.9922 -0.1203 153.1552
0.9989 0.0414 -0.0942 -124.8957 0.0474 0.1205 0.9916 0.0064 -0.0001 0.9916 -0.1205 153.1599
0.9987 0.0441 -0.1003 -122.8266 0.0505 0.1206 0.9914 0.0064 -0.0001 0.9914 -0.1206 153.1642
0.9988 0.0432 -0.0983 -120.9187 0.0495 0.1207 0.9915 0.0064 -0.0001 0.9915 -0.1207 153.1683
0.9994 0.0290 -0.0660 -119.1404 0.0332 0.1209 0.9921 0.0063 -0.0001 0.9921 -0.1209 153.1720
0.9997 -0.0199 0.0453 -117.3063 -0.0228 0.1208 0.9924 0.0060 -0.0001 0.9924 -0.1208 153.1759
0.9994 -0.0292 0.0664 -115.2848 -0.0334 0.1207 0.9921 0.0059 -0.0001 0.9921 -0.1207 153.1801
0.9999 0.0091 -0.0207 -113.2942 0.0104 0.1208 0.9926 0.0062 -0.0001 0.9926 -0.1208 153.1844
0.9995 0.0277 -0.0631 -111.4332 0.0318 0.1208 0.9922 0.0063 -0.0001 0.9922 -0.1208 153.1883
1.0000 0.0051 -0.0116 -109.6296 0.0059 0.1209 0.9926 0.0061 -0.0001 0.9926 -0.1209 153.1921
1.0000 -0.0037 0.0085 -107.7932 -0.0043 0.1209 0.9927 0.0061 -0.0001 0.9927 -0.1209 153.1960
0.9990 -0.0388 0.0883 -105.8397 -0.0445 0.1207 0.9917 0.0058 -0.0001 0.9917 -0.1207 153.2001
0.9973 -0.0639 0.1455 -103.6271 -0.0733 0.1203 0.9900 0.0057 -0.0001 0.9900 -0.1203 153.2048
0.9967 -0.0705 0.1604 -101.1488 -0.0808 0.1200 0.9895 0.0056 -0.0001 0.9895 -0.1200 153.2101
0.9987 -0.0436 0.0993 -98.4628 -0.0500 0.1201 0.9915 0.0058 -0.0001 0.9915 -0.1201 153.2157
0.9999 0.0129 -0.0293 -95.8390 0.0147 0.1203 0.9926 0.0062 -0.0001 0.9926 -0.1203 153.2212
0.9990 0.0393 -0.0895 -93.3945 0.0451 0.1204 0.9917 0.0064 -0.0001 0.9917 -0.1204 153.2264
0.9987 0.0445 -0.1014 -92.2431 0.0511 0.1204 0.9914 0.0064 -0.0001 0.9914 -0.1204 153.2288
0.9987 0.0443 -0.1009 -91.1347 0.0508 0.1205 0.9914 0.0064 -0.0001 0.9914 -0.1205 153.2311
0.9993 0.0317 -0.0722 -90.0470 0.0364 0.1205 0.9920 0.0063 -0.0001 0.9920 -0.1205 153.2334
1.0000 0.0070 -0.0159 -88.9431 0.0080 0.1206 0.9927 0.0061 -0.0001 0.9927 -0.1206 153.2358
0.9989 -0.0403 0.0917 -86.5827 -0.0462 0.1203 0.9917 0.0058 -0.0001 0.9917 -0.1203 153.2408
0.9979 -0.0568 0.1293 -83.9809 -0.0651 0.1200 0.9906 0.0057 -0.0001 0.9906 -0.1200 153.2462
0.9991 -0.0373 0.0849 -82.6301 -0.0428 0.1201 0.9918 0.0058 -0.0001 0.9918 -0.1201 153.2491
1.0000 -0.0086 0.0196 -81.3016 -0.0099 0.1202 0.9927 0.0060 -0.0001 0.9927 -0.1202 153.2519
0.9999 0.0149 -0.0339 -80.0128 0.0171 0.1203 0.9926 0.0062 -0.0001 0.9926 -0.1203 153.2546
0.9990 0.0399 -0.0909 -77.5746 0.0458 0.1203 0.9917 0.0064 -0.0001 0.9917 -0.1203 153.2597
0.9999 0.0105 -0.0239 -74.1513 0.0120 0.1205 0.9926 0.0062 -0.0001 0.9926 -0.1205 153.2670
0.9995 0.0263 -0.0600 -70.7997 0.0302 0.1205 0.9923 0.0063 -0.0001 0.9923 -0.1205 153.2740
0.9991 0.0379 -0.0863 -68.7454 0.0435 0.1206 0.9918 0.0063 -0.0001 0.9918 -0.1206 153.2784
0.9995 0.0283 -0.0645 -65.9348 0.0325 0.1208 0.9921 0.0063 -0.0001 0.9921 -0.1208 153.2843
0.9998 -0.0158 0.0360 -64.0408 -0.0181 0.1208 0.9925 0.0060 -0.0001 0.9925 -0.1208 153.2883
0.9999 0.0131 -0.0299 -61.1386 0.0150 0.1208 0.9926 0.0062 -0.0001 0.9926 -0.1208 153.2944
0.9996 0.0348 -0.0389 -59.3319 0.0248 -0.6193 0.7848 0.0062 0.0115 0.7850 0.6190 153.2750
0.9995 0.0443 -0.0462 -57.6194 0.0314 -0.6770 0.7353 0.0063 0.0033 0.7354 0.6769 153.2537
0.9995 0.0321 -0.0063 -56.0175 0.0291 -0.9937 0.1080 0.0063 0.0105 0.1083 0.9937 153.2123
0.9992 0.0193 0.0215 -53.7862 0.0319 -0.9411 -0.3367 0.0063 0.0261 -0.3359 0.9414 153.1452
1.0000 -0.0009 0.0011 -51.6548 0.0006 0.4634 -0.8861 0.0061 0.0044 -0.8861 -0.4634 153.0043
0.9984 -0.0074 -0.0078 -49.5777 0.0120 0.9451 0.3266 0.0062 0.0558 0.3259 -0.9453 152.8381
0.9993 -0.0209 0.0506 -47.3835 -0.0257 0.1697 0.9852 0.0059 0.0283 0.9853 -0.1689 152.6053
0.9997 -0.0172 -0.0085 -44.9863 -0.0219 -0.9808 -0.1936 0.0059 0.0075 -0.1938 0.9808 152.2649
0.9977 0.0001 -0.0002 -43.3792 -0.0001 0.2447 -0.9696 0.0062 0.0683 -0.9696 -0.2447 151.9977
1.0000 -0.0026 0.0019 -40.9210 0.0020 0.8805 -0.4741 0.0061 0.0060 -0.4741 -0.8805 151.5415
0.9997 -0.0028 0.0046 -38.5671 -0.0024 -0.1853 0.9827 0.0061 0.0241 0.9827 0.1854 151.0299
0.9977 0.0025 0.0028 -36.2146 0.0042 -0.9394 -0.3429 0.0061 0.0673 -0.3427 0.9394 150.4528
1.0000 -0.0017 0.0059 -33.8410 0.0032 -0.3914 -0.9202 0.0061 0.0060 -0.9202 0.3914 149.8026
0.9997 0.0017 0.0011 -31.5738 -0.0023 0.9694 0.2455 0.0061 0.0233 0.2456 -0.9694 149.1066
0.9932 0.0029 -0.0342 -29.2662 -0.0223 -0.6401 -0.7679 0.0060 0.1143 -0.7696 0.6382 148.2609
0.9991 0.0153 -0.0085 -26.7752 -0.0119 0.9329 -0.3599 0.0060 0.0418 -0.3594 -0.9331 147.2058
0.9992 -0.0422 0.0687 -24.2548 -0.0352 -0.2236 0.9741 0.0059 0.0176 0.9739 0.2242 146.0211
0.9987 0.0228 -0.0556 -21.5814 -0.0283 -0.1786 -0.9835 0.0059 0.0418 -0.9837 0.1774 144.6471
0.9961 -0.0045 -0.0050 -18.9089 0.0075 0.9427 0.3335 0.0061 0.0881 0.3329 -0.9429 143.1605
0.9735 0.0241 0.0121 -16.6131 0.0316 -0.9806 -0.1935 0.0063 0.2265 -0.1864 0.9820 141.4816
0.9444 -0.0479 -0.0059 -14.9964 0.0540 0.9970 0.0562 0.0064 0.3244 0.0387 -0.9979 139.5185
0.9777 -0.0329 0.0882 -14.3725 0.0461 -0.2577 -0.9651 0.0064 0.2048 -0.9627 0.2668 138.1401
0.9987 -0.0328 0.0251 -13.7992 0.0238 0.8495 -0.5270 0.0062 0.0456 -0.5279 -0.8490 136.8025
0.9974 0.0876 -0.1384 -12.4822 -0.0716 0.2563 -0.9639 0.0057 -0.0051 -0.9640 -0.2560 133.7655
0.9955 0.1230 -0.1243 -11.1937 -0.0870 0.6969 -0.7119 0.0056 0.0373 -0.7096 -0.6992 130.8160
0.9985 0.0663 -0.0296 -10.2483 -0.0536 0.9598 -0.2754 0.0058 0.0120 -0.2748 -0.9600 128.5733
0.9950 -0.0094 0.0143 -9.3686 -0.0075 -0.3017 0.9534 0.0060 0.0999 0.9532 0.3024 126.3295
0.9993 -0.0063 0.0003 -8.5469 -0.0062 -0.9996 0.0273 0.0061 0.0376 0.0270 0.9996 124.0374
0.9990 -0.0080 0.0432 -7.7938 0.0255 -0.5318 -0.8465 0.0062 0.0365 -0.8460 0.5326 121.8095
0.9994 -0.0155 0.0579 -7.0905 0.0319 -0.4200 -0.9070 0.0063 0.0159 -0.9068 0.4205 119.6835
0.9984 -0.0444 0.0824 -6.4444 0.0413 0.0760 -0.9962 0.0063 0.0390 -0.9964 -0.0744 117.6845
0.9993 -0.0482 0.0610 -5.8531 0.0353 0.5029 -0.8636 0.0063 0.0103 -0.8638 -0.5026 115.7863
0.9986 -0.0541 0.0416 -5.3103 0.0393 0.8473 -0.5297 0.0063 0.0342 -0.5308 -0.8466 114.0041
0.9999 -0.0097 0.0028 -4.8015 0.0084 0.9860 -0.1666 0.0061 0.0071 -0.1666 -0.9860 112.2720
0.9973 0.0084 -0.0169 -4.0808 0.0085 0.0047 1.0000 0.0061 0.0724 1.0000 -0.0053 109.6633
0.9991 -0.0102 0.0030 -3.4370 -0.0089 -0.9854 0.1700 0.0060 0.0403 0.1696 0.9855 106.9877
0.9993 0.0438 -0.0546 -2.8607 -0.0319 0.5165 -0.8557 0.0059 0.0199 -0.8553 -0.5171 104.0608
0.9991 0.0383 -0.0084 -2.4897 -0.0343 0.9919 -0.1220 0.0059 0.0231 -0.1212 -0.9920 101.9941
0.9984 0.0130 0.0334 -2.1105 -0.0341 0.8717 0.4888 0.0059 0.0445 0.4901 -0.8710 99.7713
0.9981 -0.0382 0.0113 -1.8100 -0.0331 -0.9848 0.1704 0.0059 0.0523 0.1687 0.9851 97.4768
0.9908 0.0830 -0.0851 -1.5700 -0.0589 0.6883 -0.7230 0.0057 0.1220 -0.7180 -0.6935 94.9844
0.9958 0.0131 0.0899 -1.3985 -0.0735 0.7887 0.6104 0.0057 0.0552 0.6136 -0.7862 92.2436
0.9964 0.0011 0.1107 -1.2398 -0.0791 0.7121 0.6976 0.0056 0.0290 0.6992 -0.7105 89.2475
0.9967 -0.0003 0.1143 -1.0774 -0.0806 0.7033 0.7063 0.0056 0.0126 0.7071 -0.7025 85.9978
0.9988 -0.0003 0.0677 -0.9072 -0.0477 0.7035 0.7091 0.0058 0.0049 0.7093 -0.7033 82.5490
0.9997 0.0001 -0.0321 -0.7416 0.0226 0.7040 0.7098 0.0062 0.0018 0.7098 -0.7040 79.1864
0.9984 0.0003 -0.0815 -0.5870 0.0574 0.7032 0.7087 0.0064 0.0006 0.7087 -0.7032 76.0453
0.9977 0.0004 -0.0962 -0.4441 0.0678 0.7029 0.7081 0.0065 0.0002 0.7081 -0.7029 73.1399
0.9978 0.0003 -0.0946 -0.2502 0.0667 0.7031 0.7080 0.0065 -0.0000 0.7080 -0.7031 69.1985
0.9982 0.0003 -0.0855 -0.1333 0.0602 0.7035 0.7081 0.0064 -0.0001 0.7081 -0.7035 66.8238
0.9998 -0.0001 0.0295 0.0397 -0.0208 0.7046 0.7093 0.0060 -0.0001 0.7093 -0.7046 63.3100
0.9983 -0.0003 0.0824 0.1669 -0.0581 0.7034 0.7084 0.0057 -0.0001 0.7084 -0.7034 60.7247
0.9973 -0.0004 0.1042 0.3063 -0.0734 0.7026 0.7078 0.0057 -0.0001 0.7078 -0.7026 57.8927
0.9969 -0.0004 0.1119 0.4581 -0.0788 0.7022 0.7076 0.0056 -0.0001 0.7076 -0.7022 54.8081
0.9989 -0.0003 0.0674 0.6197 -0.0475 0.7034 0.7092 0.0058 -0.0001 0.7092 -0.7034 51.5238
0.9998 0.0001 -0.0302 0.7773 0.0213 0.7042 0.7097 0.0062 -0.0001 0.7097 -0.7042 48.3209
0.9985 0.0003 -0.0779 0.9244 0.0549 0.7034 0.7087 0.0064 -0.0001 0.7087 -0.7034 45.3307
0.9979 0.0003 -0.0921 1.0605 0.0649 0.7031 0.7081 0.0065 -0.0001 0.7081 -0.7031 42.5661
0.9986 0.0002 -0.0747 1.1871 0.0527 0.7038 0.7085 0.0064 -0.0001 0.7085 -0.7038 39.9926
0.9987 0.0002 -0.0734 1.3066 0.0517 0.7039 0.7084 0.0064 -0.0001 0.7084 -0.7039 37.5650
0.9993 0.0002 -0.0516 1.4188 0.0364 0.7044 0.7089 0.0063 -0.0001 0.7089 -0.7044 35.2856
0.9999 0.0001 -0.0239 1.5866 0.0168 0.7048 0.7092 0.0062 -0.0001 0.7093 -0.7048 31.8767
0.9999 -0.0025 0.0045 1.6679 -0.0023 -0.1391 0.9903 0.0061 0.0168 0.9903 0.1392 29.6393
0.9999 0.0160 -0.0257 1.7409 0.0132 -0.2407 0.9705 0.0062 0.0072 0.9705 0.2406 27.3980
0.9995 0.0380 -0.0603 1.8072 0.0312 -0.2502 0.9677 0.0064 -0.0008 0.9677 0.2502 25.2832
0.9999 0.0034 -0.0022 1.8446 0.0025 -0.8978 0.4403 0.0061 0.0149 0.4404 0.8978 23.2267
0.9987 -0.0645 0.0363 1.8790 -0.0497 -0.9299 0.3644 0.0058 0.0055 0.3642 0.9300 20.9985
0.9974 -0.0931 0.0520 1.9154 -0.0719 -0.9300 0.3604 0.0057 0.0022 0.3603 0.9301 18.5165
0.9969 -0.1024 0.0571 1.9553 -0.0791 -0.9297 0.3598 0.0056 0.0008 0.3598 0.9297 15.7776
0.9988 -0.0628 0.0350 1.9982 -0.0486 -0.9315 0.3604 0.0058 0.0003 0.3604 0.9315 12.8351
0.9998 0.0229 -0.0128 2.0400 0.0177 -0.9325 0.3608 0.0062 0.0000 0.3608 0.9325 9.9634
0.9989 0.0606 -0.0338 2.0790 0.0469 -0.9315 0.3607 0.0064 -0.0000 0.3607 0.9315 7.2831
1.0000 0.0108 -0.0060 2.1167 0.0084 -0.9325 0.3611 0.0061 -0.0001 0.3611 0.9325 4.6872
0.9991 -0.0537 0.0300 2.1568 -0.0415 -0.9318 0.3606 0.0058 -0.0001 0.3606 0.9318 1.9388
0.9978 -0.0855 0.0477 2.2001 -0.0661 -0.9306 0.3600 0.0057 -0.0001 0.3600 0.9306 -1.0409
0.9971 0.0041 -0.1043 2.2091 -0.0709 -0.6760 -0.7335 0.0057 0.0292 -0.7349 0.6744 -4.2624
0.9982 -0.0247 0.0447 2.1637 0.0225 0.1050 -0.9942 0.0062 0.0564 -0.9943 -0.1038 -9.1362
0.9955 0.0396 -0.0870 2.0148 0.0437 0.0918 0.9948 0.0063 0.0842 0.9945 -0.0955 -12.1526
0.9944 0.0765 -0.0643 1.8016 0.0549 -0.8082 0.5863 0.0064 0.0905 0.5903 0.8053 -14.9937
0.9791 -0.0173 -0.0676 1.4530 0.0625 0.8365 0.5443 0.0065 0.1933 0.5342 -0.8432 -17.6067
0.9949 0.0658 -0.0418 0.9889 0.0496 -0.9055 0.4214 0.0064 0.0879 0.4254 0.9037 -20.0444
0.9957 0.0408 0.0211 0.5127 0.0526 -0.9782 -0.2009 0.0064 0.0757 -0.1970 0.9790 -22.3149
0.9867 0.0072 -0.0622 -0.0477 0.0396 0.6136 0.7886 0.0063 0.1575 0.7848 -0.6186 -24.4065
0.9914 0.0102 0.0071 -0.8236 -0.0143 0.9687 0.2479 0.0060 0.1303 0.2497 -0.9682 -26.4711
0.9986 0.0002 -0.0080 -1.6678 0.0056 0.6912 0.7226 0.0061 0.0532 0.7224 -0.6914 -28.5673
0.9941 0.0429 -0.0253 -2.5221 0.0329 -0.9224 0.3848 0.0063 0.1033 0.3879 0.9211 -30.5226
0.9784 0.0084 -0.0105 -3.5068 0.0062 -0.5159 0.8567 0.0061 0.2065 0.8573 0.5148 -32.3359
0.9845 -0.0349 -0.0052 -4.7985 -0.0382 -0.9969 -0.0691 0.0059 0.1710 -0.0756 0.9964 -34.1305
0.9975 0.0002 -0.0056 -6.1951 -0.0038 -0.6758 -0.7371 0.0061 0.0707 -0.7373 0.6756 -35.9475
0.9934 -0.0193 0.0092 -7.5837 0.0155 0.9548 -0.2968 0.0062 0.1135 -0.2985 -0.9543 -37.6419
0.9730 0.0343 -0.0253 -9.1534 -0.0255 0.8637 -0.5034 0.0059 0.2292 -0.4984 -0.8666 -39.2465
0.9771 -0.0345 0.0974 -11.0697 -0.0515 0.2927 0.9548 0.0058 0.2062 0.9579 -0.2825 -40.7576
0.9948 -0.0097 0.0104 -13.1176 -0.0069 -0.6546 0.7560 0.0060 0.1020 0.7555 0.6551 -42.2279
0.9965 0.0175 -0.0066 -15.1043 0.0146 -0.9737 0.2275 0.0062 0.0826 0.2287 0.9734 -43.5969
0.9659 0.0481 -0.0800 -18.3779 -0.0414 0.1850 -0.9819 0.0058 0.2557 -0.9799 -0.1954 -45.4692
0.9937 0.0249 -0.0132 -24.9728 0.0195 -0.9403 0.3398 0.0062 0.1101 0.3418 0.9396 -47.6535
0.9960 -0.0064 0.0021 -28.7761 0.0055 0.9807 -0.1955 0.0061 0.0891 -0.1960 -0.9806 -48.5787
0.9936 -0.0158 -0.0610 -32.9129 -0.0557 -0.8348 -0.5477 0.0058 0.0986 -0.5523 0.8318 -49.3211
0.9992 0.0026 -0.0110 -37.4205 -0.0062 -0.4623 -0.8867 0.0061 0.0402 -0.8868 0.4621 -49.9649
0.9982 -0.0367 0.0649 -41.6463 0.0327 0.1284 -0.9912 0.0063 0.0510 -0.9914 -0.1268 -50.5248
0.9938 -0.0064 -0.0045 -43.0367 0.0090 0.9675 0.2529 0.0061 0.1107 0.2519 -0.9677 -50.6639
0.9910 -0.0079 0.0501 -48.6773 0.0306 -0.5685 -0.8221 0.0063 0.1302 -0.8199 0.5717 -51.0278
0.9987 -0.0378 0.0358 -52.6074 0.0268 0.7442 -0.6674 0.0062 0.0435 -0.6683 -0.7434 -51.0707
0.9990 0.0225 -0.0803 -56.6632 -0.0438 -0.4019 -0.9146 0.0058 -0.0129 -0.9144 0.4024 -51.0319
0.9976 0.0965 -0.0975 -61.2253 -0.0682 0.6980 -0.7129 0.0057 -0.0076 -0.7132 -0.6976 -51.0270
0.9996 -0.0010 0.0056 -65.9889 0.0033 -0.5304 -0.8477 0.0061 -0.0275 -0.8478 0.5303 -51.1039
0.9996 0.0060 -0.0432 -70.7026 -0.0267 -0.5853 -0.8104 0.0059 -0.0112 -0.8102 0.5855 -51.2240
1.0000 -0.0011 0.0078 -75.6444 0.0048 -0.5871 -0.8095 0.0061 -0.0029 -0.8095 0.5871 -51.3576
0.9985 -0.0123 0.0898 -80.2291 0.0555 -0.5865 -0.8080 0.0064 -0.0007 -0.8081 0.5865 -51.4822
0.9985 -0.0123 0.0900 -84.4063 0.0556 -0.5867 -0.8079 0.0064 -0.0002 -0.8079 0.5867 -51.5957
0.9982 -0.0787 0.1040 -88.1474 0.0585 0.4565 -0.8878 0.0064 0.0140 -0.8882 -0.4558 -51.6457
0.9998 0.0272 -0.0352 -91.7550 -0.0200 0.4782 -0.8780 0.0060 0.0044 -0.8780 -0.4783 -51.6747
0.9977 0.0917 -0.1187 -95.8174 -0.0676 0.4775 -0.8760 0.0057 0.0009 -0.8760 -0.4776 -51.7052
0.9972 0.1007 -0.1303 -100.4381 -0.0742 0.4776 -0.8754 0.0057 0.0001 -0.8754 -0.4776 -51.7399
0.9998 -0.0282 0.0365 -105.1984 0.0208 0.4788 -0.8777 0.0062 -0.0000 -0.8777 -0.4788 -51.7756
0.9982 -0.0823 0.1065 -109.5117 0.0606 0.4777 -0.8764 0.0064 -0.0001 -0.8764 -0.4777 -51.8080
0.9980 -0.0865 0.1121 -113.3384 0.0638 0.4774 -0.8764 0.0065 -0.0001 -0.8764 -0.4774 -51.8367
0.9992 -0.0532 0.0689 -116.7546 0.0392 0.4779 -0.8776 0.0063 -0.0001 -0.8776 -0.4779 -51.8624
0.9990 0.0598 -0.0774 -120.2956 -0.0441 0.4779 -0.8773 0.0058 -0.0001 -0.8773 -0.4779 -51.8890
0.9991 0.0564 -0.0730 -124.3096 -0.0416 0.4782 -0.8773 0.0058 -0.0001 -0.8773 -0.4782 -51.9191
0.9994 -0.0487 0.0630 -128.2261 0.0359 0.4782 -0.8775 0.0063 -0.0001 -0.8775 -0.4782 -51.9485
0.9985 -0.0740 0.0958 -131.7231 0.0545 0.4776 -0.8769 0.0064 -0.0001 -0.8769 -0.4776 -51.9748
0.9993 -0.0500 0.0647 -133.8576 0.0369 0.4778 -0.8777 0.0063 -0.0001 -0.8777 -0.4778 -51.9908
1.0000 -0.0050 0.0064 -138.2888 0.0037 0.4782 -0.8783 0.0061 -0.0001 -0.8783 -0.4782 -52.0241
0.9992 -0.0542 0.0702 -141.4113 0.0399 0.4777 -0.8776 0.0063 -0.0001 -0.8776 -0.4777 -52.0476
