1.0000 -0.0006 0.0022 -0.6253 0.0012 -0.4043 -0.9146 0.0061 0.0089 -0.9146 0.4043 -16.4992
0.9943 -0.0145 0.0031 -1.0712 -0.0131 -0.9929 0.1179 0.0060 0.1059 0.1166 0.9931 -18.8465
0.9991 0.0141 -0.0579 -1.2370 -0.0326 -0.4556 -0.8896 0.0059 0.0268 -0.8900 0.4548 -19.4822
0.9956 -0.0151 0.0401 -1.9612 -0.0207 0.2403 0.9705 0.0060 0.0912 0.9709 -0.2385 -22.1224
0.9989 -0.0520 0.0545 -2.1963 -0.0368 -0.6717 0.7399 0.0059 0.0280 0.7392 0.6725 -22.8319
0.9989 -0.0387 0.0158 -2.4410 -0.0318 -0.9682 0.2482 0.0059 0.0339 0.2471 0.9685 -23.5653
0.9971 0.0148 0.0106 -3.6072 -0.0208 0.9671 0.2536 0.0060 0.0733 0.2551 -0.9667 -26.6274
0.9924 -0.0434 0.0435 -3.9715 -0.0308 -0.7053 0.7082 0.0059 0.1194 0.7056 0.7079 -27.4199
0.9976 -0.0202 -0.0389 -4.3688 -0.0442 -0.8973 -0.4393 0.0058 0.0527 -0.4414 0.8962 -28.2526
0.9960 0.0168 -0.0141 -5.2124 -0.0121 0.8107 -0.5854 0.0060 0.0885 -0.5845 -0.8113 -29.9320
0.9978 -0.0170 0.0076 -6.1587 -0.0138 -0.9616 0.2740 0.0060 0.0644 0.2731 0.9619 -31.5473
0.9986 0.0011 0.0028 -7.1389 0.0028 -0.8734 -0.4869 0.0061 0.0523 -0.4868 0.8735 -33.1701
0.9973 -0.0278 0.0059 -9.4043 -0.0250 -0.9927 0.1177 0.0059 0.0687 0.1160 0.9929 -36.3353
0.9872 0.0069 0.0347 -10.7371 -0.0302 0.8157 0.5777 0.0059 0.1564 0.5816 -0.8129 -37.9252
0.9982 -0.0430 0.0409 -12.2403 -0.0305 -0.7416 0.6702 0.0059 0.0508 0.6690 0.7426 -39.5677
0.9942 0.0003 -0.0008 -13.7712 -0.0004 -0.2501 -0.9682 0.0061 0.1072 -0.9682 0.2500 -41.1489
0.9993 0.0078 -0.0071 -15.3660 -0.0055 0.7665 -0.6422 0.0061 0.0359 -0.6420 -0.7667 -42.7056
0.9949 0.0065 -0.0173 -16.9678 0.0089 0.2476 0.9688 0.0061 0.1005 0.9686 -0.2485 -44.1861
0.9955 0.0392 -0.0443 -18.7202 -0.0280 0.6097 -0.7921 0.0059 0.0904 -0.7906 -0.6117 -45.5955
0.9920 0.0004 -0.0007 -20.5723 0.0004 0.0305 0.9995 0.0061 0.1261 0.9995 -0.0305 -46.9678
0.9849 0.0434 -0.0643 -24.3553 0.0343 -0.3254 0.9450 0.0063 0.1697 0.9468 0.3199 -48.9761
0.9945 0.0363 -0.0005 -26.1859 0.0362 -0.9993 0.0075 0.0063 0.0984 0.0111 0.9993 -49.7184
0.9981 -0.0099 0.0120 -27.9967 0.0072 0.5486 -0.8361 0.0061 0.0611 -0.8363 -0.5482 -50.3590
0.9986 -0.0140 0.0069 -29.8236 0.0111 0.9503 -0.3111 0.0062 0.0525 -0.3116 -0.9501 -50.9815
0.9991 -0.0062 0.0100 -31.6542 -0.0052 -0.2351 0.9720 0.0061 0.0419 0.9719 0.2353 -51.5273
0.9960 0.0012 0.0087 -33.5156 0.0071 -0.7891 -0.6142 0.0061 0.0892 -0.6137 0.7895 -52.0247
0.9978 -0.0023 0.0105 -35.3844 -0.0060 0.4898 0.8718 0.0061 0.0665 0.8720 -0.4894 -52.3961
0.9949 -0.0068 -0.0012 -37.3046 -0.0074 -0.9969 -0.0779 0.0060 0.1005 -0.0786 0.9969 -52.7119
0.9995 0.0055 -0.0231 -39.2957 -0.0130 -0.4655 -0.8849 0.0060 0.0287 -0.8851 0.4652 -52.9859
0.9990 -0.0029 0.0055 -41.2625 0.0027 0.0515 -0.9987 0.0061 0.0440 -0.9987 -0.0514 -53.2416
0.9997 0.0120 -0.0168 -42.2600 -0.0091 0.3957 -0.9183 0.0060 0.0211 -0.9182 -0.3959 -53.3601
0.9961 -0.0003 0.0116 -44.2811 -0.0080 0.6867 0.7269 0.0060 0.0879 0.7274 -0.6862 -53.5515
0.9996 -0.0157 0.0242 -46.3680 -0.0126 -0.2835 0.9589 0.0060 0.0252 0.9588 0.2838 -53.6957
0.9995 0.0256 -0.0144 -48.4000 0.0198 -0.9315 0.3632 0.0062 0.0255 0.3637 0.9313 -53.8046
0.9997 0.0280 -0.0125 -50.3177 0.0226 -0.9609 0.2758 0.0062 0.0095 0.2760 0.9609 -53.8997
0.9995 -0.0084 -0.0297 -52.2972 -0.0276 -0.8429 -0.5374 0.0059 0.0172 -0.5378 0.8426 -53.9695
0.9969 0.0393 -0.1238 -54.5184 -0.0660 -0.3432 -0.9369 0.0057 0.0438 -0.9379 0.3405 -54.0304
0.9968 0.0909 -0.1537 -57.0024 -0.0781 0.1799 -0.9806 0.0056 0.0146 -0.9804 -0.1810 -54.0690
0.9967 0.0968 -0.1590 -59.7458 -0.0814 0.2113 -0.9740 0.0056 0.0072 -0.9739 -0.2118 -54.1056
0.9966 0.0976 -0.1599 -62.7456 -0.0819 0.2141 -0.9734 0.0056 0.0030 -0.9733 -0.2144 -54.1433
0.9967 0.0973 -0.1594 -65.9997 -0.0816 0.2147 -0.9733 0.0056 0.0011 -0.9733 -0.2148 -54.1839
0.9988 0.0573 -0.0938 -69.4530 -0.0480 0.2154 -0.9754 0.0058 0.0004 -0.9753 -0.2154 -54.2268
1.0000 -0.0026 0.0043 -72.8516 0.0022 0.2156 -0.9765 0.0061 0.0001 -0.9765 -0.2156 -54.2691
0.9996 0.0322 -0.0527 -76.2894 -0.0270 0.2156 -0.9761 0.0059 0.0000 -0.9761 -0.2156 -54.3118
0.9987 0.0611 -0.1000 -79.9136 -0.0512 0.2155 -0.9752 0.0058 -0.0000 -0.9752 -0.2155 -54.3568
1.0000 -0.0025 0.0041 -83.5847 0.0021 0.2158 -0.9764 0.0061 -0.0001 -0.9764 -0.2158 -54.4024
0.9987 -0.0603 0.0988 -87.0597 0.0506 0.2154 -0.9752 0.0064 -0.0001 -0.9752 -0.2154 -54.4456
0.9998 -0.0255 0.0417 -91.9313 0.0214 0.2154 -0.9763 0.0062 -0.0001 -0.9763 -0.2154 -54.5061
1.0000 0.0003 -0.0005 -95.2268 -0.0002 0.2155 -0.9765 0.0061 -0.0001 -0.9765 -0.2155 -54.5471
0.9986 -0.0624 0.1023 -99.9231 0.0524 0.2150 -0.9752 0.0064 -0.0001 -0.9752 -0.2150 -54.6054
0.9982 -0.0722 0.1183 -101.3782 0.0606 0.2148 -0.9748 0.0064 -0.0001 -0.9748 -0.2148 -54.6235
0.9985 -0.0224 0.0930 -105.4687 0.0524 -0.4594 -0.8867 0.0064 0.0170 -0.8863 0.4602 -54.6185
0.9985 -0.0260 0.0987 -107.9831 0.0546 -0.4264 -0.9029 0.0064 0.0092 -0.9027 0.4269 -54.6000
1.0000 -0.0045 0.0168 -110.4237 0.0093 -0.4246 -0.9054 0.0061 0.0037 -0.9053 0.4246 -54.5795
0.9999 0.0052 -0.0197 -112.9713 -0.0109 -0.4228 -0.9062 0.0060 0.0013 -0.9062 0.4228 -54.5578
1.0000 -0.0038 0.0141 -115.4739 0.0078 -0.4218 -0.9067 0.0061 0.0004 -0.9067 0.4218 -54.5365
0.9995 0.0154 -0.0582 -118.0489 -0.0322 -0.4255 -0.9044 0.0059 0.0001 -0.9044 0.4255 -54.5144
0.9996 0.0141 -0.0532 -120.7878 -0.0294 -0.4255 -0.9045 0.0059 0.0000 -0.9045 0.4255 -54.4911
1.0000 -0.0011 0.0040 -123.4852 0.0022 -0.4257 -0.9049 0.0061 -0.0000 -0.9049 0.4257 -54.4680
0.9988 0.0234 -0.0883 -127.7094 -0.0488 -0.4250 -0.9039 0.0058 -0.0001 -0.9039 0.4250 -54.4319
0.9982 0.0290 -0.1096 -129.2262 -0.0606 -0.4247 -0.9033 0.0057 -0.0001 -0.9033 0.4247 -54.4189
0.9992 0.0195 -0.0734 -132.3907 -0.0406 -0.4250 -0.9043 0.0059 -0.0001 -0.9043 0.4250 -54.3919
1.0000 0.0029 -0.0111 -133.9556 -0.0061 -0.4253 -0.9050 0.0061 -0.0001 -0.9050 0.4253 -54.3785
0.9992 -0.0189 0.0715 -136.9433 0.0395 -0.4251 -0.9043 0.0063 -0.0001 -0.9043 0.4251 -54.3530
0.9994 -0.0164 0.0619 -138.3826 0.0342 -0.4253 -0.9044 0.0063 -0.0001 -0.9044 0.4253 -54.3407
0.9998 0.0086 -0.0324 -141.3243 -0.0179 -0.4254 -0.9048 0.0060 -0.0001 -0.9048 0.4254 -54.3155
0.9992 0.0189 -0.0713 -142.8658 -0.0394 -0.4250 -0.9043 0.0059 -0.0001 -0.9043 0.4250 -54.3024
0.9995 0.0152 -0.0574 -146.0701 -0.0317 -0.4250 -0.9046 0.0059 -0.0001 -0.9046 0.4250 -54.2750
1.0000 0.0003 -0.0011 -147.6526 -0.0006 -0.4253 -0.9050 0.0061 -0.0001 -0.9050 0.4253 -54.2614
0.9997 -0.0125 0.0471 -149.1886 0.0260 -0.4252 -0.9047 0.0062 -0.0001 -0.9047 0.4252 -54.2483
0.9990 -0.0212 0.0802 -150.6710 0.0443 -0.4250 -0.9041 0.0063 -0.0001 -0.9041 0.4250 -54.2356
0.9985 -0.0265 0.1002 -152.0978 0.0554 -0.4249 -0.9036 0.0064 -0.0001 -0.9036 0.4249 -54.2234
0.9990 -0.0212 0.0802 -154.8173 0.0443 -0.4253 -0.9040 0.0063 -0.0001 -0.9040 0.4252 -54.2002
0.9998 -0.0090 0.0340 -156.1720 0.0188 -0.4256 -0.9047 0.0062 -0.0001 -0.9047 0.4256 -54.1886
0.9999 -0.0075 0.0285 -157.5239 0.0157 -0.4256 -0.9048 0.0062 -0.0001 -0.9048 0.4256 -54.1771
0.9992 -0.0189 0.0715 -160.1216 0.0395 -0.4254 -0.9041 0.0063 -0.0001 -0.9041 0.4254 -54.1549
0.9986 -0.0254 0.0960 -162.5341 0.0530 -0.4253 -0.9035 0.0064 -0.0001 -0.9035 0.4253 -54.1343
0.9985 -0.0264 0.0998 -164.7608 0.0551 -0.4251 -0.9034 0.0064 -0.0001 -0.9034 0.4251 -54.1152
0.9986 -0.0253 0.0955 -166.8181 0.0528 -0.4253 -0.9035 0.0064 -0.0001 -0.9035 0.4253 -54.0977
0.9989 -0.0370 0.0712 -168.7381 0.0356 0.0396 -0.9986 0.0063 0.0310 -0.9986 -0.0385 -54.0712
1.0000 -0.0094 0.0128 -170.6651 0.0070 0.4261 -0.9047 0.0061 0.0062 -0.9047 -0.4261 -54.0260
0.9997 -0.0327 0.0439 -172.5341 0.0244 0.4409 -0.8972 0.0062 0.0027 -0.8972 -0.4409 -53.9814
0.9995 -0.0358 0.0193 -174.2899 0.0279 0.9381 -0.3452 0.0063 0.0116 -0.3455 -0.9380 -53.9165
0.9991 -0.0258 -0.0089 -175.9538 0.0306 0.9888 0.1458 0.0063 0.0305 0.1449 -0.9890 -53.8439
0.9997 0.0059 -0.0082 -177.5694 0.0045 -0.4024 0.9155 0.0061 0.0245 0.9155 0.4023 -53.7145
0.9974 -0.0011 -0.0059 -179.2182 -0.0050 -0.8085 -0.5884 0.0061 0.0725 -0.5887 0.8083 -53.5408
0.9998 0.0126 -0.0283 -180.9325 -0.0142 -0.1074 -0.9941 0.0060 0.0129 -0.9941 0.1072 -53.3255
0.9999 -0.0063 0.0070 -182.6269 0.0045 0.6196 -0.7849 0.0061 0.0150 -0.7850 -0.6195 -53.0921
0.9993 -0.0267 0.0161 -184.2531 0.0203 0.9177 -0.3968 0.0062 0.0313 -0.3974 -0.9174 -52.8567
0.9997 0.0003 -0.0008 -185.8322 0.0004 0.1555 0.9878 0.0061 0.0243 0.9878 -0.1555 -52.5695
0.9976 0.0063 0.0001 -187.4220 0.0064 -0.9999 -0.0088 0.0061 0.0689 -0.0084 0.9999 -52.2401
0.9998 -0.0006 0.0216 -188.9580 0.0149 -0.6859 -0.7275 0.0062 0.0112 -0.7274 0.6860 -51.8909
0.9978 -0.0292 0.0298 -190.4094 0.0207 0.6917 -0.7219 0.0062 0.0622 -0.7228 -0.6908 -51.5251
0.9920 0.0122 0.0089 -191.7659 0.0174 -0.9666 -0.2559 0.0062 0.1254 -0.2538 0.9671 -51.0678
0.9760 0.0217 -0.0227 -193.6691 0.0155 -0.6713 0.7410 0.0062 0.2171 0.7433 0.6688 -50.0479
0.9927 -0.0165 0.0452 -194.7163 0.0235 -0.2640 -0.9642 0.0062 0.1180 -0.9635 0.2667 -49.1815
0.9997 -0.0239 0.0152 -195.7214 0.0180 0.9061 -0.4226 0.0062 0.0186 -0.4229 -0.9060 -48.3373
0.9998 -0.0117 -0.0060 -196.6832 0.0150 0.9798 0.1993 0.0062 0.0095 0.1992 -0.9798 -47.5141
0.9997 -0.0040 -0.0157 -198.0628 0.0142 0.8333 0.5527 0.0062 0.0221 0.5524 -0.8334 -46.3285
0.9997 0.0068 -0.0246 -198.9336 0.0135 0.4092 0.9123 0.0062 0.0210 0.9122 -0.4095 -45.5587
0.9997 0.0145 -0.0257 -199.7679 0.0130 -0.1278 0.9917 0.0062 0.0198 0.9918 0.1275 -44.8061
0.9997 0.0176 -0.0198 -200.5674 0.0125 -0.6135 0.7896 0.0062 0.0188 0.7897 0.6133 -44.0709
0.9998 0.0158 -0.0093 -201.3336 0.0121 -0.9232 0.3840 0.0062 0.0180 0.3842 0.9232 -43.3529
0.9998 0.0084 0.0020 -202.0689 0.0095 -0.9941 -0.1078 0.0061 0.0180 -0.1076 0.9941 -42.6511
0.9999 0.0130 -0.0191 -203.5571 -0.0102 0.3463 -0.9381 0.0060 0.0001 -0.9381 -0.3463 -41.1342
0.9991 0.0023 0.0000 -204.2999 -0.0023 1.0000 0.0013 0.0061 0.0426 0.0014 -1.0000 -40.3423
0.9955 -0.0069 -0.0093 -205.0135 -0.0126 -0.9280 -0.3723 0.0060 0.0935 -0.3733 0.9276 -39.4557
0.9992 -0.0204 0.0477 -205.6850 -0.0241 0.1421 0.9896 0.0059 0.0307 0.9897 -0.1413 -38.4615
0.9986 -0.0219 0.0035 -206.3995 -0.0203 -0.9959 0.0876 0.0060 0.0479 0.0867 0.9960 -37.3971
0.9994 0.0046 -0.0389 -207.1464 -0.0245 -0.6067 -0.7945 0.0059 0.0243 -0.7949 0.6062 -36.2451
0.9997 0.0066 -0.0127 -207.8986 -0.0063 0.0328 -0.9994 0.0061 0.0249 -0.9994 -0.0330 -35.0623
1.0000 -0.0092 0.0139 -208.6293 0.0073 0.3133 -0.9496 0.0061 0.0015 -0.9496 -0.3133 -33.8984
0.9999 -0.0214 0.0186 -209.3132 0.0153 0.7946 -0.6069 0.0062 0.0059 -0.6070 -0.7945 -32.7808
0.9986 -0.0034 -0.0272 -209.9378 0.0218 0.7812 0.6240 0.0062 0.0482 0.6231 -0.7818 -31.7048
0.9996 0.0193 -0.0380 -210.5115 0.0190 -0.0136 0.9997 0.0062 0.0215 0.9997 0.0132 -30.6731
0.9999 0.0189 -0.0194 -211.3175 0.0134 -0.6905 0.7232 0.0062 0.0028 0.7232 0.6905 -29.1921
0.9999 0.0148 -0.0066 -211.8193 0.0119 -0.9609 0.2767 0.0062 0.0023 0.2768 0.9609 -28.2416
0.9999 0.0083 0.0051 -212.2956 0.0111 -0.9733 -0.2291 0.0062 0.0018 -0.2291 0.9733 -27.3187
0.9990 -0.0002 0.0005 -212.7414 0.0003 -0.1234 -0.9924 0.0061 0.0436 -0.9924 0.1234 -26.3999
0.9942 -0.0431 0.0708 -213.1485 -0.0363 -0.2104 0.9769 0.0059 0.1014 0.9762 0.2140 -25.3649
0.9990 -0.0246 -0.0269 -213.6055 -0.0404 -0.9422 -0.3326 0.0059 0.0198 -0.3334 0.9419 -24.1344
0.9966 0.0129 -0.0024 -214.0208 -0.0118 0.9949 -0.1002 0.0060 0.0811 -0.0993 -0.9950 -22.8698
0.9998 -0.0040 0.0286 -214.4275 -0.0176 0.5854 0.8105 0.0060 0.0031 0.8106 -0.5854 -21.5431
0.9976 -0.0413 0.0351 -214.8256 -0.0295 -0.8030 0.5953 0.0059 0.0628 0.5938 0.8041 -20.1455
0.9994 -0.0311 -0.0061 -215.2419 -0.0343 -0.9954 -0.0892 0.0059 0.0060 -0.0894 0.9954 -18.5905
0.9995 0.0245 -0.0236 -215.8068 -0.0174 0.7334 -0.6796 0.0060 0.0248 -0.6793 -0.7337 -16.2074
0.9971 -0.0053 0.0238 -216.1387 -0.0137 0.4856 0.8741 0.0060 0.0744 0.8746 -0.4847 -14.5503
0.9966 -0.0056 -0.0167 -216.5653 -0.0163 -0.8584 -0.5127 0.0060 0.0805 -0.5139 0.8577 -11.9234
0.9996 0.0163 -0.0172 -216.9081 -0.0115 0.6682 -0.7439 0.0060 0.0238 -0.7437 -0.6684 -9.1423
0.9998 -0.0056 -0.0007 -217.0974 0.0060 0.9984 0.0555 0.0061 0.0206 0.0554 -0.9984 -7.3041
0.9992 0.0311 -0.0248 -217.2784 0.0224 -0.8334 0.5522 0.0062 0.0320 0.5528 0.8330 -4.6833
1.0000 -0.0069 0.0042 -217.4157 -0.0053 -0.9153 0.4028 0.0061 0.0059 0.4027 0.9153 -2.1794
0.9974 -0.0952 0.0580 -217.5714 -0.0722 -0.9133 0.4007 0.0057 0.0012 0.4006 0.9134 0.7009
0.9998 -0.0266 0.0162 -217.7510 -0.0202 -0.9156 0.4015 0.0060 0.0002 0.4015 0.9156 4.0283
0.9992 -0.0533 0.0325 -217.9339 -0.0404 -0.9151 0.4012 0.0059 0.0000 0.4012 0.9151 7.4157
0.9977 -0.0899 0.0548 -218.1427 -0.0682 -0.9138 0.4004 0.0057 -0.0000 0.4004 0.9138 11.2840
1.0000 -0.0044 0.0027 -218.3616 -0.0033 -0.9160 0.4012 0.0061 -0.0001 0.4012 0.9160 15.3388
0.9998 -0.0234 0.0142 -218.5859 -0.0177 -0.9159 0.4011 0.0060 -0.0001 0.4011 0.9159 19.4951
0.9996 0.0030 0.0181 -218.7001 0.0151 -0.8004 -0.5993 0.0062 0.0233 -0.5990 0.8006 22.2335
0.9988 -0.0005 0.0692 -218.8340 0.0486 -0.7010 -0.7115 0.0064 0.0090 -0.7112 0.7013 26.0748
0.9985 -0.0012 0.0790 -218.9109 0.0550 -0.6948 -0.7171 0.0064 0.0036 -0.7170 0.6949 28.4022
0.9993 -0.0009 0.0543 -218.9825 0.0377 -0.6947 -0.7183 0.0063 0.0012 -0.7182 0.6948 30.5788
0.9989 0.0006 -0.0656 -219.0952 -0.0460 -0.7002 -0.7125 0.0058 0.0002 -0.7125 0.7002 34.0101
0.9976 0.0009 -0.0997 -219.1802 -0.0699 -0.6991 -0.7116 0.0057 0.0000 -0.7116 0.6991 36.5956
0.9968 0.0010 -0.1138 -219.3234 -0.0798 -0.6984 -0.7113 0.0056 -0.0000 -0.7113 0.6984 40.9514
0.9967 0.0011 -0.1155 -219.4293 -0.0809 -0.6982 -0.7114 0.0056 -0.0000 -0.7114 0.6982 44.1730
0.9967 0.0011 -0.1155 -219.5434 -0.0809 -0.6980 -0.7115 0.0056 -0.0001 -0.7115 0.6980 47.6465
0.9989 0.0006 -0.0674 -219.6640 -0.0472 -0.6994 -0.7131 0.0058 -0.0001 -0.7131 0.6994 51.3172
0.9997 -0.0003 0.0352 -219.7816 0.0247 -0.7001 -0.7137 0.0062 -0.0001 -0.7137 0.7001 54.8954
0.9989 -0.0006 0.0671 -219.8376 0.0470 -0.6996 -0.7130 0.0064 -0.0001 -0.7130 0.6996 56.5991
0.9977 -0.0009 0.0974 -219.9434 0.0682 -0.6989 -0.7120 0.0065 -0.0001 -0.7120 0.6989 59.8190
0.9974 -0.0009 0.1036 -220.0412 0.0726 -0.6988 -0.7116 0.0065 -0.0001 -0.7116 0.6988 62.7938
0.9975 -0.0009 0.1008 -220.1313 0.0706 -0.6990 -0.7116 0.0065 -0.0001 -0.7116 0.6990 65.5379
0.9983 -0.0653 0.1062 -220.1835 0.0545 0.2240 -0.9731 0.0064 0.0207 -0.9733 -0.2229 68.0908
0.9986 -0.0664 0.0976 -220.2199 0.0519 0.3383 -0.9396 0.0064 0.0102 -0.9398 -0.3378 70.4992
0.9987 0.0157 -0.0269 -220.1588 0.0136 -0.1624 0.9866 0.0062 0.0496 0.9867 0.1617 73.8881
0.9984 0.0023 -0.0019 -220.0582 0.0017 -0.8159 0.5782 0.0061 0.0572 0.5782 0.8159 76.1560
0.9998 -0.0082 0.0018 -219.9228 -0.0073 -0.9927 0.1203 0.0060 0.0199 0.1202 0.9927 78.4753
0.9953 -0.0114 0.0166 -219.7335 0.0089 0.3515 -0.9361 0.0061 0.0964 -0.9364 -0.3507 80.7432
0.9994 0.0042 -0.0004 -219.4777 -0.0040 0.9986 -0.0521 0.0061 0.0336 -0.0519 -0.9986 83.0297
0.9993 -0.0038 0.0266 -219.1774 -0.0163 0.5813 0.8135 0.0060 0.0337 0.8138 -0.5809 85.3416
0.9988 0.0070 -0.0135 -218.8511 0.0067 -0.0325 0.9994 0.0061 0.0495 0.9995 0.0322 87.6667
0.9996 0.0318 -0.0394 -218.5085 0.0231 -0.5224 0.8524 0.0062 0.0171 0.8526 0.5220 89.9045
0.9997 0.0331 -0.0400 -218.1774 0.0239 -0.5468 0.8370 0.0062 0.0078 0.8371 0.5466 92.0324
1.0000 0.0072 -0.0087 -218.0106 0.0052 -0.5478 0.8366 0.0061 0.0049 0.8366 0.5478 93.0998
1.0000 -0.0032 0.0039 -217.6745 -0.0023 -0.5471 0.8370 0.0061 0.0018 0.8370 0.5472 95.2489
0.9993 -0.0513 0.0623 -217.3218 -0.0371 -0.5427 0.8391 0.0059 0.0006 0.8391 0.5428 97.5033
1.0000 -0.0028 0.0034 -216.9594 -0.0020 -0.5477 0.8367 0.0061 0.0002 0.8367 0.5477 99.8201
0.9996 0.0226 -0.0025 -216.5860 0.0214 -0.9981 0.0579 0.0062 0.0170 0.0583 0.9981 102.0252
0.9986 0.0105 0.0360 -216.2119 0.0337 -0.8455 -0.5329 0.0063 0.0404 -0.5317 0.8462 104.1177
0.9990 -0.0087 0.0042 -215.7703 0.0069 0.9530 -0.3030 0.0061 0.0431 -0.3033 -0.9529 106.1355
0.9995 0.0001 -0.0053 -215.2820 0.0037 0.6930 0.7209 0.0061 0.0320 0.7209 -0.6931 108.1650
0.9987 0.0185 -0.0441 -214.7880 0.0224 0.1604 0.9868 0.0062 0.0448 0.9866 -0.1614 110.1263
0.9987 0.0382 -0.0394 -214.2853 0.0270 -0.6845 0.7285 0.0062 0.0430 0.7293 0.6836 111.9905
0.9989 -0.0193 0.0544 -213.7444 0.0283 -0.2801 -0.9595 0.0063 0.0366 -0.9593 0.2811 113.7341
0.9965 -0.0190 -0.0012 -213.1769 0.0197 0.9993 0.0317 0.0062 0.0814 0.0301 -0.9994 115.3914
0.9989 -0.0020 0.0051 -212.5531 -0.0026 0.1890 0.9820 0.0061 0.0478 0.9820 -0.1889 117.0583
0.9991 -0.0116 -0.0106 -211.8514 -0.0178 -0.9540 -0.2992 0.0060 0.0374 -0.2998 0.9538 118.7409
0.9997 0.0063 -0.0174 -211.0997 -0.0090 -0.2657 -0.9640 0.0060 0.0244 -0.9641 0.2654 120.4622
0.9997 -0.0243 0.0285 -209.9824 0.0174 0.5756 -0.8175 0.0062 0.0168 -0.8177 -0.5754 122.9392
0.9972 0.0001 -0.0218 -209.2261 0.0154 0.7033 0.7107 0.0062 0.0734 0.7099 -0.7041 124.4870
0.9990 -0.0059 0.0074 -208.4149 -0.0043 -0.5167 0.8561 0.0061 0.0438 0.8560 0.5169 126.0409
0.9992 0.0059 -0.0314 -207.5256 -0.0186 -0.5308 -0.8473 0.0060 0.0350 -0.8476 0.5302 127.6029
0.9997 0.0126 -0.0173 -206.5824 -0.0095 0.4127 -0.9108 0.0060 0.0230 -0.9107 -0.4129 129.1986
0.9969 -0.0026 -0.0188 -205.6225 0.0153 0.7873 0.6164 0.0062 0.0777 0.6154 -0.7880 130.7285
0.9987 0.0298 -0.0398 -204.6644 0.0222 -0.4447 0.8954 0.0062 0.0454 0.8959 0.4438 132.1650
0.9935 -0.0297 0.0385 -203.6867 0.0220 0.4765 -0.8789 0.0062 0.1115 -0.8801 -0.4744 133.4761
0.9988 0.0001 0.0015 -202.6484 -0.0011 0.7508 0.6605 0.0061 0.0490 0.6606 -0.7508 134.7654
0.9923 0.0032 -0.0318 -201.5137 -0.0205 -0.6265 -0.7791 0.0060 0.1222 -0.7807 0.6246 136.0333
0.9993 0.0412 -0.0423 -200.2356 -0.0292 0.6874 -0.7257 0.0059 0.0250 -0.7252 -0.6880 137.3711
0.9966 -0.0015 0.0079 -198.9293 -0.0047 0.5376 0.8432 0.0061 0.0823 0.8434 -0.5372 138.6776
0.9998 -0.0127 0.0184 -197.5643 -0.0098 -0.3619 0.9322 0.0060 0.0197 0.9321 0.3621 139.9813
0.9967 0.0010 0.0046 -196.1878 0.0040 -0.8229 -0.5682 0.0061 0.0812 -0.5679 0.8231 141.2325
0.9987 0.0109 -0.0145 -194.7492 -0.0081 0.4431 -0.8965 0.0060 0.0506 -0.8963 -0.4434 142.4671
0.9900 -0.0313 0.0260 -193.2105 -0.0225 -0.8141 0.5803 0.0060 0.1392 0.5778 0.8159 143.6485
0.9969 0.0297 -0.0613 -191.4964 -0.0307 -0.0324 -0.9990 0.0059 0.0724 -0.9991 0.0301 144.8467
0.9979 -0.0002 0.0393 -189.6859 -0.0277 0.7047 0.7090 0.0059 0.0588 0.7101 -0.7035 146.0074
0.9939 -0.0157 0.0035 -187.7937 -0.0141 -0.9921 0.1244 0.0060 0.1095 0.1228 0.9923 147.1354
0.9944 -0.0050 0.0600 -185.7349 -0.0392 0.6412 0.7664 0.0059 0.0978 0.7688 -0.6383 148.1739
0.9912 -0.0023 -0.0015 -183.5793 -0.0032 -0.9710 -0.2392 0.0061 0.1325 -0.2396 0.9709 149.1521
0.9938 -0.0053 0.0146 -181.3906 -0.0076 0.2687 0.9632 0.0060 0.1106 0.9634 -0.2679 149.9602
0.9905 0.0018 0.0148 -179.1677 0.0119 -0.7813 -0.6240 0.0062 0.1372 -0.6228 0.7823 150.6726
0.9938 -0.0022 0.0040 -176.9384 -0.0020 -0.1116 0.9938 0.0061 0.1110 0.9937 0.1118 151.2102
0.9907 -0.0045 0.0226 -174.6872 0.0133 -0.5219 -0.8529 0.0062 0.1351 -0.8519 0.5235 151.6516
0.9984 -0.0350 0.0390 -172.5066 0.0250 0.6232 -0.7817 0.0062 0.0508 -0.7825 -0.6222 152.0040
0.9976 -0.0102 -0.0517 -169.4816 0.0444 0.8124 0.5814 0.0064 0.0534 0.5795 -0.8138 152.4189
0.9987 0.0579 -0.0889 -166.7925 0.0464 -0.2886 0.9563 0.0064 0.0209 0.9566 0.2877 152.7198
0.9985 0.0439 -0.0005 -164.4192 0.0437 -0.9990 0.0052 0.0063 0.0333 0.0067 0.9990 152.9280
0.9989 -0.0301 0.0761 -161.7030 0.0389 -0.2057 -0.9778 0.0063 0.0250 -0.9776 0.2066 153.1036
0.9994 -0.0491 0.0583 -159.9708 0.0353 0.5642 -0.8249 0.0063 0.0046 -0.8250 -0.5640 153.1808
0.9990 -0.0001 0.0002 -156.9273 -0.0001 0.2079 0.9781 0.0061 0.0442 0.9781 -0.2079 153.2263
0.9984 -0.0794 0.0743 -155.2233 -0.0563 -0.7501 0.6590 0.0058 0.0006 0.6589 0.7501 153.1935
0.9960 -0.1108 0.0710 -152.9175 -0.0833 -0.9014 0.4249 0.0056 -0.0310 0.4272 0.9003 153.1351
0.9983 -0.0815 0.0820 -151.0775 -0.0576 -0.7014 0.7104 0.0058 -0.0045 0.7106 0.7013 153.1111
0.9998 -0.0102 0.0212 -149.2332 -0.0106 0.0377 0.9992 0.0060 -0.0138 0.9992 -0.0378 153.1100
0.9998 0.0160 -0.0364 -146.6006 0.0183 0.1201 0.9926 0.0062 -0.0029 0.9926 -0.1201 153.1142
0.9997 0.0230 -0.0523 -144.9525 0.0263 0.1209 0.9923 0.0062 -0.0011 0.9923 -0.1208 153.1176
1.0000 -0.0015 0.0034 -143.3404 -0.0017 0.1209 0.9927 0.0061 -0.0004 0.9927 -0.1209 153.1210
0.9989 -0.0406 0.0925 -141.5620 -0.0466 0.1207 0.9916 0.0058 -0.0002 0.9916 -0.1207 153.1248
0.9999 -0.0134 0.0305 -139.6831 -0.0154 0.1208 0.9926 0.0060 -0.0001 0.9926 -0.1208 153.1287
0.9998 -0.0183 0.0416 -137.7978 -0.0210 0.1207 0.9925 0.0060 -0.0001 0.9925 -0.1207 153.1326
0.9981 -0.0535 0.1217 -135.7199 -0.0613 0.1204 0.9908 0.0057 -0.0001 0.9908 -0.1204 153.1370
0.9970 -0.0677 0.1541 -133.3740 -0.0776 0.1200 0.9897 0.0056 -0.0001 0.9897 -0.1200 153.1420
0.9999 -0.0126 0.0287 -129.5502 -0.0145 0.1203 0.9926 0.0060 -0.0001 0.9926 -0.1203 153.1501
0.9995 0.0280 -0.0637 -127.1343 0.0321 0.1203 0.9922 0.0063 -0.0001 0.9922 -0.1203 153.1552
0.9989 0.0414 -0.0942 -124.8957 0.0474 0.1205 0.9916 0.0064 -0.0001 0.9916 -0.1205 153.1599
0.9987 0.0441 -0.1003 -122.8266 0.0505 0.1206 0.9914 0.0064 -0.0001 0.9914 -0.1206 153.1642
0.9988 0.0432 -0.0983 -120.9187 0.0495 0.1207 0.9915 0.0064 -0.0001 0.9915 -0.1207 153.1683
0.9994 0.0290 -0.0660 -119.1404 0.0332 0.1209 0.9921 0.0063 -0.0001 0.9921 -0.1209 153.1720
0.9997 -0.0199 0.0453 -117.3063 -0.0228 0.1208 0.9924 0.0060 -0.0001 0.9924 -0.1208 153.1759
0.9994 -0.0292 0.0664 -115.2848 -0.0334 0.1207 0.9921 0.0059 -0.0001 0.9921 -0.1207 153.1801
0.9999 0.0091 -0.0207 -113.2942 0.0104 0.1208 0.9926 0.0062 -0.0001 0.9926 -0.1208 153.1844
0.9995 0.0277 -0.0631 -111.4332 0.0318 0.1208 0.9922 0.0063 -0.0001 0.9922 -0.1208 153.1883
1.0000 0.0051 -0.0116 -109.6296 0.0059 0.1209 0.9926 0.0061 -0.0001 0.9926 -0.1209 153.1921
1.0000 -0.0037 0.0085 -107.7932 -0.0043 0.1209 0.9927 0.0061 -0.0001 0.9927 -0.1209 153.1960
0.9990 -0.0388 0.0883 -105.8397 -0.0445 0.1207 0.9917 0.0058 -0.0001 0.9917 -0.1207 153.2001
0.9973 -0.0639 0.1455 -103.6271 -0.0733 0.1203 0.9900 0.0057 -0.0001 0.9900 -0.1203 153.2048
0.9967 -0.0705 0.1604 -101.1488 -0.0808 0.1200 0.9895 0.0056 -0.0001 0.9895 -0.1200 153.2101
0.9987 -0.0436 0.0993 -98.4628 -0.0500 0.1201 0.9915 0.0058 -0.0001 0.9915 -0.1201 153.2157
0.9999 0.0129 -0.0293 -95.8390 0.0147 0.1203 0.9926 0.0062 -0.0001 0.9926 -0.1203 153.2212
0.9990 0.0393 -0.0895 -93.3945 0.0451 0.1204 0.9917 0.0064 -0.0001 0.9917 -0.1204 153.2264
0.9987 0.0443 -0.1009 -91.1347 0.0508 0.1205 0.9914 0.0064 -0.0001 0.9914 -0.1205 153.2311
1.0000 0.0070 -0.0159 -88.9431 0.0080 0.1206 0.9927 0.0061 -0.0001 0.9927 -0.1206 153.2358
0.9989 -0.0403 0.0917 -86.5827 -0.0462 0.1203 0.9917 0.0058 -0.0001 0.9917 -0.1203 153.2408
0.9979 -0.0568 0.1293 -83.9809 -0.0651 0.1200 0.9906 0.0057 -0.0001 0.9906 -0.1200 153.2462
0.9991 -0.0373 0.0849 -82.6301 -0.0428 0.1201 0.9918 0.0058 -0.0001 0.9918 -0.1201 153.2491
0.9999 0.0149 -0.0339 -80.0128 0.0171 0.1203 0.9926 0.0062 -0.0001 0.9926 -0.1203 153.2546
0.9994 0.0306 -0.0697 -78.7700 0.0351 0.1203 0.9921 0.0063 -0.0001 0.9921 -0.1203 153.2572
0.9988 0.0425 -0.0969 -76.4236 0.0488 0.1204 0.9915 0.0064 -0.0001 0.9915 -0.1204 153.2622
0.9999 0.0105 -0.0239 -74.1513 0.0120 0.1205 0.9926 0.0062 -0.0001 0.9926 -0.1205 153.2670
0.9998 0.0165 -0.0375 -71.8858 0.0189 0.1205 0.9925 0.0062 -0.0001 0.9925 -0.1205 153.2717
0.9993 0.0335 -0.0764 -69.7526 0.0385 0.1206 0.9920 0.0063 -0.0001 0.9920 -0.1206 153.2762
0.9989 0.0401 -0.0913 -67.7777 0.0460 0.1206 0.9916 0.0064 -0.0001 0.9916 -0.1206 153.2804
0.9995 0.0283 -0.0645 -65.9348 0.0325 0.1208 0.9921 0.0063 -0.0001 0.9921 -0.1208 153.2843
0.9998 -0.0158 0.0360 -64.0408 -0.0181 0.1208 0.9925 0.0060 -0.0001 0.9925 -0.1208 153.2883
1.0000 -0.0005 0.0012 -62.0838 -0.0006 0.1208 0.9927 0.0061 -0.0001 0.9927 -0.1208 153.2924
0.9992 0.0320 -0.0473 -60.2248 0.0251 -0.3337 0.9423 0.0062 0.0298 0.9426 0.3330 153.2866
0.9996 0.0382 -0.0402 -58.4612 0.0270 -0.6679 0.7437 0.0062 0.0053 0.7438 0.6678 153.2643
0.9990 0.0443 -0.0263 -56.8084 0.0338 -0.9205 0.3893 0.0063 0.0294 0.3902 0.9201 153.2343
0.9996 0.0299 -0.0031 -55.2469 0.0284 -0.9981 0.0555 0.0063 0.0041 0.0556 0.9981 153.1920
0.9992 0.0193 0.0215 -53.7862 0.0319 -0.9411 -0.3367 0.0063 0.0261 -0.3359 0.9414 153.1452
0.9998 -0.0071 0.0101 -52.3752 0.0055 0.3825 -0.9240 0.0061 0.0169 -0.9240 -0.3824 153.0505
1.0000 -0.0097 0.0126 -50.9449 0.0072 0.4767 -0.8791 0.0061 0.0019 -0.8791 -0.4766 152.9592
0.9984 -0.0074 -0.0078 -49.5777 0.0120 0.9451 0.3266 0.0062 0.0558 0.3259 -0.9453 152.8381
0.9993 -0.0209 0.0506 -47.3835 -0.0257 0.1697 0.9852 0.0059 0.0283 0.9853 -0.1689 152.6053
0.9997 -0.0172 -0.0085 -44.9863 -0.0219 -0.9808 -0.1936 0.0059 0.0075 -0.1938 0.9808 152.2649
0.9977 0.0001 -0.0002 -43.3792 -0.0001 0.2447 -0.9696 0.0062 0.0683 -0.9696 -0.2447 151.9977
0.9999 0.0142 -0.0103 -41.7362 -0.0104 0.8684 -0.4958 0.0060 0.0103 -0.4957 -0.8684 151.6921
0.9978 0.0051 -0.0213 -39.3544 0.0121 0.4635 0.8860 0.0062 0.0656 0.8856 -0.4642 151.2123
0.9995 0.0064 -0.0066 -36.9864 0.0045 -0.6861 0.7275 0.0061 0.0326 0.7276 0.6860 150.6602
0.9999 0.0039 -0.0145 -34.6283 -0.0079 -0.4135 -0.9105 0.0060 0.0104 -0.9105 0.4134 150.0174
0.9978 -0.0161 0.0097 -32.3314 0.0122 0.9175 -0.3975 0.0062 0.0646 -0.3983 -0.9172 149.3503
0.9975 -0.0102 0.0140 -30.0439 -0.0077 -0.4147 0.9099 0.0060 0.0705 0.9097 0.4152 148.5784
0.9993 0.0424 -0.0462 -27.6055 -0.0301 0.6416 -0.7664 0.0059 0.0208 -0.7660 -0.6421 147.5631
0.9992 -0.0206 0.0377 -25.1285 -0.0189 -0.0915 0.9956 0.0060 0.0350 0.9956 0.0922 146.4339
0.9961 -0.0072 -0.0232 -22.4834 -0.0222 -0.8521 -0.5228 0.0060 0.0856 -0.5244 0.8512 145.1293
0.9989 0.0024 -0.0030 -19.7752 -0.0017 0.5052 -0.8630 0.0061 0.0476 -0.8630 -0.5053 143.6679
0.9831 -0.0400 0.0309 -17.3179 0.0294 0.8470 -0.5308 0.0063 0.1809 -0.5353 -0.8442 142.0743
0.9530 -0.0101 -0.0511 -15.4401 0.0461 0.8228 0.5664 0.0064 0.2995 0.5550 -0.8307 140.1953
0.9378 -0.0585 0.0065 -14.6558 0.0588 0.9966 -0.0573 0.0064 0.3423 -0.0774 -0.9955 138.8317
0.9959 -0.0521 0.0504 -14.0838 0.0369 0.7291 -0.6834 0.0063 0.0825 -0.6856 -0.7271 137.4669
0.9996 0.0003 -0.0002 -13.5088 -0.0002 0.8656 -0.5007 0.0061 0.0279 -0.5007 -0.8656 136.1202
0.9963 0.1018 -0.1694 -11.6440 -0.0864 0.1964 -0.9767 0.0056 -0.0006 -0.9767 -0.1964 131.8666
0.9965 0.1058 -0.0590 -10.7250 -0.0818 0.9297 -0.3592 0.0056 0.0187 -0.3578 -0.9302 129.7056
0.9987 0.0129 0.0123 -9.7910 -0.0200 0.9515 0.3070 0.0060 0.0467 0.3079 -0.9512 127.4516
0.9982 -0.0175 0.0073 -8.9565 -0.0143 -0.9672 0.2538 0.0060 0.0575 0.2530 0.9674 125.1858
0.9980 0.0036 0.0131 -8.1606 0.0121 -0.8400 -0.5425 0.0062 0.0624 -0.5418 0.8404 122.9082
0.9994 -0.0124 0.0487 -7.4368 0.0272 -0.4422 -0.8965 0.0062 0.0236 -0.8962 0.4428 120.7335
0.9992 -0.0189 0.0695 -6.7564 0.0382 -0.4142 -0.9094 0.0063 0.0104 -0.9092 0.4145 118.6677
0.9992 -0.0478 0.0647 -6.1448 0.0359 0.4311 -0.9016 0.0063 0.0183 -0.9019 -0.4305 116.7232
0.9993 -0.0523 0.0650 -5.5718 0.0380 0.5185 -0.8542 0.0063 0.0069 -0.8544 -0.5183 114.8805
0.9995 -0.0346 0.0132 -5.0578 0.0288 0.9730 -0.2290 0.0063 0.0143 -0.2294 -0.9729 113.1435
0.9994 -0.0068 -0.0063 -4.2996 0.0104 0.9531 0.3024 0.0062 0.0323 0.3021 -0.9532 110.5274
0.9999 -0.0101 0.0090 -3.6467 -0.0072 -0.7813 0.6241 0.0060 0.0149 0.6240 0.7814 107.8880
0.9984 0.0529 -0.0750 -3.0567 -0.0406 0.3807 -0.9238 0.0059 0.0386 -0.9232 -0.3821 105.0687
0.9986 0.0326 -0.0226 -2.6751 -0.0242 0.8836 -0.4676 0.0059 0.0460 -0.4666 -0.8841 103.0436
0.9988 0.0488 -0.0049 -2.2958 -0.0465 0.9975 -0.0526 0.0058 0.0133 -0.0520 -0.9976 100.8942
0.9952 -0.0313 0.0423 -1.9545 -0.0235 -0.4318 0.9017 0.0060 0.0946 0.9007 0.4338 98.6401
0.9962 -0.0107 -0.0561 -1.6747 -0.0480 -0.8099 -0.5847 0.0058 0.0722 -0.5875 0.8078 96.2606
0.9947 0.0403 0.0461 -1.4821 -0.0676 0.9377 0.3409 0.0057 0.0775 0.3458 -0.9359 93.6458
0.9962 0.0041 0.1048 -1.3187 -0.0771 0.7311 0.6779 0.0056 0.0411 0.6802 -0.7290 90.7774
0.9966 0.0001 0.1132 -1.1597 -0.0802 0.7056 0.7040 0.0056 0.0195 0.7051 -0.7045 87.6542
0.9971 -0.0004 0.1082 -0.9926 -0.0763 0.7026 0.7075 0.0056 0.0079 0.7079 -0.7021 84.2827
1.0000 -0.0001 0.0129 -0.8232 -0.0091 0.7042 0.7100 0.0060 0.0030 0.7100 -0.7041 80.8433
0.9990 0.0003 -0.0628 -0.6629 0.0442 0.7036 0.7093 0.0063 0.0010 0.7092 -0.7036 77.5862
0.9979 0.0004 -0.0916 -0.5142 0.0645 0.7029 0.7083 0.0065 0.0003 0.7083 -0.7029 74.5636
0.9976 0.0004 -0.0974 -0.3768 0.0686 0.7029 0.7080 0.0065 0.0001 0.7080 -0.7029 71.7724
0.9978 0.0003 -0.0946 -0.2502 0.0667 0.7031 0.7080 0.0065 -0.0000 0.7080 -0.7031 69.1985
0.9982 0.0003 -0.0855 -0.1333 0.0602 0.7035 0.7081 0.0064 -0.0001 0.7081 -0.7035 66.8238
1.0000 0.0000 -0.0130 -0.0198 0.0092 0.7046 0.7095 0.0061 -0.0001 0.7095 -0.7046 64.5175
0.9991 -0.0002 0.0612 0.1018 -0.0431 0.7040 0.7089 0.0058 -0.0001 0.7089 -0.7040 62.0473
0.9977 -0.0003 0.0960 0.2351 -0.0676 0.7029 0.7080 0.0057 -0.0001 0.7080 -0.7029 59.3401
0.9970 -0.0004 0.1092 0.3806 -0.0769 0.7023 0.7077 0.0056 -0.0001 0.7077 -0.7024 56.3820
0.9972 -0.0004 0.1070 0.5384 -0.0753 0.7023 0.7079 0.0056 -0.0001 0.7079 -0.7023 53.1755
1.0000 -0.0001 0.0138 0.6997 -0.0097 0.7042 0.7099 0.0060 -0.0001 0.7099 -0.7042 49.8989
0.9991 0.0002 -0.0599 0.8523 0.0422 0.7038 0.7092 0.0063 -0.0001 0.7092 -0.7038 46.7974
0.9981 0.0003 -0.0877 0.9938 0.0618 0.7032 0.7083 0.0065 -0.0001 0.7083 -0.7032 43.9207
0.9980 0.0003 -0.0896 1.1246 0.0631 0.7032 0.7081 0.0065 -0.0001 0.7082 -0.7032 41.2627
0.9988 0.0002 -0.0708 1.2479 0.0499 0.7039 0.7085 0.0064 -0.0001 0.7085 -0.7039 38.7573
0.9987 0.0002 -0.0727 1.3632 0.0512 0.7039 0.7085 0.0064 -0.0001 0.7085 -0.7039 36.4151
0.9999 0.0001 -0.0179 1.4750 0.0126 0.7048 0.7093 0.0062 -0.0001 0.7093 -0.7048 34.1441
0.9993 0.0098 -0.0262 1.6300 0.0136 0.2482 0.9686 0.0062 0.0349 0.9685 -0.2487 30.7660
0.9999 -0.0005 0.0009 1.7053 -0.0004 -0.2221 0.9750 0.0061 0.0101 0.9750 0.2221 28.5076
0.9996 0.0324 -0.0518 1.7748 0.0267 -0.2447 0.9692 0.0062 0.0048 0.9693 0.2446 26.3225
0.9991 0.0367 -0.0378 1.8283 0.0260 -0.6862 0.7270 0.0063 0.0337 0.7276 0.6855 24.2629
0.9996 -0.0349 0.0202 1.8617 -0.0268 -0.9258 0.3772 0.0059 0.0082 0.3770 0.9258 22.1435
0.9980 -0.0825 0.0462 1.8968 -0.0638 -0.9302 0.3614 0.0057 0.0036 0.3612 0.9303 19.7896
0.9971 -0.0991 0.0553 1.9349 -0.0766 -0.9298 0.3601 0.0056 0.0014 0.3600 0.9298 17.1792
0.9971 -0.0981 0.0548 1.9766 -0.0759 -0.9299 0.3598 0.0056 0.0005 0.3598 0.9299 14.3165
0.9999 -0.0155 0.0086 2.0194 -0.0120 -0.9326 0.3608 0.0060 0.0001 0.3608 0.9326 11.3778
0.9993 0.0486 -0.0271 2.0598 0.0376 -0.9319 0.3607 0.0063 0.0000 0.3607 0.9319 8.5988
0.9993 0.0468 -0.0261 2.0977 0.0362 -0.9319 0.3609 0.0063 -0.0001 0.3609 0.9319 5.9931
0.9991 -0.0537 0.0300 2.1568 -0.0415 -0.9318 0.3606 0.0058 -0.0001 0.3606 0.9318 1.9388
0.9978 -0.0855 0.0477 2.2001 -0.0661 -0.9306 0.3600 0.0057 -0.0001 0.3600 0.9306 -1.0409
0.9971 0.0041 -0.1043 2.2091 -0.0709 -0.6760 -0.7335 0.0057 0.0292 -0.7349 0.6744 -4.2624
0.9997 0.0032 -0.0143 2.1905 -0.0082 -0.4860 -0.8739 0.0060 0.0216 -0.8740 0.4859 -7.5524
0.9923 -0.0301 -0.0200 2.1016 0.0416 0.9698 0.2403 0.0063 0.1164 0.2356 -0.9710 -10.6646
0.9966 0.0592 -0.0931 1.9176 0.0483 -0.2602 0.9644 0.0064 0.0665 0.9652 0.2571 -13.5990
0.9890 -0.0201 0.1028 1.6522 0.0607 -0.5243 -0.8494 0.0064 0.1351 -0.8451 0.5313 -16.3306
0.9968 0.0651 -0.0348 0.7538 0.0509 -0.9384 0.3418 0.0064 0.0617 0.3448 0.9373 -21.2027
0.9759 -0.0074 0.0242 -0.4113 0.0132 -0.3741 -0.9273 0.0062 0.2177 -0.9262 0.3767 -25.4259
0.9941 0.0429 -0.0253 -2.5221 0.0329 -0.9224 0.3848 0.0063 0.1033 0.3879 0.9211 -30.5226
0.9618 0.0137 0.0084 -4.1175 -0.0192 0.9747 0.2227 0.0060 0.2730 0.2278 -0.9735 -33.2252
0.9967 -0.0120 0.0296 -6.8835 0.0151 -0.1887 -0.9819 0.0062 0.0804 -0.9817 0.1899 -36.8113
0.9530 0.0175 -0.0706 -10.0716 -0.0411 -0.4749 -0.8791 0.0058 0.3002 -0.8849 0.4640 -40.0082
0.9975 0.0210 -0.0216 -14.1140 0.0149 -0.6864 0.7271 0.0062 0.0690 0.7278 0.6857 -42.9240
0.9659 0.0481 -0.0800 -18.3779 -0.0414 0.1850 -0.9819 0.0058 0.2557 -0.9799 -0.1954 -45.4692
0.9937 0.0249 -0.0132 -24.9728 0.0195 -0.9403 0.3398 0.0062 0.1101 0.3418 0.9396 -47.6535
0.9931 0.0253 0.0176 -26.2449 0.0355 -0.9679 -0.2489 0.0063 0.1116 -0.2450 0.9689 -47.9955
0.9948 0.0033 0.0261 -30.0963 -0.0210 0.7831 0.6216 0.0060 0.0998 0.6232 -0.7818 -48.8516
0.9954 0.0145 -0.0997 -34.4102 -0.0613 -0.5785 -0.8134 0.0057 0.0737 -0.8160 0.5748 -49.5439
0.9994 -0.0095 0.0387 -38.8699 0.0217 -0.4531 -0.8912 0.0062 0.0269 -0.8909 0.4536 -50.1623
0.9938 -0.0064 -0.0045 -43.0367 0.0090 0.9675 0.2529 0.0061 0.1107 0.2519 -0.9677 -50.6639
0.9966 0.0184 -0.0168 -47.3093 0.0131 -0.7675 0.6410 0.0062 0.0819 0.6418 0.7668 -50.9805
0.9975 -0.0519 0.0523 -51.3201 0.0367 0.7010 -0.7122 0.0063 0.0605 -0.7137 -0.6995 -51.0642
0.9989 0.0256 -0.0479 -55.2614 -0.0240 0.0694 -0.9973 0.0059 0.0412 -0.9972 -0.0704 -51.0420
0.9983 -0.0092 -0.0722 -58.1237 -0.0579 -0.7807 -0.6223 0.0057 -0.0058 -0.6220 0.7809 -51.0278
0.9978 0.0522 -0.0908 -62.8259 -0.0459 0.1466 -0.9881 0.0058 -0.0484 -0.9884 -0.1444 -51.0431
0.9997 -0.0024 0.0155 -67.5371 0.0094 -0.5707 -0.8211 0.0061 -0.0223 -0.8212 0.5706 -51.1411
0.9992 0.0088 -0.0640 -72.3515 -0.0395 -0.5862 -0.8092 0.0059 -0.0073 -0.8091 0.5864 -51.2684
0.9995 -0.0067 0.0486 -77.2278 0.0300 -0.5870 -0.8091 0.0063 -0.0018 -0.8091 0.5869 -51.4006
0.9987 -0.0113 0.0827 -81.6642 0.0511 -0.5867 -0.8082 0.0064 -0.0004 -0.8082 0.5867 -51.5212
0.9975 -0.0557 0.1182 -85.7027 0.0592 -0.0580 -0.9966 0.0064 0.0379 -0.9964 0.0602 -51.6189
0.9991 -0.0557 0.0721 -89.3240 0.0410 0.4780 -0.8774 0.0063 0.0103 -0.8776 -0.4777 -51.6558
0.9991 0.0582 -0.0753 -93.0483 -0.0429 0.4779 -0.8774 0.0058 0.0027 -0.8773 -0.4780 -51.6844
0.9973 0.0996 -0.1289 -97.2959 -0.0734 0.4774 -0.8756 0.0057 0.0005 -0.8756 -0.4774 -51.7163
0.9989 0.0637 -0.0824 -102.0578 -0.0469 0.4784 -0.8769 0.0058 0.0001 -0.8769 -0.4784 -51.7521
0.9991 -0.0563 0.0728 -106.6920 0.0415 0.4784 -0.8772 0.0063 -0.0000 -0.8772 -0.4784 -51.7868
0.9980 -0.0863 0.1118 -110.8394 0.0636 0.4776 -0.8763 0.0065 -0.0001 -0.8763 -0.4776 -51.8179
0.9980 -0.0847 0.1097 -114.5135 0.0625 0.4774 -0.8765 0.0065 -0.0001 -0.8765 -0.4774 -51.8455
1.0000 -0.0102 0.0132 -117.8862 0.0075 0.4781 -0.8783 0.0061 -0.0001 -0.8783 -0.4781 -51.8709
0.9983 0.0797 -0.1032 -121.5884 -0.0588 0.4776 -0.8766 0.0057 -0.0001 -0.8766 -0.4776 -51.8987
1.0000 0.0121 -0.0157 -125.6575 -0.0089 0.4786 -0.8780 0.0060 -0.0001 -0.8780 -0.4786 -51.9292
0.9989 -0.0631 0.0818 -129.4390 0.0466 0.4779 -0.8772 0.0064 -0.0001 -0.8772 -0.4779 -51.9576
0.9986 -0.0705 0.0912 -132.8004 0.0519 0.4775 -0.8771 0.0064 -0.0001 -0.8771 -0.4775 -51.9829
0.9998 0.0246 -0.0319 -136.0457 -0.0181 0.4781 -0.8781 0.0060 -0.0001 -0.8781 -0.4781 -52.0073
