0.9920 0.0004 -0.0007 -20.5723 0.0004 0.0305 0.9995 0.0061 0.1261 0.9995 -0.0305 -46.9678
0.9743 0.0137 -0.0463 -22.4597 0.0255 0.3921 0.9196 0.0062 0.2237 0.9173 -0.3974 -48.1237
0.9606 -0.0518 0.0565 -23.4089 0.0375 0.6388 -0.7684 0.0063 0.2753 -0.7750 -0.6309 -48.5760
0.9849 0.0434 -0.0643 -24.3553 0.0343 -0.3254 0.9450 0.0063 0.1697 0.9468 0.3199 -48.9761
0.9945 0.0363 -0.0005 -26.1859 0.0362 -0.9993 0.0075 0.0063 0.0984 0.0111 0.9993 -49.7184
0.9981 -0.0099 0.0120 -27.9967 0.0072 0.5486 -0.8361 0.0061 0.0611 -0.8363 -0.5482 -50.3590
0.9994 -0.0052 0.0054 -28.9158 0.0037 0.6768 -0.7361 0.0061 0.0343 -0.7362 -0.6767 -50.6784
0.9986 -0.0140 0.0069 -29.8236 0.0111 0.9503 -0.3111 0.0062 0.0525 -0.3116 -0.9501 -50.9815
0.9960 0.0029 -0.0157 -30.7295 0.0093 0.5375 0.8432 0.0061 0.0884 0.8428 -0.5382 -51.2568
0.9991 -0.0062 0.0100 -31.6542 -0.0052 -0.2351 0.9720 0.0061 0.0419 0.9719 0.2353 -51.5273
0.9985 -0.0056 0.0050 -32.5892 -0.0040 -0.7733 0.6340 0.0061 0.0540 0.6339 0.7734 -51.7909
0.9960 0.0012 0.0087 -33.5156 0.0071 -0.7891 -0.6142 0.0061 0.0892 -0.6137 0.7895 -52.0247
0.9911 -0.0096 0.0043 -34.4399 0.0078 0.9613 -0.2753 0.0061 0.1331 -0.2763 -0.9610 -52.2171
0.9978 -0.0023 0.0105 -35.3844 -0.0060 0.4898 0.8718 0.0061 0.0665 0.8720 -0.4894 -52.3961
0.9985 0.0035 -0.0295 -38.2946 -0.0186 -0.6075 -0.7941 0.0060 0.0508 -0.7946 0.6068 -52.8482
0.9998 -0.0004 0.0017 -40.2829 0.0009 -0.4336 -0.9011 0.0061 0.0185 -0.9011 0.4336 -53.1199
0.9997 0.0120 -0.0168 -42.2600 -0.0091 0.3957 -0.9183 0.0060 0.0211 -0.9182 -0.3959 -53.3601
0.9961 -0.0003 0.0116 -44.2811 -0.0080 0.6867 0.7269 0.0060 0.0879 0.7274 -0.6862 -53.5515
0.9996 -0.0157 0.0242 -46.3680 -0.0126 -0.2835 0.9589 0.0060 0.0252 0.9588 0.2838 -53.6957
0.9995 0.0256 -0.0144 -48.4000 0.0198 -0.9315 0.3632 0.0062 0.0255 0.3637 0.9313 -53.8046
0.9997 0.0280 -0.0125 -50.3177 0.0226 -0.9609 0.2758 0.0062 0.0095 0.2760 0.9609 -53.8997
0.9995 -0.0084 -0.0297 -52.2972 -0.0276 -0.8429 -0.5374 0.0059 0.0172 -0.5378 0.8426 -53.9695
0.9969 0.0393 -0.1238 -54.5184 -0.0660 -0.3432 -0.9369 0.0057 0.0438 -0.9379 0.3405 -54.0304
0.9968 0.0909 -0.1537 -57.0024 -0.0781 0.1799 -0.9806 0.0056 0.0146 -0.9804 -0.1810 -54.0690
0.9967 0.0968 -0.1590 -59.7458 -0.0814 0.2113 -0.9740 0.0056 0.0072 -0.9739 -0.2118 -54.1056
0.9966 0.0976 -0.1599 -62.7456 -0.0819 0.2141 -0.9734 0.0056 0.0030 -0.9733 -0.2144 -54.1433
0.9967 0.0973 -0.1594 -65.9997 -0.0816 0.2147 -0.9733 0.0056 0.0011 -0.9733 -0.2148 -54.1839
0.9988 0.0573 -0.0938 -69.4530 -0.0480 0.2154 -0.9754 0.0058 0.0004 -0.9753 -0.2154 -54.2268
1.0000 -0.0026 0.0043 -72.8516 0.0022 0.2156 -0.9765 0.0061 0.0001 -0.9765 -0.2156 -54.2691
0.9996 0.0322 -0.0527 -76.2894 -0.0270 0.2156 -0.9761 0.0059 0.0000 -0.9761 -0.2156 -54.3118
0.9987 0.0611 -0.1000 -79.9136 -0.0512 0.2155 -0.9752 0.0058 -0.0000 -0.9752 -0.2155 -54.3568
1.0000 -0.0025 0.0041 -83.5847 0.0021 0.2158 -0.9764 0.0061 -0.0001 -0.9764 -0.2158 -54.4024
0.9987 -0.0603 0.0988 -87.0597 0.0506 0.2154 -0.9752 0.0064 -0.0001 -0.9752 -0.2154 -54.4456
0.9987 -0.0598 0.0980 -90.3161 0.0502 0.2152 -0.9753 0.0064 -0.0001 -0.9753 -0.2152 -54.4860
1.0000 0.0050 -0.0082 -93.5769 -0.0042 0.2155 -0.9765 0.0061 -0.0001 -0.9765 -0.2155 -54.5266
0.9998 -0.0235 0.0385 -96.8437 0.0197 0.2154 -0.9763 0.0062 -0.0001 -0.9763 -0.2154 -54.5672
0.9986 -0.0624 0.1023 -99.9231 0.0524 0.2150 -0.9752 0.0064 -0.0001 -0.9752 -0.2150 -54.6054
0.9973 -0.0885 0.0875 -102.7789 0.0626 0.7138 -0.6976 0.0065 0.0389 -0.6993 -0.7121 -54.6287
0.9985 -0.0224 0.0930 -105.4687 0.0524 -0.4594 -0.8867 0.0064 0.0170 -0.8863 0.4602 -54.6185
0.9985 -0.0260 0.0987 -107.9831 0.0546 -0.4264 -0.9029 0.0064 0.0092 -0.9027 0.4269 -54.6000
1.0000 -0.0045 0.0168 -110.4237 0.0093 -0.4246 -0.9054 0.0061 0.0037 -0.9053 0.4246 -54.5795
0.9999 0.0052 -0.0197 -112.9713 -0.0109 -0.4228 -0.9062 0.0060 0.0013 -0.9062 0.4228 -54.5578
1.0000 -0.0038 0.0141 -115.4739 0.0078 -0.4218 -0.9067 0.0061 0.0004 -0.9067 0.4218 -54.5365
0.9995 0.0154 -0.0582 -118.0489 -0.0322 -0.4255 -0.9044 0.0059 0.0001 -0.9044 0.4255 -54.5144
0.9990 0.0215 -0.0813 -119.4102 -0.0449 -0.4253 -0.9040 0.0058 0.0000 -0.9040 0.4253 -54.5028
1.0000 0.0019 -0.0073 -122.1438 -0.0040 -0.4257 -0.9049 0.0061 -0.0000 -0.9049 0.4257 -54.4795
0.9999 0.0061 -0.0230 -124.8467 -0.0127 -0.4256 -0.9048 0.0060 -0.0001 -0.9048 0.4256 -54.4564
0.9988 0.0234 -0.0883 -127.7094 -0.0488 -0.4250 -0.9039 0.0058 -0.0001 -0.9039 0.4250 -54.4319
0.9980 0.0306 -0.1154 -130.7994 -0.0638 -0.4245 -0.9032 0.0057 -0.0001 -0.9032 0.4245 -54.4055
1.0000 0.0029 -0.0111 -133.9556 -0.0061 -0.4253 -0.9050 0.0061 -0.0001 -0.9050 0.4253 -54.3785
0.9992 -0.0189 0.0715 -136.9433 0.0395 -0.4251 -0.9043 0.0063 -0.0001 -0.9043 0.4251 -54.3530
1.0000 -0.0044 0.0166 -139.8340 0.0092 -0.4255 -0.9049 0.0061 -0.0001 -0.9049 0.4255 -54.3283
0.9992 0.0189 -0.0713 -142.8658 -0.0394 -0.4250 -0.9043 0.0059 -0.0001 -0.9043 0.4250 -54.3024
0.9995 0.0152 -0.0574 -146.0701 -0.0317 -0.4250 -0.9046 0.0059 -0.0001 -0.9046 0.4250 -54.2750
0.9997 -0.0125 0.0471 -149.1886 0.0260 -0.4252 -0.9047 0.0062 -0.0001 -0.9047 0.4252 -54.2483
0.9990 -0.0212 0.0802 -150.6710 0.0443 -0.4250 -0.9041 0.0063 -0.0001 -0.9041 0.4250 -54.2356
0.9983 -0.0282 0.1063 -153.4718 0.0587 -0.4249 -0.9033 0.0064 -0.0001 -0.9033 0.4249 -54.2117
0.9998 -0.0090 0.0340 -156.1720 0.0188 -0.4256 -0.9047 0.0062 -0.0001 -0.9047 0.4256 -54.1886
0.9996 -0.0131 0.0495 -158.8444 0.0273 -0.4255 -0.9045 0.0063 -0.0001 -0.9045 0.4255 -54.1658
0.9986 -0.0254 0.0960 -162.5341 0.0530 -0.4253 -0.9035 0.0064 -0.0001 -0.9035 0.4253 -54.1343
0.9985 -0.0264 0.0998 -164.7608 0.0551 -0.4251 -0.9034 0.0064 -0.0001 -0.9034 0.4251 -54.1152
0.9988 -0.0237 0.0897 -167.7881 0.0495 -0.4254 -0.9036 0.0064 -0.0001 -0.9036 0.4254 -54.0894
1.0000 -0.0094 0.0128 -170.6651 0.0070 0.4261 -0.9047 0.0061 0.0062 -0.9047 -0.4261 -54.0260
0.9997 -0.0327 0.0439 -172.5341 0.0244 0.4409 -0.8972 0.0062 0.0027 -0.8972 -0.4409 -53.9814
0.9996 -0.0357 0.0166 -175.1356 0.0286 0.9567 -0.2897 0.0063 0.0053 -0.2898 -0.9567 -53.8843
0.9976 0.0164 -0.0446 -176.7554 0.0231 0.2572 0.9661 0.0062 0.0659 0.9657 -0.2587 -53.7826
0.9993 -0.0013 0.0011 -178.3926 -0.0009 -0.8274 0.5617 0.0061 0.0380 0.5616 0.8274 -53.6391
0.9998 0.0126 -0.0283 -180.9325 -0.0142 -0.1074 -0.9941 0.0060 0.0129 -0.9941 0.1072 -53.3255
0.9999 -0.0063 0.0070 -182.6269 0.0045 0.6196 -0.7849 0.0061 0.0150 -0.7850 -0.6195 -53.0921
0.9993 -0.0267 0.0161 -184.2531 0.0203 0.9177 -0.3968 0.0062 0.0313 -0.3974 -0.9174 -52.8567
0.9997 0.0003 -0.0008 -185.8322 0.0004 0.1555 0.9878 0.0061 0.0243 0.9878 -0.1555 -52.5695
0.9976 0.0063 0.0001 -187.4220 0.0064 -0.9999 -0.0088 0.0061 0.0689 -0.0084 0.9999 -52.2401
0.9998 -0.0006 0.0216 -188.9580 0.0149 -0.6859 -0.7275 0.0062 0.0112 -0.7274 0.6860 -51.8909
0.9978 -0.0292 0.0298 -190.4094 0.0207 0.6917 -0.7219 0.0062 0.0622 -0.7228 -0.6908 -51.5251
0.9920 0.0122 0.0089 -191.7659 0.0174 -0.9666 -0.2559 0.0062 0.1254 -0.2538 0.9671 -51.0678
0.9760 0.0217 -0.0227 -193.6691 0.0155 -0.6713 0.7410 0.0062 0.2171 0.7433 0.6688 -50.0479
0.9927 -0.0165 0.0452 -194.7163 0.0235 -0.2640 -0.9642 0.0062 0.1180 -0.9635 0.2667 -49.1815
0.9997 -0.0239 0.0152 -195.7214 0.0180 0.9061 -0.4226 0.0062 0.0186 -0.4229 -0.9060 -48.3373
0.9998 -0.0117 -0.0060 -196.6832 0.0150 0.9798 0.1993 0.0062 0.0095 0.1992 -0.9798 -47.5141
0.9997 -0.0040 -0.0157 -198.0628 0.0142 0.8333 0.5527 0.0062 0.0221 0.5524 -0.8334 -46.3285
0.9997 0.0068 -0.0246 -198.9336 0.0135 0.4092 0.9123 0.0062 0.0210 0.9122 -0.4095 -45.5587
0.9999 0.0145 -0.0219 -200.1731 0.0115 -0.3081 0.9513 0.0062 0.0028 0.9513 0.3081 -44.4368
0.9999 0.0157 -0.0149 -200.9557 0.0111 -0.7434 0.6688 0.0062 0.0022 0.6688 0.7434 -43.7102
0.9999 0.0129 -0.0048 -201.7058 0.0107 -0.9750 0.2221 0.0062 0.0017 0.2221 0.9750 -43.0010
0.9991 -0.0006 0.0039 -202.4266 0.0023 -0.5676 -0.8233 0.0061 0.0414 -0.8232 0.5677 -42.2859
0.9998 0.0138 -0.0235 -203.1734 -0.0119 0.1723 -0.9850 0.0060 0.0173 -0.9849 -0.1725 -41.5255
0.9991 0.0023 0.0000 -204.2999 -0.0023 1.0000 0.0013 0.0061 0.0426 0.0014 -1.0000 -40.3423
0.9955 -0.0069 -0.0093 -205.0135 -0.0126 -0.9280 -0.3723 0.0060 0.0935 -0.3733 0.9276 -39.4557
0.9992 -0.0204 0.0477 -205.6850 -0.0241 0.1421 0.9896 0.0059 0.0307 0.9897 -0.1413 -38.4615
0.9986 -0.0219 0.0035 -206.3995 -0.0203 -0.9959 0.0876 0.0060 0.0479 0.0867 0.9960 -37.3971
0.9994 0.0046 -0.0389 -207.1464 -0.0245 -0.6067 -0.7945 0.0059 0.0243 -0.7949 0.6062 -36.2451
0.9997 0.0066 -0.0127 -207.8986 -0.0063 0.0328 -0.9994 0.0061 0.0249 -0.9994 -0.0330 -35.0623
1.0000 -0.0092 0.0139 -208.6293 0.0073 0.3133 -0.9496 0.0061 0.0015 -0.9496 -0.3133 -33.8984
0.9999 -0.0214 0.0186 -209.3132 0.0153 0.7946 -0.6069 0.0062 0.0059 -0.6070 -0.7945 -32.7808
0.9986 -0.0034 -0.0272 -209.9378 0.0218 0.7812 0.6240 0.0062 0.0482 0.6231 -0.7818 -31.7048
0.9996 0.0193 -0.0380 -210.5115 0.0190 -0.0136 0.9997 0.0062 0.0215 0.9997 0.0132 -30.6731
0.9997 0.0218 -0.0265 -211.0552 0.0158 -0.5439 0.8390 0.0062 0.0197 0.8392 0.5437 -29.6780
0.9997 0.0185 -0.0122 -211.5704 0.0138 -0.8962 0.4434 0.0062 0.0189 0.4436 0.8961 -28.7132
0.9998 0.0119 0.0015 -212.0592 0.0127 -0.9981 -0.0596 0.0062 0.0181 -0.0593 0.9982 -27.7766
0.9998 0.0038 0.0128 -212.5234 0.0120 -0.8460 -0.5331 0.0062 0.0173 -0.5329 0.8461 -26.8673
0.9977 0.0144 -0.0065 -212.9488 -0.0117 0.9599 -0.2800 0.0060 0.0671 -0.2793 -0.9601 -25.9094
0.9984 -0.0614 0.0216 -213.3696 -0.0518 -0.9768 0.2078 0.0058 0.0208 0.2068 0.9770 -24.7616
0.9986 0.0158 -0.0396 -213.8256 -0.0202 -0.1968 -0.9802 0.0060 0.0479 -0.9804 0.1958 -23.5049
0.9996 -0.0007 0.0285 -214.2184 -0.0196 0.6890 0.7245 0.0060 0.0220 0.7248 -0.6887 -22.2130
0.9995 -0.0133 0.0332 -214.6320 -0.0169 0.1979 0.9801 0.0060 0.0263 0.9802 -0.1975 -20.8622
0.9989 -0.0442 0.0010 -215.0286 -0.0436 -0.9990 0.0119 0.0058 0.0196 0.0111 0.9990 -19.3794
0.9994 -0.0055 -0.0163 -215.4453 -0.0159 -0.8585 -0.5126 0.0060 0.0305 -0.5130 0.8582 -17.8041
0.9995 0.0245 -0.0236 -215.8068 -0.0174 0.7334 -0.6796 0.0060 0.0248 -0.6793 -0.7337 -16.2074
0.9971 -0.0053 0.0238 -216.1387 -0.0137 0.4856 0.8741 0.0060 0.0744 0.8746 -0.4847 -14.5503
0.9989 -0.0270 0.0263 -216.4401 -0.0191 -0.7254 0.6881 0.0060 0.0439 0.6875 0.7259 -12.8114
0.9986 0.0252 -0.0366 -216.7994 -0.0196 0.3529 -0.9355 0.0060 0.0490 -0.9351 -0.3538 -10.0762
0.9998 -0.0056 -0.0007 -217.0974 0.0060 0.9984 0.0555 0.0061 0.0206 0.0554 -0.9984 -7.3041
0.9992 0.0311 -0.0248 -217.2784 0.0224 -0.8334 0.5522 0.0062 0.0320 0.5528 0.8330 -4.6833
0.9998 0.0208 -0.0128 -217.3699 0.0157 -0.9132 0.4071 0.0062 0.0094 0.4073 0.9132 -3.0239
0.9985 -0.0731 0.0446 -217.5157 -0.0554 -0.9143 0.4013 0.0058 0.0021 0.4011 0.9143 -0.3303
0.9987 -0.0674 0.0411 -217.6912 -0.0511 -0.9146 0.4011 0.0058 0.0004 0.4011 0.9146 2.9203
0.9998 -0.0270 0.0165 -217.8707 -0.0205 -0.9156 0.4015 0.0060 0.0000 0.4015 0.9156 6.2461
0.9978 -0.0875 0.0533 -218.0699 -0.0664 -0.9139 0.4005 0.0057 -0.0000 0.4005 0.9139 9.9349
0.9999 -0.0175 0.0107 -218.2895 -0.0133 -0.9159 0.4012 0.0060 -0.0001 0.4012 0.9159 14.0030
0.9996 -0.0390 0.0238 -218.5101 -0.0296 -0.9156 0.4010 0.0059 -0.0001 0.4010 0.9156 18.0898
0.9996 0.0030 0.0181 -218.7001 0.0151 -0.8004 -0.5993 0.0062 0.0233 -0.5990 0.8006 22.2335
0.9991 0.0000 0.0566 -218.7926 0.0401 -0.7067 -0.7064 0.0063 0.0128 -0.7061 0.7070 24.8404
0.9986 -0.0009 0.0763 -218.8733 0.0533 -0.6972 -0.7149 0.0064 0.0059 -0.7147 0.6974 27.2616
0.9986 -0.0013 0.0756 -218.9470 0.0526 -0.6941 -0.7179 0.0064 0.0021 -0.7179 0.6942 29.5011
1.0000 -0.0002 0.0132 -219.0184 0.0092 -0.6979 -0.7161 0.0061 0.0007 -0.7161 0.6979 31.6719
0.9989 0.0006 -0.0656 -219.0952 -0.0460 -0.7002 -0.7125 0.0058 0.0002 -0.7125 0.7002 34.0101
0.9972 0.0010 -0.1072 -219.2259 -0.0752 -0.6987 -0.7114 0.0056 0.0000 -0.7114 0.6987 37.9838
0.9968 0.0010 -0.1138 -219.3234 -0.0798 -0.6984 -0.7113 0.0056 -0.0000 -0.7113 0.6984 40.9514
0.9967 0.0011 -0.1155 -219.4293 -0.0809 -0.6982 -0.7114 0.0056 -0.0000 -0.7114 0.6982 44.1730
0.9967 0.0011 -0.1155 -219.5434 -0.0809 -0.6980 -0.7115 0.0056 -0.0001 -0.7115 0.6980 47.6465
0.9989 0.0006 -0.0674 -219.6640 -0.0472 -0.6994 -0.7131 0.0058 -0.0001 -0.7131 0.6994 51.3172
0.9997 -0.0003 0.0352 -219.7816 0.0247 -0.7001 -0.7137 0.0062 -0.0001 -0.7137 0.7001 54.8954
0.9982 -0.0008 0.0866 -219.8915 0.0607 -0.6991 -0.7124 0.0064 -0.0001 -0.7124 0.6991 58.2403
0.9974 -0.0009 0.1023 -219.9933 0.0717 -0.6988 -0.7118 0.0065 -0.0001 -0.7118 0.6988 61.3362
0.9974 -0.0009 0.1029 -220.0872 0.0721 -0.6989 -0.7116 0.0065 -0.0001 -0.7116 0.6989 64.1937
0.9971 -0.0516 0.1303 -220.1617 0.0666 -0.2037 -0.9768 0.0065 0.0382 -0.9763 0.2062 66.8310
0.9986 -0.0642 0.0963 -220.2029 0.0508 0.3155 -0.9476 0.0064 0.0140 -0.9478 -0.3148 69.3162
0.9951 0.0004 -0.0534 -220.1991 0.0376 0.7022 0.7110 0.0063 0.0912 0.7086 -0.7046 72.7588
0.9995 0.0092 -0.0133 -220.1158 0.0071 -0.3619 0.9322 0.0061 0.0309 0.9323 0.3617 75.0225
0.9994 -0.0149 0.0052 -219.9914 -0.0126 -0.9779 0.2088 0.0060 0.0321 0.2084 0.9780 77.3119
0.9988 0.0036 0.0063 -219.8427 0.0074 -0.9069 -0.4214 0.0061 0.0483 -0.4211 0.9070 79.6175
0.9986 0.0059 -0.0025 -219.6074 -0.0048 0.9661 -0.2581 0.0061 0.0535 -0.2579 -0.9662 81.8831
0.9982 0.0017 0.0049 -219.3332 -0.0048 0.8587 0.5124 0.0061 0.0594 0.5126 -0.8586 84.1747
0.9997 -0.0033 0.0160 -219.0192 -0.0092 0.5043 0.8635 0.0060 0.0211 0.8636 -0.5041 86.5155
0.9995 0.0183 -0.0246 -218.6785 0.0137 -0.4362 0.8997 0.0062 0.0270 0.8999 0.4359 88.7983
0.9995 0.0426 -0.0518 -218.3419 0.0308 -0.5424 0.8395 0.0063 0.0118 0.8397 0.5421 90.9774
1.0000 0.0072 -0.0087 -218.0106 0.0052 -0.5478 0.8366 0.0061 0.0049 0.8366 0.5478 93.0998
1.0000 -0.0032 0.0039 -217.6745 -0.0023 -0.5471 0.8370 0.0061 0.0018 0.8370 0.5472 95.2489
0.9993 -0.0513 0.0623 -217.3218 -0.0371 -0.5427 0.8391 0.0059 0.0006 0.8391 0.5428 97.5033
1.0000 -0.0028 0.0034 -216.9594 -0.0020 -0.5477 0.8367 0.0061 0.0002 0.8367 0.5477 99.8201
0.9996 0.0226 -0.0025 -216.5860 0.0214 -0.9981 0.0579 0.0062 0.0170 0.0583 0.9981 102.0252
0.9986 0.0105 0.0360 -216.2119 0.0337 -0.8455 -0.5329 0.0063 0.0404 -0.5317 0.8462 104.1177
0.9990 -0.0087 0.0042 -215.7703 0.0069 0.9530 -0.3030 0.0061 0.0431 -0.3033 -0.9529 106.1355
0.9995 0.0001 -0.0053 -215.2820 0.0037 0.6930 0.7209 0.0061 0.0320 0.7209 -0.6931 108.1650
0.9987 0.0185 -0.0441 -214.7880 0.0224 0.1604 0.9868 0.0062 0.0448 0.9866 -0.1614 110.1263
0.9987 0.0382 -0.0394 -214.2853 0.0270 -0.6845 0.7285 0.0062 0.0430 0.7293 0.6836 111.9905
0.9989 -0.0193 0.0544 -213.7444 0.0283 -0.2801 -0.9595 0.0063 0.0366 -0.9593 0.2811 113.7341
0.9965 -0.0190 -0.0012 -213.1769 0.0197 0.9993 0.0317 0.0062 0.0814 0.0301 -0.9994 115.3914
0.9989 -0.0020 0.0051 -212.5531 -0.0026 0.1890 0.9820 0.0061 0.0478 0.9820 -0.1889 117.0583
0.9986 0.0032 -0.0247 -211.4782 -0.0154 -0.5970 -0.8021 0.0060 0.0499 -0.8026 0.5964 119.6019
0.9992 -0.0186 0.0287 -210.3525 0.0150 0.2808 -0.9596 0.0062 0.0382 -0.9598 -0.2803 122.1340
0.9972 0.0001 -0.0218 -209.2261 0.0154 0.7033 0.7107 0.0062 0.0734 0.7099 -0.7041 124.4870
0.9990 -0.0059 0.0074 -208.4149 -0.0043 -0.5167 0.8561 0.0061 0.0438 0.8560 0.5169 126.0409
0.9992 0.0059 -0.0314 -207.5256 -0.0186 -0.5308 -0.8473 0.0060 0.0350 -0.8476 0.5302 127.6029
0.9997 0.0126 -0.0173 -206.5824 -0.0095 0.4127 -0.9108 0.0060 0.0230 -0.9107 -0.4129 129.1986
0.9969 -0.0026 -0.0188 -205.6225 0.0153 0.7873 0.6164 0.0062 0.0777 0.6154 -0.7880 130.7285
0.9987 0.0298 -0.0398 -204.6644 0.0222 -0.4447 0.8954 0.0062 0.0454 0.8959 0.4438 132.1650
0.9935 -0.0297 0.0385 -203.6867 0.0220 0.4765 -0.8789 0.0062 0.1115 -0.8801 -0.4744 133.4761
0.9988 0.0001 0.0015 -202.6484 -0.0011 0.7508 0.6605 0.0061 0.0490 0.6606 -0.7508 134.7654
0.9978 0.0517 -0.0651 -200.8808 -0.0378 0.5070 -0.8611 0.0059 0.0543 -0.8601 -0.5088 136.6927
0.9989 0.0135 -0.0063 -199.5889 -0.0108 0.9564 -0.2920 0.0060 0.0451 -0.2915 -0.9565 138.0356
0.9992 -0.0166 0.0273 -198.2499 -0.0140 -0.2133 0.9769 0.0060 0.0377 0.9768 0.2139 139.3258
0.9991 0.0035 -0.0032 -196.8811 0.0025 -0.7669 0.6417 0.0061 0.0428 0.6418 0.7669 140.6194
0.9993 0.0067 -0.0164 -195.4754 -0.0083 -0.1788 -0.9838 0.0060 0.0372 -0.9839 0.1785 141.8499
0.9961 0.0061 0.0042 -194.0034 -0.0085 0.9691 0.2466 0.0060 0.0883 0.2473 -0.9689 143.0660
0.9967 -0.0018 -0.0541 -192.3656 -0.0397 -0.7302 -0.6821 0.0059 0.0713 -0.6842 0.7283 144.2452
0.9939 0.0245 -0.0051 -190.6061 -0.0222 0.9932 -0.1140 0.0060 0.1082 -0.1116 -0.9935 145.4260
0.9974 -0.0181 0.0385 -188.7487 -0.0193 0.0633 0.9978 0.0060 0.0697 0.9979 -0.0620 146.5844
0.9857 0.0359 -0.0343 -186.7914 -0.0256 0.7377 -0.6747 0.0059 0.1664 -0.6715 -0.7405 147.6559
0.9947 -0.0314 0.0514 -184.6555 -0.0264 -0.2156 0.9761 0.0059 0.0998 0.9756 0.2181 148.6836
0.9835 -0.0048 0.0024 -182.4977 0.0038 0.9471 -0.3208 0.0061 0.1811 -0.3215 -0.9469 149.5671
0.9942 -0.0035 0.0040 -180.2735 -0.0025 -0.6022 0.7984 0.0061 0.1071 0.7982 0.6024 150.3372
0.9830 -0.0117 -0.0022 -178.0640 0.0131 0.9964 0.0841 0.0062 0.1833 0.0817 -0.9966 150.9536
0.9944 0.0008 -0.0006 -175.8050 0.0006 -0.8490 0.5284 0.0061 0.1061 0.5285 0.8489 151.4505
0.9967 -0.0233 0.0317 -173.5850 0.0175 0.4282 -0.9035 0.0062 0.0795 -0.9041 -0.4270 151.8319
0.9985 -0.0381 -0.0042 -170.4524 0.0403 0.9978 0.0525 0.0063 0.0371 0.0510 -0.9979 152.2958
0.9979 0.0446 -0.0936 -167.6525 0.0469 0.0467 0.9978 0.0064 0.0448 0.9977 -0.0488 152.6300
0.9989 0.0600 -0.0403 -165.1768 0.0447 -0.8915 0.4509 0.0064 0.0163 0.4515 0.8911 152.8679
0.9992 -0.0102 0.0658 -162.3368 0.0400 -0.5676 -0.8224 0.0063 0.0094 -0.8221 0.5679 153.0699
0.9993 -0.0464 0.0391 -159.4458 0.0332 0.8078 -0.5885 0.0063 0.0191 -0.5890 -0.8074 153.1972
0.9990 -0.0001 0.0002 -156.9273 -0.0001 0.2079 0.9781 0.0061 0.0442 0.9781 -0.2079 153.2263
0.9970 -0.0760 -0.0013 -153.7538 -0.0767 -0.9970 -0.0081 0.0056 0.0054 -0.0085 0.9970 153.1484
0.9983 -0.0815 0.0820 -151.0775 -0.0576 -0.7014 0.7104 0.0058 -0.0045 0.7106 0.7013 153.1111
0.9998 -0.0102 0.0212 -149.2332 -0.0106 0.0377 0.9992 0.0060 -0.0138 0.9992 -0.0378 153.1100
0.9999 0.0143 -0.0324 -147.4577 0.0163 0.1175 0.9929 0.0062 -0.0045 0.9930 -0.1174 153.1125
0.9997 0.0196 -0.0445 -145.7637 0.0224 0.1207 0.9924 0.0062 -0.0018 0.9924 -0.1207 153.1159
0.9998 0.0170 -0.0388 -144.1550 0.0195 0.1209 0.9925 0.0062 -0.0007 0.9925 -0.1209 153.1193
0.9996 -0.0247 0.0562 -142.4801 -0.0283 0.1208 0.9923 0.0059 -0.0003 0.9923 -0.1208 153.1228
0.9994 -0.0312 0.0710 -140.6188 -0.0357 0.1207 0.9920 0.0059 -0.0001 0.9920 -0.1207 153.1267
1.0000 -0.0075 0.0170 -138.7523 -0.0086 0.1208 0.9926 0.0060 -0.0001 0.9926 -0.1208 153.1306
0.9991 -0.0369 0.0839 -136.7923 -0.0423 0.1206 0.9918 0.0058 -0.0001 0.9918 -0.1206 153.1348
0.9974 -0.0629 0.1431 -134.5800 -0.0721 0.1202 0.9901 0.0057 -0.0001 0.9901 -0.1202 153.1395
0.9971 -0.0660 0.1502 -132.1070 -0.0757 0.1200 0.9899 0.0056 -0.0001 0.9899 -0.1200 153.1447
0.9999 -0.0126 0.0287 -129.5502 -0.0145 0.1203 0.9926 0.0060 -0.0001 0.9926 -0.1203 153.1501
0.9995 0.0280 -0.0637 -127.1343 0.0321 0.1203 0.9922 0.0063 -0.0001 0.9922 -0.1203 153.1552
0.9989 0.0414 -0.0942 -124.8957 0.0474 0.1205 0.9916 0.0064 -0.0001 0.9916 -0.1205 153.1599
0.9987 0.0441 -0.1003 -122.8266 0.0505 0.1206 0.9914 0.0064 -0.0001 0.9914 -0.1206 153.1642
0.9988 0.0432 -0.0983 -120.9187 0.0495 0.1207 0.9915 0.0064 -0.0001 0.9915 -0.1207 153.1683
0.9994 0.0290 -0.0660 -119.1404 0.0332 0.1209 0.9921 0.0063 -0.0001 0.9921 -0.1209 153.1720
0.9997 -0.0199 0.0453 -117.3063 -0.0228 0.1208 0.9924 0.0060 -0.0001 0.9924 -0.1208 153.1759
0.9994 -0.0292 0.0664 -115.2848 -0.0334 0.1207 0.9921 0.0059 -0.0001 0.9921 -0.1207 153.1801
0.9999 0.0091 -0.0207 -113.2942 0.0104 0.1208 0.9926 0.0062 -0.0001 0.9926 -0.1208 153.1844
0.9995 0.0277 -0.0631 -111.4332 0.0318 0.1208 0.9922 0.0063 -0.0001 0.9922 -0.1208 153.1883
1.0000 0.0051 -0.0116 -109.6296 0.0059 0.1209 0.9926 0.0061 -0.0001 0.9926 -0.1209 153.1921
1.0000 -0.0037 0.0085 -107.7932 -0.0043 0.1209 0.9927 0.0061 -0.0001 0.9927 -0.1209 153.1960
0.9990 -0.0388 0.0883 -105.8397 -0.0445 0.1207 0.9917 0.0058 -0.0001 0.9917 -0.1207 153.2001
0.9973 -0.0639 0.1455 -103.6271 -0.0733 0.1203 0.9900 0.0057 -0.0001 0.9900 -0.1203 153.2048
0.9967 -0.0705 0.1604 -101.1488 -0.0808 0.1200 0.9895 0.0056 -0.0001 0.9895 -0.1200 153.2101
0.9987 -0.0436 0.0993 -98.4628 -0.0500 0.1201 0.9915 0.0058 -0.0001 0.9915 -0.1201 153.2157
0.9999 -0.0123 0.0279 -97.1311 -0.0141 0.1203 0.9926 0.0060 -0.0001 0.9926 -0.1203 153.2185
0.9994 0.0295 -0.0671 -94.5930 0.0338 0.1203 0.9922 0.0063 -0.0001 0.9922 -0.1203 153.2238
0.9990 0.0393 -0.0895 -93.3945 0.0451 0.1204 0.9917 0.0064 -0.0001 0.9917 -0.1204 153.2264
0.9987 0.0445 -0.1014 -92.2431 0.0511 0.1204 0.9914 0.0064 -0.0001 0.9914 -0.1204 153.2288
0.9987 0.0443 -0.1009 -91.1347 0.0508 0.1205 0.9914 0.0064 -0.0001 0.9914 -0.1205 153.2311
0.9993 0.0317 -0.0722 -90.0470 0.0364 0.1205 0.9920 0.0063 -0.0001 0.9920 -0.1205 153.2334
1.0000 0.0070 -0.0159 -88.9431 0.0080 0.1206 0.9927 0.0061 -0.0001 0.9927 -0.1206 153.2358
0.9997 -0.0202 0.0460 -87.7924 -0.0232 0.1205 0.9924 0.0060 -0.0001 0.9924 -0.1205 153.2382
0.9989 -0.0403 0.0917 -86.5827 -0.0462 0.1203 0.9917 0.0058 -0.0001 0.9917 -0.1203 153.2408
0.9981 -0.0531 0.1208 -85.3112 -0.0608 0.1201 0.9909 0.0057 -0.0001 0.9909 -0.1201 153.2435
0.9979 -0.0568 0.1293 -83.9809 -0.0651 0.1200 0.9906 0.0057 -0.0001 0.9906 -0.1200 153.2462
0.9991 -0.0373 0.0849 -82.6301 -0.0428 0.1201 0.9918 0.0058 -0.0001 0.9918 -0.1201 153.2491
0.9999 0.0149 -0.0339 -80.0128 0.0171 0.1203 0.9926 0.0062 -0.0001 0.9926 -0.1203 153.2546
0.9990 0.0399 -0.0909 -77.5746 0.0458 0.1203 0.9917 0.0064 -0.0001 0.9917 -0.1203 153.2597
0.9994 0.0305 -0.0695 -75.2934 0.0350 0.1203 0.9921 0.0063 -0.0001 0.9921 -0.1203 153.2645
0.9998 0.0165 -0.0375 -71.8858 0.0189 0.1205 0.9925 0.0062 -0.0001 0.9925 -0.1205 153.2717
0.9993 0.0335 -0.0764 -69.7526 0.0385 0.1206 0.9920 0.0063 -0.0001 0.9920 -0.1206 153.2762
0.9989 0.0401 -0.0913 -67.7777 0.0460 0.1206 0.9916 0.0064 -0.0001 0.9916 -0.1206 153.2804
0.9995 0.0283 -0.0645 -65.9348 0.0325 0.1208 0.9921 0.0063 -0.0001 0.9921 -0.1208 153.2843
0.9998 -0.0158 0.0360 -64.0408 -0.0181 0.1208 0.9925 0.0060 -0.0001 0.9925 -0.1208 153.2883
1.0000 -0.0005 0.0012 -62.0838 -0.0006 0.1208 0.9927 0.0061 -0.0001 0.9927 -0.1208 153.2924
0.9992 0.0320 -0.0473 -60.2248 0.0251 -0.3337 0.9423 0.0062 0.0298 0.9426 0.3330 153.2866
0.9996 0.0382 -0.0402 -58.4612 0.0270 -0.6679 0.7437 0.0062 0.0053 0.7438 0.6678 153.2643
0.9990 0.0443 -0.0263 -56.8084 0.0338 -0.9205 0.3893 0.0063 0.0294 0.3902 0.9201 153.2343
0.9995 0.0320 -0.0028 -54.5025 0.0306 -0.9985 0.0459 0.0063 0.0023 0.0460 0.9985 153.1723
0.9998 -0.0071 0.0101 -52.3752 0.0055 0.3825 -0.9240 0.0061 0.0169 -0.9240 -0.3824 153.0505
0.9996 -0.0204 0.0185 -50.2550 0.0145 0.7706 -0.6371 0.0062 0.0251 -0.6374 -0.7704 152.9074
0.9996 -0.0067 0.0442 -48.1444 -0.0269 0.5712 0.8204 0.0059 0.0033 0.8205 -0.5711 152.6902
0.9993 -0.0287 -0.0049 -45.8055 -0.0312 -0.9964 -0.0789 0.0059 0.0218 -0.0795 0.9963 152.3807
0.9977 0.0001 -0.0002 -43.3792 -0.0001 0.2447 -0.9696 0.0062 0.0683 -0.9696 -0.2447 151.9977
1.0000 -0.0026 0.0019 -40.9210 0.0020 0.8805 -0.4741 0.0061 0.0060 -0.4741 -0.8805 151.5415
0.9997 -0.0028 0.0046 -38.5671 -0.0024 -0.1853 0.9827 0.0061 0.0241 0.9827 0.1854 151.0299
0.9977 0.0025 0.0028 -36.2146 0.0042 -0.9394 -0.3429 0.0061 0.0673 -0.3427 0.9394 150.4528
1.0000 -0.0017 0.0059 -33.8410 0.0032 -0.3914 -0.9202 0.0061 0.0060 -0.9202 0.3914 149.8026
0.9997 0.0017 0.0011 -31.5738 -0.0023 0.9694 0.2455 0.0061 0.0233 0.2456 -0.9694 149.1066
0.9932 0.0029 -0.0342 -29.2662 -0.0223 -0.6401 -0.7679 0.0060 0.1143 -0.7696 0.6382 148.2609
0.9991 0.0153 -0.0085 -26.7752 -0.0119 0.9329 -0.3599 0.0060 0.0418 -0.3594 -0.9331 147.2058
0.9992 -0.0422 0.0687 -24.2548 -0.0352 -0.2236 0.9741 0.0059 0.0176 0.9739 0.2242 146.0211
0.9987 0.0228 -0.0556 -21.5814 -0.0283 -0.1786 -0.9835 0.0059 0.0418 -0.9837 0.1774 144.6471
0.9961 -0.0045 -0.0050 -18.9089 0.0075 0.9427 0.3335 0.0061 0.0881 0.3329 -0.9429 143.1605
0.9831 -0.0400 0.0309 -17.3179 0.0294 0.8470 -0.5308 0.0063 0.1809 -0.5353 -0.8442 142.0743
0.9631 0.0408 -0.0736 -15.9821 0.0376 -0.0917 0.9951 0.0063 0.2664 0.9960 0.0817 140.8526
0.9444 -0.0479 -0.0059 -14.9964 0.0540 0.9970 0.0562 0.0064 0.3244 0.0387 -0.9979 139.5185
0.9777 -0.0329 0.0882 -14.3725 0.0461 -0.2577 -0.9651 0.0064 0.2048 -0.9627 0.2668 138.1401
0.9987 -0.0328 0.0251 -13.7992 0.0238 0.8495 -0.5270 0.0062 0.0456 -0.5279 -0.8490 136.8025
0.9974 0.0876 -0.1384 -12.4822 -0.0716 0.2563 -0.9639 0.0057 -0.0051 -0.9640 -0.2560 133.7655
0.9955 0.1230 -0.1243 -11.1937 -0.0870 0.6969 -0.7119 0.0056 0.0373 -0.7096 -0.6992 130.8160
0.9985 0.0663 -0.0296 -10.2483 -0.0536 0.9598 -0.2754 0.0058 0.0120 -0.2748 -0.9600 128.5733
0.9950 -0.0094 0.0143 -9.3686 -0.0075 -0.3017 0.9534 0.0060 0.0999 0.9532 0.3024 126.3295
0.9993 -0.0063 0.0003 -8.5469 -0.0062 -0.9996 0.0273 0.0061 0.0376 0.0270 0.9996 124.0374
0.9990 -0.0080 0.0432 -7.7938 0.0255 -0.5318 -0.8465 0.0062 0.0365 -0.8460 0.5326 121.8095
0.9994 -0.0155 0.0579 -7.0905 0.0319 -0.4200 -0.9070 0.0063 0.0159 -0.9068 0.4205 119.6835
0.9984 -0.0444 0.0824 -6.4444 0.0413 0.0760 -0.9962 0.0063 0.0390 -0.9964 -0.0744 117.6845
0.9993 -0.0482 0.0610 -5.8531 0.0353 0.5029 -0.8636 0.0063 0.0103 -0.8638 -0.5026 115.7863
0.9995 -0.0346 0.0132 -5.0578 0.0288 0.9730 -0.2290 0.0063 0.0143 -0.2294 -0.9729 113.1435
1.0000 -0.0046 0.0012 -4.5438 0.0040 0.9881 -0.1537 0.0061 0.0045 -0.1537 -0.9881 111.3942
0.9995 -0.0081 0.0084 -3.8658 -0.0058 -0.6823 0.7311 0.0061 0.0307 0.7310 0.6824 108.7809
0.9991 -0.0102 0.0030 -3.4370 -0.0089 -0.9854 0.1700 0.0060 0.0403 0.1696 0.9855 106.9877
0.9993 0.0438 -0.0546 -2.8607 -0.0319 0.5165 -0.8557 0.0059 0.0199 -0.8553 -0.5171 104.0608
0.9991 0.0383 -0.0084 -2.4897 -0.0343 0.9919 -0.1220 0.0059 0.0231 -0.1212 -0.9920 101.9941
0.9984 0.0130 0.0334 -2.1105 -0.0341 0.8717 0.4888 0.0059 0.0445 0.4901 -0.8710 99.7713
0.9981 -0.0382 0.0113 -1.8100 -0.0331 -0.9848 0.1704 0.0059 0.0523 0.1687 0.9851 97.4768
0.9908 0.0830 -0.0851 -1.5700 -0.0589 0.6883 -0.7230 0.0057 0.1220 -0.7180 -0.6935 94.9844
0.9958 0.0131 0.0899 -1.3985 -0.0735 0.7887 0.6104 0.0057 0.0552 0.6136 -0.7862 92.2436
0.9964 0.0011 0.1107 -1.2398 -0.0791 0.7121 0.6976 0.0056 0.0290 0.6992 -0.7105 89.2475
0.9967 -0.0003 0.1143 -1.0774 -0.0806 0.7033 0.7063 0.0056 0.0126 0.7071 -0.7025 85.9978
0.9988 -0.0003 0.0677 -0.9072 -0.0477 0.7035 0.7091 0.0058 0.0049 0.7093 -0.7033 82.5490
0.9997 0.0001 -0.0321 -0.7416 0.0226 0.7040 0.7098 0.0062 0.0018 0.7098 -0.7040 79.1864
0.9984 0.0003 -0.0815 -0.5870 0.0574 0.7032 0.7087 0.0064 0.0006 0.7087 -0.7032 76.0453
0.9977 0.0004 -0.0962 -0.4441 0.0678 0.7029 0.7081 0.0065 0.0002 0.7081 -0.7029 73.1399
0.9978 0.0003 -0.0946 -0.2502 0.0667 0.7031 0.7080 0.0065 -0.0000 0.7080 -0.7031 69.1985
0.9982 0.0003 -0.0855 -0.1333 0.0602 0.7035 0.7081 0.0064 -0.0001 0.7081 -0.7035 66.8238
1.0000 0.0000 -0.0130 -0.0198 0.0092 0.7046 0.7095 0.0061 -0.0001 0.7095 -0.7046 64.5175
0.9991 -0.0002 0.0612 0.1018 -0.0431 0.7040 0.7089 0.0058 -0.0001 0.7089 -0.7040 62.0473
0.9977 -0.0003 0.0960 0.2351 -0.0676 0.7029 0.7080 0.0057 -0.0001 0.7080 -0.7029 59.3401
0.9970 -0.0004 0.1092 0.3806 -0.0769 0.7023 0.7077 0.0056 -0.0001 0.7077 -0.7024 56.3820
0.9972 -0.0004 0.1070 0.5384 -0.0753 0.7023 0.7079 0.0056 -0.0001 0.7079 -0.7023 53.1755
1.0000 -0.0001 0.0138 0.6997 -0.0097 0.7042 0.7099 0.0060 -0.0001 0.7099 -0.7042 49.8989
0.9991 0.0002 -0.0599 0.8523 0.0422 0.7038 0.7092 0.0063 -0.0001 0.7092 -0.7038 46.7974
0.9981 0.0003 -0.0877 0.9938 0.0618 0.7032 0.7083 0.0065 -0.0001 0.7083 -0.7032 43.9207
0.9980 0.0003 -0.0896 1.1246 0.0631 0.7032 0.7081 0.0065 -0.0001 0.7082 -0.7032 41.2627
0.9988 0.0002 -0.0708 1.2479 0.0499 0.7039 0.7085 0.0064 -0.0001 0.7085 -0.7039 38.7573
0.9987 0.0002 -0.0727 1.3632 0.0512 0.7039 0.7085 0.0064 -0.0001 0.7085 -0.7039 36.4151
0.9999 0.0001 -0.0179 1.4750 0.0126 0.7048 0.7093 0.0062 -0.0001 0.7093 -0.7048 34.1441
0.9993 0.0098 -0.0262 1.6300 0.0136 0.2482 0.9686 0.0062 0.0349 0.9685 -0.2487 30.7660
0.9999 0.0160 -0.0257 1.7409 0.0132 -0.2407 0.9705 0.0062 0.0072 0.9705 0.2406 27.3980
0.9995 0.0380 -0.0603 1.8072 0.0312 -0.2502 0.9677 0.0064 -0.0008 0.9677 0.2502 25.2832
0.9999 0.0034 -0.0022 1.8446 0.0025 -0.8978 0.4403 0.0061 0.0149 0.4404 0.8978 23.2267
0.9987 -0.0645 0.0363 1.8790 -0.0497 -0.9299 0.3644 0.0058 0.0055 0.3642 0.9300 20.9985
0.9974 -0.0931 0.0520 1.9154 -0.0719 -0.9300 0.3604 0.0057 0.0022 0.3603 0.9301 18.5165
0.9969 -0.1024 0.0571 1.9553 -0.0791 -0.9297 0.3598 0.0056 0.0008 0.3598 0.9297 15.7776
0.9988 -0.0628 0.0350 1.9982 -0.0486 -0.9315 0.3604 0.0058 0.0003 0.3604 0.9315 12.8351
0.9998 0.0229 -0.0128 2.0400 0.0177 -0.9325 0.3608 0.0062 0.0000 0.3608 0.9325 9.9634
0.9989 0.0606 -0.0338 2.0790 0.0469 -0.9315 0.3607 0.0064 -0.0000 0.3607 0.9315 7.2831
1.0000 0.0108 -0.0060 2.1167 0.0084 -0.9325 0.3611 0.0061 -0.0001 0.3611 0.9325 4.6872
0.9991 -0.0537 0.0300 2.1568 -0.0415 -0.9318 0.3606 0.0058 -0.0001 0.3606 0.9318 1.9388
0.9978 -0.0855 0.0477 2.2001 -0.0661 -0.9306 0.3600 0.0057 -0.0001 0.3600 0.9306 -1.0409
0.9971 0.0041 -0.1043 2.2091 -0.0709 -0.6760 -0.7335 0.0057 0.0292 -0.7349 0.6744 -4.2624
0.9997 0.0032 -0.0143 2.1905 -0.0082 -0.4860 -0.8739 0.0060 0.0216 -0.8740 0.4859 -7.5524
0.9923 -0.0301 -0.0200 2.1016 0.0416 0.9698 0.2403 0.0063 0.1164 0.2356 -0.9710 -10.6646
0.9966 0.0592 -0.0931 1.9176 0.0483 -0.2602 0.9644 0.0064 0.0665 0.9652 0.2571 -13.5990
0.9890 -0.0201 0.1028 1.6522 0.0607 -0.5243 -0.8494 0.0064 0.1351 -0.8451 0.5313 -16.3306
0.9904 0.0740 -0.0773 1.2235 0.0526 -0.6739 0.7369 0.0064 0.1276 0.7414 0.6690 -18.8434
0.9968 0.0651 -0.0348 0.7538 0.0509 -0.9384 0.3418 0.0064 0.0617 0.3448 0.9373 -21.2027
0.9925 -0.0561 0.1039 0.2516 0.0523 0.0761 -0.9957 0.0064 0.1104 -0.9962 -0.0703 -23.3784
0.9759 -0.0074 0.0242 -0.4113 0.0132 -0.3741 -0.9273 0.0062 0.2177 -0.9262 0.3767 -25.4259
0.9968 0.0013 0.0154 -1.2464 -0.0119 0.7594 0.6505 0.0060 0.0792 0.6512 -0.7588 -27.5296
0.9974 0.0168 -0.0437 -2.0892 0.0224 0.2253 0.9740 0.0062 0.0685 0.9737 -0.2268 -29.5682
0.9885 -0.0357 0.0514 -2.9849 0.0277 0.3579 -0.9334 0.0063 0.1488 -0.9348 -0.3540 -31.4383
0.9618 0.0137 0.0084 -4.1175 -0.0192 0.9747 0.2227 0.0060 0.2730 0.2278 -0.9735 -33.2252
0.9941 -0.0031 -0.0361 -5.4988 -0.0279 -0.7614 -0.6476 0.0059 0.1046 -0.6499 0.7596 -35.0491
0.9967 -0.0120 0.0296 -6.8835 0.0151 -0.1887 -0.9819 0.0062 0.0804 -0.9817 0.1899 -36.8113
0.9862 -0.0040 0.0048 -8.3299 -0.0029 -0.5640 0.8258 0.0061 0.1653 0.8255 0.5644 -38.4526
0.9530 0.0175 -0.0706 -10.0716 -0.0411 -0.4749 -0.8791 0.0058 0.3002 -0.8849 0.4640 -40.0082
0.9893 -0.0483 0.0609 -12.0970 -0.0354 -0.5032 0.8634 0.0059 0.1412 0.8609 0.5076 -41.5054
0.9975 0.0210 -0.0216 -14.1140 0.0149 -0.6864 0.7271 0.0062 0.0690 0.7278 0.6857 -42.9240
0.9923 0.0035 -0.0088 -16.1282 -0.0045 -0.1987 -0.9800 0.0061 0.1235 -0.9802 0.1982 -44.2518
0.9659 0.0481 -0.0800 -18.3779 -0.0414 0.1850 -0.9819 0.0058 0.2557 -0.9799 -0.1954 -45.4692
0.9644 -0.0383 0.1070 -20.9548 -0.0570 0.2935 0.9543 0.0058 0.2583 0.9586 -0.2794 -46.4470
0.9880 -0.0094 0.0060 -23.6614 -0.0071 -0.9065 0.4221 0.0060 0.1542 0.4211 0.9070 -47.2807
0.9889 -0.0381 0.0581 -27.5006 0.0306 0.2946 -0.9551 0.0063 0.1452 -0.9564 -0.2904 -48.2956
0.9936 -0.0158 -0.0610 -32.9129 -0.0557 -0.8348 -0.5477 0.0058 0.0986 -0.5523 0.8318 -49.3211
0.9992 0.0026 -0.0110 -37.4205 -0.0062 -0.4623 -0.8867 0.0061 0.0402 -0.8868 0.4621 -49.9649
0.9982 -0.0367 0.0649 -41.6463 0.0327 0.1284 -0.9912 0.0063 0.0510 -0.9914 -0.1268 -50.5248
0.9984 -0.0093 0.0154 -45.9001 -0.0079 -0.2029 0.9792 0.0060 0.0559 0.9791 0.2033 -50.8932
0.9958 -0.0455 0.0584 -50.0147 0.0335 0.4856 -0.8736 0.0063 0.0852 -0.8750 -0.4831 -51.0506
0.9976 -0.0011 0.0037 -53.9130 0.0020 -0.3974 -0.9176 0.0061 0.0690 -0.9176 0.3976 -51.0614
0.9983 -0.0092 -0.0722 -58.1237 -0.0579 -0.7807 -0.6223 0.0057 -0.0058 -0.6220 0.7809 -51.0278
0.9992 0.0116 -0.0399 -64.4204 -0.0216 -0.3855 -0.9224 0.0060 -0.0340 -0.9222 0.3862 -51.0710
0.9997 -0.0024 0.0155 -67.5371 0.0094 -0.5707 -0.8211 0.0061 -0.0223 -0.8212 0.5706 -51.1411
0.9992 0.0088 -0.0640 -72.3515 -0.0395 -0.5862 -0.8092 0.0059 -0.0073 -0.8091 0.5864 -51.2684
0.9995 -0.0067 0.0486 -77.2278 0.0300 -0.5870 -0.8091 0.0063 -0.0018 -0.8091 0.5869 -51.4006
0.9987 -0.0113 0.0827 -81.6642 0.0511 -0.5867 -0.8082 0.0064 -0.0004 -0.8082 0.5867 -51.5212
0.9975 -0.0557 0.1182 -85.7027 0.0592 -0.0580 -0.9966 0.0064 0.0379 -0.9964 0.0602 -51.6189
0.9991 -0.0557 0.0721 -89.3240 0.0410 0.4780 -0.8774 0.0063 0.0103 -0.8776 -0.4777 -51.6558
0.9991 0.0582 -0.0753 -93.0483 -0.0429 0.4779 -0.8774 0.0058 0.0027 -0.8773 -0.4780 -51.6844
0.9973 0.0996 -0.1289 -97.2959 -0.0734 0.4774 -0.8756 0.0057 0.0005 -0.8756 -0.4774 -51.7163
0.9989 0.0637 -0.0824 -102.0578 -0.0469 0.4784 -0.8769 0.0058 0.0001 -0.8769 -0.4784 -51.7521
0.9985 -0.0732 0.0947 -108.1297 0.0539 0.4780 -0.8767 0.0064 -0.0001 -0.8767 -0.4780 -51.7976
0.9979 -0.0873 0.1131 -112.1144 0.0644 0.4775 -0.8763 0.0065 -0.0001 -0.8763 -0.4775 -51.8275
0.9992 -0.0532 0.0689 -116.7546 0.0392 0.4779 -0.8776 0.0063 -0.0001 -0.8776 -0.4779 -51.8624
0.9990 0.0598 -0.0774 -120.2956 -0.0441 0.4779 -0.8773 0.0058 -0.0001 -0.8773 -0.4779 -51.8890
0.9991 0.0564 -0.0730 -124.3096 -0.0416 0.4782 -0.8773 0.0058 -0.0001 -0.8773 -0.4782 -51.9191
0.9994 -0.0487 0.0630 -128.2261 0.0359 0.4782 -0.8775 0.0063 -0.0001 -0.8775 -0.4782 -51.9485
0.9985 -0.0740 0.0958 -131.7231 0.0545 0.4776 -0.8769 0.0064 -0.0001 -0.8769 -0.4776 -51.9748
1.0000 -0.0115 0.0149 -134.9307 0.0085 0.4781 -0.8783 0.0061 -0.0001 -0.8783 -0.4781 -51.9989
