1.0000 -0.0000 0.0000 0.0000 -0.0000 -0.0234 0.9997 0.0032 0.0000 0.9997 0.0234 0.0000
0.9974 -0.0738 0.1441 2.4803 -0.0721 -0.0240 0.9971 0.0058 -0.0001 0.9971 0.0240 -0.0010
0.9977 -0.0697 0.1362 3.0863 -0.0681 -0.0237 0.9974 0.0058 -0.0001 0.9974 0.0237 -0.0013
0.9972 -0.0766 0.1490 3.7551 -0.0745 -0.0281 0.9968 0.0057 0.0000 0.9968 0.0281 -0.0015
0.9965 -0.0849 0.1662 4.4969 -0.0831 -0.0213 0.9963 0.0056 -0.0001 0.9963 0.0212 -0.0019
0.9956 -0.0957 0.1866 6.2075 -0.0933 -0.0253 0.9953 0.0055 -0.0000 0.9953 0.0253 -0.0026
0.9947 -0.1334 0.1622 7.1799 -0.0966 -0.5394 0.8365 0.0055 0.0354 0.8346 0.5423 -0.0149
0.9953 -0.1336 0.1134 8.2268 -0.0956 -0.8014 0.5905 0.0055 0.0144 0.5894 0.8022 -0.0328
0.9957 -0.1280 0.0996 9.3434 -0.0927 -0.8398 0.5349 0.0055 0.0077 0.5343 0.8402 -0.0515
0.9959 -0.1237 0.0944 10.5273 -0.0899 -0.8475 0.5231 0.0056 0.0051 0.5227 0.8478 -0.0720
0.9962 -0.1204 0.0915 11.7772 -0.0875 -0.8494 0.5204 0.0056 0.0034 0.5201 0.8496 -0.0940
0.9963 -0.1180 0.0895 13.0923 -0.0858 -0.8500 0.5197 0.0056 0.0022 0.5195 0.8501 -0.1174
0.9964 -0.1163 0.0882 14.4720 -0.0846 -0.8503 0.5195 0.0056 0.0013 0.5194 0.8504 -0.1419
0.9965 -0.1150 0.0872 15.9160 -0.0837 -0.8505 0.5193 0.0056 0.0008 0.5193 0.8505 -0.1677
0.9966 -0.1134 0.0860 18.9956 -0.0825 -0.8507 0.5192 0.0056 0.0002 0.5191 0.8507 -0.2227
0.9967 -0.1123 0.0851 22.3286 -0.0817 -0.8509 0.5190 0.0056 0.0001 0.5190 0.8509 -0.2822
0.9967 -0.1113 0.0843 25.9130 -0.0810 -0.8511 0.5188 0.0056 0.0000 0.5188 0.8511 -0.3462
0.9968 -0.1104 0.0836 29.7466 -0.0804 -0.8513 0.5185 0.0056 -0.0000 0.5185 0.8513 -0.4147
0.9972 -0.1034 0.0783 33.8231 -0.0753 -0.8518 0.5185 0.0056 -0.0000 0.5185 0.8518 -0.4875
1.0000 -0.0070 0.0053 37.9568 -0.0051 -0.8542 0.5199 0.0061 -0.0000 0.5199 0.8542 -0.5614
0.9986 0.0726 -0.0549 41.8794 0.0528 -0.8529 0.5194 0.0064 -0.0001 0.5194 0.8529 -0.6315
0.9971 0.1044 -0.0790 45.5277 0.0759 -0.8515 0.5189 0.0065 -0.0001 0.5189 0.8515 -0.6967
0.9969 0.1082 -0.0820 48.9044 0.0787 -0.8511 0.5190 0.0066 -0.0001 0.5190 0.8511 -0.7570
0.9964 -0.0015 0.0021 53.7846 0.0012 0.4011 -0.9160 0.0061 -0.0852 -0.9160 -0.4012 -0.7007
0.9979 -0.0178 0.0422 57.0505 0.0214 -0.1577 -0.9873 0.0062 -0.0604 -0.9875 0.1564 -0.5534
0.9897 0.0482 -0.0568 60.1506 0.0348 -0.5721 0.8195 0.0063 -0.1391 0.8167 0.5760 -0.3212
0.9535 -0.0053 0.0175 63.2244 -0.0097 0.3913 0.9202 0.0060 -0.3013 0.9190 -0.3940 0.1736
0.9395 -0.0100 -0.0431 66.3356 -0.0409 -0.8385 -0.5434 0.0058 -0.3402 -0.5317 0.8460 1.1281
0.9685 0.0011 -0.0023 69.3969 0.0012 0.1114 0.9938 0.0061 -0.2489 0.9938 -0.1111 2.3745
0.9901 0.0138 -0.0476 72.2664 0.0260 0.3930 0.9192 0.0062 -0.1378 0.9206 -0.3897 3.6920
0.9948 0.0069 0.0182 75.1383 -0.0185 0.8698 0.4931 0.0060 -0.1006 0.4915 -0.8707 5.0705
0.9925 -0.0283 -0.0396 78.1192 -0.0524 -0.9239 -0.3790 0.0058 -0.1106 -0.3737 0.9261 6.6442
0.9796 0.0416 0.0424 81.2261 -0.0676 0.9465 0.3156 0.0057 -0.1891 0.3034 -0.9505 8.4603
0.9278 0.0673 -0.1320 84.3337 -0.0684 -0.0175 -0.9975 0.0057 -0.3668 -0.9971 0.0426 10.6644
0.9388 0.0028 0.0876 85.8483 -0.0681 0.7469 0.6614 0.0057 -0.3378 0.6442 -0.7622 11.9389
0.9455 -0.0004 -0.0073 88.7140 -0.0057 -0.7591 -0.6509 0.0061 -0.3255 -0.6495 0.7604 14.6683
0.9394 0.0334 -0.0548 90.0057 0.0288 -0.1894 0.9815 0.0063 -0.3417 0.9796 0.1990 16.0671
0.9258 -0.0603 0.1041 91.1804 0.0544 0.1239 -0.9908 0.0064 -0.3741 -0.9883 -0.1441 17.4744
0.9024 -0.0272 -0.0600 92.2185 0.0721 0.8972 0.4358 0.0065 -0.4248 0.4634 -0.8838 18.8899
0.8696 0.0577 -0.1497 93.0983 0.0839 0.3023 0.9495 0.0066 -0.4865 0.9619 -0.2633 20.3118
0.8300 0.0503 -0.1528 93.7993 0.0923 0.4275 0.8993 0.0066 -0.5500 0.9212 -0.3815 21.7319
0.7489 -0.1192 0.1792 94.6049 0.1047 0.2142 -0.9712 0.0067 -0.6544 -0.9563 -0.2815 24.4958
0.8160 -0.1072 0.1742 94.7353 0.0967 0.1439 -0.9849 0.0067 -0.5699 -0.9768 -0.1987 25.8041
0.9318 0.0710 -0.1004 94.7401 0.0558 -0.3652 0.9292 0.0064 -0.3587 0.9219 0.3839 28.2983
0.9978 0.0020 -0.0215 94.6472 -0.0139 -0.6313 -0.7754 0.0060 -0.0643 -0.7749 0.6320 30.8340
0.9985 -0.0228 -0.0041 94.8587 -0.0250 -0.9963 -0.0820 0.0059 0.0485 -0.0832 0.9962 36.3908
0.9987 -0.0384 -0.0113 95.0431 -0.0444 -0.9909 -0.1269 0.0058 0.0248 -0.1280 0.9908 39.3205
0.9975 -0.0607 -0.0187 95.3555 -0.0707 -0.9888 -0.1318 0.0057 0.0061 -0.1322 0.9887 44.1244
0.9970 -0.0660 -0.0204 95.5846 -0.0768 -0.9882 -0.1322 0.0056 0.0022 -0.1324 0.9882 47.6318
0.9969 -0.0677 -0.0210 95.8300 -0.0789 -0.9880 -0.1326 0.0056 0.0008 -0.1326 0.9880 51.3866
0.9968 -0.0680 -0.0212 96.0916 -0.0793 -0.9879 -0.1330 0.0056 0.0002 -0.1330 0.9879 55.3882
0.9969 -0.0678 -0.0212 96.3692 -0.0791 -0.9879 -0.1333 0.0056 0.0001 -0.1333 0.9879 59.6347
0.9961 -0.0994 0.1482 96.6198 -0.0783 -0.3221 0.9435 0.0056 -0.0397 0.9445 0.3192 64.1247
0.9960 -0.0647 0.1541 96.8302 -0.0781 0.1589 0.9842 0.0056 -0.0425 0.9837 -0.1622 68.8580
0.9985 -0.0302 0.0836 97.0085 -0.0434 0.2681 0.9624 0.0058 -0.0328 0.9620 -0.2694 73.7786
0.9992 0.0233 -0.0677 97.1645 0.0355 0.2972 0.9542 0.0063 -0.0190 0.9544 -0.2965 78.5749
0.9982 0.0383 -0.1127 97.2362 0.0592 0.3046 0.9507 0.0064 -0.0137 0.9509 -0.3038 80.8686
0.9993 0.0228 -0.0680 97.3727 0.0358 0.3116 0.9495 0.0063 -0.0069 0.9496 -0.3113 85.3337
0.9998 -0.0123 0.0366 97.5094 -0.0193 0.3129 0.9496 0.0060 -0.0031 0.9496 -0.3130 89.8677
0.9993 -0.0244 0.0728 97.5795 -0.0383 0.3128 0.9490 0.0059 -0.0020 0.9490 -0.3129 92.2017
0.9982 -0.0386 0.1152 97.7243 -0.0606 0.3124 0.9480 0.0057 -0.0008 0.9480 -0.3124 97.0305
0.9994 -0.0229 0.0683 97.8743 -0.0359 0.3126 0.9492 0.0059 -0.0003 0.9492 -0.3126 102.0324
0.9992 0.0247 -0.0736 98.0204 0.0387 0.3127 0.9491 0.0063 -0.0002 0.9491 -0.3127 106.9037
0.9968 0.0508 -0.1517 98.1575 0.0799 0.3123 0.9466 0.0066 -0.0001 0.9466 -0.3123 111.4779
0.9956 0.0597 -0.1784 98.2848 0.0939 0.3123 0.9453 0.0066 -0.0001 0.9453 -0.3123 115.7270
0.9961 -0.0168 -0.0908 98.3905 0.0770 0.8054 0.5877 0.0065 -0.0426 0.5904 -0.8035 119.6880
0.9754 0.0129 -0.0225 98.3290 0.0115 -0.1335 0.9910 0.0062 -0.2203 0.9906 0.1360 123.5963
0.9806 0.0020 -0.0110 98.0038 -0.0066 -0.5471 -0.8370 0.0061 -0.1958 -0.8363 0.5482 127.5863
0.9886 0.0139 0.0131 97.5184 0.0218 -0.9531 -0.3019 0.0062 -0.1490 -0.3050 0.9521 131.4653
0.9967 -0.0129 -0.0067 96.9517 -0.0167 -0.9794 -0.2012 0.0060 -0.0799 -0.1999 0.9797 135.3446
0.9979 -0.0481 -0.0217 96.0116 -0.0600 -0.9817 -0.1807 0.0057 -0.0228 -0.1793 0.9820 141.4994
0.9993 -0.0298 -0.0133 95.3439 -0.0371 -0.9831 -0.1792 0.0059 -0.0091 -0.1789 0.9832 145.8304
0.9994 0.0273 0.0121 94.6930 0.0339 -0.9834 -0.1785 0.0063 -0.0035 -0.1786 0.9833 150.0471
0.9974 0.0578 0.0255 94.0828 0.0718 -0.9815 -0.1775 0.0065 -0.0013 -0.1776 0.9815 153.9980
0.9969 0.0870 -0.0557 93.4996 0.0654 -0.9029 0.4248 0.0065 -0.0429 0.4222 0.9041 157.6879
0.9767 0.0003 0.0065 92.7623 0.0050 -0.7489 -0.6626 0.0061 -0.2145 -0.6634 0.7482 161.3135
0.9837 0.0073 0.0045 91.7644 -0.0100 0.9738 0.2274 0.0060 -0.1793 0.2256 -0.9742 164.9847
0.9909 -0.0498 0.0273 90.6585 0.0389 0.9352 -0.3521 0.0063 -0.1291 -0.3474 -0.9369 168.5031
0.9870 0.0164 0.0112 88.9468 0.0230 -0.9696 -0.2437 0.0062 -0.1589 -0.2473 0.9687 173.4043
0.9433 -0.0301 0.0441 87.4919 -0.0240 -0.3282 0.9443 0.0060 -0.3310 0.9469 0.3207 176.6128
0.8386 -0.0286 0.0748 85.5016 -0.0431 0.3331 0.9419 0.0058 -0.5431 0.9341 -0.3552 179.6789
0.8554 -0.0329 0.0901 84.2782 -0.0519 0.3511 0.9349 0.0058 -0.5153 0.9255 -0.3761 181.1074
0.8914 -0.0059 0.0032 81.5718 -0.0050 -0.9411 0.3380 0.0061 -0.4532 0.3402 0.9404 183.7074
0.9203 0.0301 -0.0382 80.1748 0.0228 -0.4858 0.8738 0.0062 -0.3907 0.8694 0.4936 184.8557
0.9738 0.0103 -0.0186 77.3444 0.0095 -0.0956 0.9954 0.0061 -0.2270 0.9952 0.0978 186.9942
0.9878 -0.0155 0.0292 75.8809 -0.0147 -0.0566 0.9983 0.0060 -0.1551 0.9984 0.0543 188.0573
0.9824 0.0607 -0.0692 72.7921 -0.0436 0.6006 -0.7983 0.0058 -0.1815 -0.8031 -0.5943 190.1934
0.9667 -0.0321 0.0408 71.1711 -0.0238 -0.4916 0.8705 0.0060 -0.2549 0.8735 0.4864 191.2001
0.9377 0.0013 0.0121 69.5340 0.0102 -0.7885 -0.6149 0.0062 -0.3473 -0.6177 0.7863 192.0960
0.8946 -0.0260 0.0732 67.8986 0.0411 -0.3425 -0.9386 0.0063 -0.4450 -0.9449 0.3253 192.8415
0.8415 -0.0078 0.0852 66.2823 0.0649 -0.7004 -0.7108 0.0065 -0.5364 -0.7353 0.6755 193.4075
0.7851 0.0933 -0.0613 64.7077 0.0824 -0.9061 0.4149 0.0066 -0.6139 0.3688 0.9273 193.7737
0.8648 0.0914 -0.1402 61.7230 0.0774 -0.2427 0.9670 0.0065 -0.4962 0.9576 0.2801 194.0398
0.9441 -0.0098 -0.0193 58.8626 0.0231 0.9029 0.4292 0.0062 -0.3287 0.4360 -0.8997 193.9301
0.9998 -0.0064 0.0165 51.3600 0.0085 -0.2231 -0.9748 0.0061 0.0166 -0.9747 0.2233 193.5947
0.9998 0.0058 -0.0144 49.8576 -0.0073 -0.1952 -0.9807 0.0060 0.0164 -0.9808 0.1950 193.5612
0.9989 0.0362 -0.0891 46.7202 -0.0453 -0.1837 -0.9819 0.0058 0.0087 -0.9820 0.1833 193.4975
0.9978 0.0531 -0.1304 43.3569 -0.0663 -0.1819 -0.9811 0.0057 0.0036 -0.9811 0.1817 193.4316
0.9972 0.0601 -0.1476 39.7503 -0.0750 -0.1813 -0.9806 0.0056 0.0013 -0.9806 0.1812 193.3615
0.9969 0.0626 -0.1536 35.8970 -0.0781 -0.1809 -0.9804 0.0056 0.0005 -0.9804 0.1809 193.2867
0.9969 0.0633 -0.1552 31.7976 -0.0789 -0.1806 -0.9804 0.0056 0.0001 -0.9804 0.1806 193.2071
0.9969 0.0633 -0.1550 27.4535 -0.0788 -0.1803 -0.9805 0.0056 0.0000 -0.9805 0.1803 193.1229
0.9969 0.0630 -0.1542 22.8668 -0.0784 -0.1800 -0.9805 0.0056 -0.0000 -0.9805 0.1800 193.0339
1.0000 0.0013 -0.0033 15.7359 -0.0017 -0.1803 -0.9836 0.0061 -0.0000 -0.9836 0.1803 192.8956
0.9994 -0.0275 0.0675 13.4408 0.0343 -0.1803 -0.9830 0.0063 -0.0000 -0.9830 0.1803 192.8512
0.9982 -0.0480 0.1176 11.2190 0.0598 -0.1802 -0.9818 0.0064 -0.0001 -0.9818 0.1802 192.8081
0.9971 -0.0611 0.1496 9.0749 0.0761 -0.1802 -0.9807 0.0065 -0.0001 -0.9807 0.1802 192.7665
0.9963 -0.0686 0.1681 7.0094 0.0854 -0.1803 -0.9799 0.0066 -0.0001 -0.9799 0.1803 192.7265
0.9959 -0.0723 0.1772 5.0217 0.0901 -0.1804 -0.9795 0.0066 -0.0001 -0.9795 0.1804 192.6879
0.9972 -0.0576 0.1449 3.1071 0.0740 -0.2006 -0.9769 0.0071 0.0143 -0.9767 0.2017 192.6506
0.9923 -0.0792 0.2045 1.2419 0.1049 -0.2199 -0.9699 0.0072 0.0658 -0.9683 0.2266 192.6148
0.9992 -0.0275 0.0773 -0.6204 0.0402 -0.2772 -0.9600 0.0064 -0.0083 -0.9601 0.2769 192.5783
1.0000 -0.0011 0.0031 -2.5106 0.0016 -0.2973 -0.9548 0.0060 -0.0089 -0.9548 0.2973 192.5400
0.9998 0.0131 -0.0386 -4.4403 -0.0203 -0.3046 -0.9523 0.0059 -0.0070 -0.9522 0.3048 192.4996
0.9999 0.0067 -0.0198 -6.3772 -0.0104 -0.3073 -0.9515 0.0060 -0.0051 -0.9515 0.3074 192.4583
0.9999 -0.0101 0.0299 -8.2784 0.0157 -0.3085 -0.9511 0.0062 -0.0035 -0.9511 0.3084 192.4175
0.9992 -0.0256 0.0758 -10.1246 0.0399 -0.3090 -0.9502 0.0063 -0.0024 -0.9503 0.3089 192.3776
0.9984 -0.0366 0.1086 -11.9078 0.0571 -0.3091 -0.9493 0.0064 -0.0016 -0.9493 0.3091 192.3389
0.9977 -0.0435 0.1290 -13.6256 0.0678 -0.3092 -0.9486 0.0065 -0.0010 -0.9486 0.3092 192.3017
0.9973 -0.0472 0.1401 -15.2781 0.0737 -0.3093 -0.9481 0.0065 -0.0007 -0.9481 0.3093 192.2658
0.9971 -0.0490 0.1454 -18.3925 0.0765 -0.3096 -0.9478 0.0065 -0.0003 -0.9478 0.3096 192.1982
0.9971 -0.0484 0.1437 -19.8584 0.0756 -0.3097 -0.9478 0.0065 -0.0002 -0.9478 0.3097 192.1663
0.9973 -0.0473 0.1406 -21.2662 0.0739 -0.3099 -0.9479 0.0065 -0.0002 -0.9479 0.3099 192.1357
0.9987 -0.0321 0.0953 -23.9464 0.0502 -0.3105 -0.9493 0.0064 -0.0001 -0.9493 0.3105 192.0775
0.9999 0.0092 -0.0273 -26.6671 -0.0143 -0.3107 -0.9504 0.0060 -0.0001 -0.9504 0.3107 192.0183
0.9985 0.0347 -0.1032 -29.5917 -0.0543 -0.3102 -0.9491 0.0058 -0.0001 -0.9491 0.3102 191.9547
0.9975 0.0456 -0.1355 -32.7576 -0.0713 -0.3096 -0.9482 0.0057 -0.0001 -0.9482 0.3096 191.8859
0.9970 0.0496 -0.1473 -36.1725 -0.0775 -0.3092 -0.9478 0.0056 -0.0001 -0.9478 0.3092 191.8117
0.9989 0.0296 -0.0878 -39.7841 -0.0461 -0.3096 -0.9497 0.0058 -0.0001 -0.9497 0.3096 191.7332
0.9995 -0.0063 0.0057 -43.3353 0.0045 0.7708 -0.6370 0.0061 0.0317 -0.6372 -0.7707 191.6937
0.9997 -0.0007 0.0115 -46.8654 0.0077 -0.6615 -0.7499 0.0061 0.0249 -0.7498 0.6616 191.6870
0.9989 -0.0062 0.0707 -50.2528 0.0458 -0.6360 -0.7703 0.0064 0.0141 -0.7699 0.6365 191.6954
0.9989 -0.0066 0.0719 -53.4371 0.0464 -0.6320 -0.7736 0.0064 0.0063 -0.7734 0.6322 191.7077
0.9999 0.0016 -0.0172 -56.6370 -0.0111 -0.6321 -0.7748 0.0060 0.0024 -0.7748 0.6321 191.7211
0.9979 0.0693 -0.0864 -60.0258 -0.0505 0.5162 -0.8550 0.0058 -0.0414 -0.8561 -0.5144 191.7222
0.9989 0.0247 -0.0685 -63.5933 -0.0356 -0.2692 -0.9624 0.0059 -0.0290 -0.9621 0.2702 191.6782
0.9978 0.0073 0.0316 -67.0658 0.0281 -0.8257 -0.5634 0.0063 -0.0608 -0.5648 0.8248 191.5991
0.9774 -0.0603 0.0744 -70.3228 0.0442 0.5257 -0.8495 0.0063 -0.2065 -0.8447 -0.5334 191.3699
0.9679 0.0004 -0.0037 -73.5168 -0.0025 -0.6401 -0.7683 0.0061 -0.2515 -0.7679 0.6406 190.8079
0.9843 0.0268 -0.0225 -76.6723 0.0193 -0.8108 0.5851 0.0062 -0.1752 0.5823 0.8127 190.0410
0.9945 0.0697 -0.0713 -79.6274 0.0494 -0.6892 0.7229 0.0064 -0.0926 0.7198 0.6925 189.2316
0.9991 0.0190 -0.0199 -82.4756 0.0135 -0.6751 0.7376 0.0062 -0.0392 0.7372 0.6755 188.4261
0.9984 -0.0084 0.0149 -85.4025 -0.0075 -0.1309 0.9914 0.0060 -0.0558 0.9914 0.1305 187.5797
0.9801 -0.0132 -0.0028 -88.2998 -0.0150 -0.9954 -0.0945 0.0060 -0.1977 -0.0915 0.9957 186.5863
0.9918 0.0099 0.0111 -91.2264 -0.0165 0.9416 0.3363 0.0060 -0.1264 0.3344 -0.9423 185.3830
0.9833 -0.0023 0.0204 -94.0316 0.0132 -0.6220 -0.7829 0.0062 -0.1814 -0.7844 0.6202 184.0773
0.9951 -0.0288 0.0285 -96.8141 -0.0204 -0.7142 0.6996 0.0060 -0.0971 0.7010 0.7129 182.6370
0.9731 -0.0160 0.0019 -100.9374 -0.0155 -0.9979 0.0632 0.0060 -0.2298 0.0667 0.9977 180.2143
0.9095 0.0519 -0.0510 -103.5367 -0.0385 0.7196 -0.6933 0.0059 -0.4139 -0.7048 -0.7086 178.1737
0.9467 0.0438 -0.0479 -105.9605 -0.0319 0.6352 -0.7717 0.0059 -0.3205 -0.7782 -0.6273 175.7223
0.9608 0.0010 -0.0020 -107.0843 -0.0010 -0.0182 -0.9998 0.0061 -0.2771 -0.9998 0.0185 174.4427
0.9868 -0.0148 0.0492 -109.1720 0.0267 -0.3779 -0.9255 0.0062 -0.1600 -0.9271 0.3739 171.9115
0.9940 -0.0034 0.0123 -110.1933 0.0067 -0.4058 -0.9139 0.0061 -0.1090 -0.9142 0.4052 170.6363
0.9869 -0.0435 0.0695 -112.2470 -0.0360 -0.2407 0.9699 0.0059 -0.1571 0.9713 0.2352 167.9471
0.9712 0.0550 -0.0946 -113.2449 -0.0485 0.1491 -0.9876 0.0058 -0.2335 -0.9893 -0.1379 166.4925
0.9789 -0.0774 0.0801 -114.2212 -0.0553 -0.6801 0.7310 0.0058 -0.1965 0.7384 0.6722 164.9621
0.9816 0.0017 0.0026 -116.0643 -0.0033 0.9183 0.3959 0.0061 -0.1910 0.3953 -0.9185 161.8298
0.9734 -0.0106 0.0196 -116.8927 0.0100 0.0695 -0.9975 0.0061 -0.2287 -0.9974 -0.0717 160.2600
0.9573 0.0005 -0.0010 -117.6510 0.0005 -0.0233 0.9997 0.0061 -0.2892 0.9997 0.0234 158.6519
0.9291 -0.0114 -0.0049 -118.3203 -0.0152 -0.9859 -0.1668 0.0060 -0.3696 -0.1613 0.9868 156.9800
0.9468 0.0372 -0.0197 -118.9141 -0.0303 0.9420 -0.3342 0.0059 -0.3203 -0.3434 -0.9387 155.2403
0.9584 0.0134 -0.0351 -119.4473 -0.0185 -0.2540 -0.9670 0.0060 -0.2848 -0.9657 0.2591 153.4706
0.9692 0.0007 0.0115 -119.9175 0.0090 -0.7582 -0.6519 0.0061 -0.2462 -0.6536 0.7568 151.7177
0.9801 0.0151 0.0302 -120.3396 0.0345 -0.8962 -0.4422 0.0063 -0.1957 -0.4483 0.8932 150.0070
0.9939 0.0287 0.0270 -121.0958 0.0445 -0.9519 -0.3033 0.0064 -0.1013 -0.3076 0.9505 146.7227
0.9976 0.0123 0.0108 -121.4590 0.0186 -0.9566 -0.2908 0.0062 -0.0673 -0.2920 0.9562 145.0912
0.9971 -0.0417 0.0220 -122.1908 -0.0327 -0.9411 0.3366 0.0059 -0.0692 0.3387 0.9403 141.7116
0.9988 -0.0360 0.0505 -122.9090 -0.0275 -0.3899 0.9204 0.0059 -0.0399 0.9209 0.3889 138.1652
0.9904 -0.0264 0.0197 -123.5252 0.0193 0.8593 -0.5111 0.0062 -0.1366 -0.5088 -0.8607 134.6800
0.9944 0.0077 0.0633 -123.9883 0.0507 -0.7797 -0.6241 0.0064 -0.0932 -0.6278 0.7767 131.3481
0.9940 0.0948 -0.0845 -124.3244 0.0676 -0.7779 0.6248 0.0065 -0.0861 0.6202 0.7815 128.2383
0.9965 0.0960 -0.1089 -124.5902 0.0685 -0.6047 0.7935 0.0065 -0.0469 0.7916 0.6072 125.3582
0.9996 0.0258 -0.0299 -124.8308 0.0185 -0.5897 0.8074 0.0062 -0.0209 0.8072 0.5900 122.5808
0.9929 0.0349 -0.0099 -125.0173 -0.0305 0.9862 -0.1626 0.0059 -0.1148 -0.1660 -0.9857 119.6650
0.9980 -0.0043 0.0107 -125.1085 0.0055 -0.2012 -0.9795 0.0061 -0.0635 -0.9796 0.2009 116.7000
0.9985 0.0319 0.0033 -125.1224 0.0337 -0.9982 -0.0495 0.0063 -0.0421 -0.0509 0.9981 112.5479
0.9991 -0.0407 -0.0008 -125.0932 -0.0411 -0.9991 -0.0096 0.0058 -0.0121 -0.0091 0.9991 108.3191
0.9978 -0.0650 -0.0012 -125.0688 -0.0656 -0.9978 -0.0088 0.0057 -0.0045 -0.0085 0.9978 105.2262
0.9972 -0.0747 -0.0014 -125.0423 -0.0754 -0.9971 -0.0090 0.0056 -0.0016 -0.0089 0.9971 101.8871
0.9969 -0.0780 -0.0014 -125.0138 -0.0787 -0.9969 -0.0092 0.0056 -0.0006 -0.0091 0.9969 98.2987
0.9968 -0.0788 -0.0015 -124.9833 -0.0795 -0.9968 -0.0095 0.0056 -0.0002 -0.0095 0.9968 94.4617
0.9972 -0.0742 -0.0015 -124.9509 -0.0750 -0.9971 -0.0098 0.0056 -0.0001 -0.0098 0.9971 90.3820
1.0000 -0.0050 -0.0001 -124.9181 -0.0050 -0.9999 -0.0099 0.0061 -0.0001 -0.0099 0.9999 86.2452
0.9994 0.0331 0.0006 -124.8867 0.0334 -0.9994 -0.0097 0.0063 -0.0001 -0.0097 0.9994 82.2896
1.0000 -0.0094 -0.0002 -124.8553 -0.0095 -0.9999 -0.0097 0.0060 -0.0001 -0.0097 0.9999 78.3459
0.9991 -0.0419 -0.0008 -124.8227 -0.0423 -0.9991 -0.0099 0.0058 -0.0001 -0.0099 0.9991 74.2376
1.0000 0.0081 0.0002 -124.7898 0.0082 -0.9999 -0.0099 0.0061 -0.0001 -0.0099 0.9999 70.0965
0.9983 0.0570 0.0011 -124.7587 0.0576 -0.9983 -0.0097 0.0064 -0.0001 -0.0097 0.9983 66.1724
0.9972 0.0745 0.0014 -124.7297 0.0752 -0.9971 -0.0093 0.0065 -0.0001 -0.0093 0.9971 62.5217
0.9995 0.0302 0.0006 -124.7019 0.0305 -0.9995 -0.0092 0.0063 -0.0001 -0.0092 0.9995 59.0254
0.9997 -0.0230 -0.0004 -124.6733 -0.0232 -0.9997 -0.0093 0.0060 -0.0001 -0.0093 0.9997 55.4239
0.9986 0.0483 -0.0390 -124.6180 0.0348 -0.8277 0.5601 0.0063 -0.0409 0.5589 0.8285 50.0499
0.9787 -0.0002 0.0224 -124.4246 0.0161 -0.7086 -0.7054 0.0062 -0.2045 -0.7078 0.7063 46.6360
0.9621 -0.0352 0.0412 -123.8715 -0.0257 -0.5758 0.8172 0.0059 -0.2716 0.8212 0.5701 43.1771
0.9774 -0.0064 -0.0058 -123.0662 0.0100 0.9554 0.2953 0.0061 -0.2112 0.2973 -0.9547 39.7400
0.9861 -0.0446 0.0354 -122.1651 0.0325 0.8356 -0.5484 0.0063 -0.1628 -0.5440 -0.8385 36.4964
0.9967 0.0178 -0.0288 -121.1806 -0.0148 0.2269 -0.9738 0.0060 -0.0794 -0.9741 -0.2258 33.2615
0.9870 -0.0696 0.0702 -120.0520 -0.0495 -0.7001 0.7123 0.0058 -0.1530 0.7176 0.6947 29.8821
0.9922 0.0505 0.0228 -118.7177 -0.0634 0.9816 0.1801 0.0057 -0.1077 0.1734 -0.9828 26.3412
0.9972 0.0057 -0.0014 -117.2839 -0.0051 0.9905 -0.1373 0.0061 -0.0749 -0.1377 -0.9905 22.7757
0.9878 -0.0004 -0.0008 -115.7868 -0.0008 -0.8927 -0.4506 0.0061 -0.1556 -0.4505 0.8928 19.3229
0.9764 -0.0001 -0.0436 -114.0153 -0.0317 -0.7173 -0.6961 0.0059 -0.2137 -0.6912 0.7220 15.8933
0.9843 0.0115 -0.0113 -112.0516 0.0082 -0.7168 0.6973 0.0061 -0.1765 0.6962 0.7178 12.5428
0.9826 0.0177 -0.0347 -111.0403 0.0175 -0.0130 0.9998 0.0062 -0.1847 0.9997 0.0162 10.9397
0.9577 -0.0177 0.0124 -108.8414 -0.0134 -0.8828 0.4695 0.0060 -0.2874 0.4729 0.8810 7.8148
0.9065 0.0361 -0.1144 -106.2169 -0.0655 -0.4001 -0.9141 0.0064 -0.4170 -0.9032 0.4252 4.8741
0.8288 -0.0457 -0.0049 -104.6990 -0.0583 -0.9973 -0.0457 0.0063 -0.5565 -0.0132 0.9987 3.5553
0.8377 0.0557 -0.0632 -101.3040 -0.0428 0.5940 -0.8033 0.0060 -0.5445 -0.8172 -0.5753 1.2784
0.8486 -0.0080 -0.0028 -99.5237 -0.0113 -0.9907 -0.1353 0.0061 -0.5289 -0.1294 0.9915 0.3405
0.8768 0.0053 -0.0060 -97.7238 0.0040 -0.5944 0.8041 0.0062 -0.4809 0.8030 0.5960 -0.4778
0.9156 -0.0053 0.0089 -95.8889 -0.0047 -0.1497 0.9887 0.0061 -0.4020 0.9890 0.1478 -1.2186
0.9742 -0.0333 0.0763 -92.0706 -0.0390 0.1407 0.9893 0.0059 -0.2221 0.9881 -0.1493 -2.6100
0.9870 -0.0419 0.1017 -90.0801 -0.0520 0.1792 0.9824 0.0058 -0.1523 0.9810 -0.1870 -3.3011
0.9933 0.0028 0.0474 -85.9750 -0.0358 0.7468 0.6641 0.0059 -0.1095 0.6611 -0.7494 -4.6876
0.9664 -0.0184 0.0337 -81.8139 -0.0172 -0.0774 0.9969 0.0060 -0.2563 0.9972 0.0730 -5.9007
0.9612 -0.0109 0.0014 -77.5208 -0.0106 -0.9976 0.0689 0.0060 -0.2756 0.0719 0.9974 -6.8326
0.9448 -0.0032 -0.0223 -75.3961 0.0193 0.8038 0.5946 0.0062 -0.3270 0.5997 -0.8000 -7.1639
0.9639 -0.0091 0.0954 -71.3191 0.0635 -0.6429 -0.7633 0.0065 -0.2587 -0.7739 0.6303 -7.5973
0.9810 0.0626 0.0284 -67.5160 0.0795 -0.9806 -0.1794 0.0066 -0.1771 -0.1933 0.9780 -7.8281
0.9949 0.0324 0.0032 -63.8760 0.0341 -0.9983 -0.0465 0.0063 -0.0949 -0.0498 0.9982 -7.9647
0.9988 -0.0247 -0.0015 -60.1334 -0.0254 -0.9993 -0.0289 0.0059 -0.0410 -0.0279 0.9993 -8.0772
0.9987 -0.0431 -0.0024 -58.1872 -0.0443 -0.9987 -0.0269 0.0058 -0.0259 -0.0257 0.9987 -8.1327
0.9982 -0.0555 -0.0030 -56.1844 -0.0570 -0.9980 -0.0260 0.0058 -0.0161 -0.0250 0.9981 -8.1891
0.9978 -0.0635 -0.0033 -54.1231 -0.0652 -0.9975 -0.0256 0.0057 -0.0099 -0.0250 0.9976 -8.2469
0.9973 -0.0716 -0.0038 -49.8215 -0.0735 -0.9970 -0.0256 0.0057 -0.0037 -0.0253 0.9970 -8.3669
0.9975 -0.0691 -0.0036 -47.5846 -0.0709 -0.9972 -0.0257 0.0057 -0.0022 -0.0255 0.9972 -8.4293
1.0000 -0.0019 -0.0001 -43.1162 -0.0019 -0.9997 -0.0258 0.0061 -0.0008 -0.0258 0.9997 -8.5539
0.9977 0.0722 -0.1090 -38.8723 0.0573 -0.3087 0.9494 0.0064 -0.0363 0.9488 0.3107 -8.6343
0.9973 0.0557 -0.1244 -34.8918 0.0626 0.1035 0.9927 0.0065 -0.0375 0.9929 -0.1012 -8.6675
0.9987 0.0327 -0.0771 -32.9368 0.0390 0.1502 0.9879 0.0063 -0.0328 0.9881 -0.1489 -8.6708
0.9989 0.0356 -0.0867 -29.1063 0.0441 0.1756 0.9835 0.0063 -0.0181 0.9836 -0.1748 -8.6663
0.9991 0.0318 -0.0779 -27.2472 0.0396 0.1791 0.9830 0.0063 -0.0124 0.9831 -0.1786 -8.6616
0.9999 -0.0084 0.0205 -23.4879 -0.0104 0.1809 0.9834 0.0060 -0.0052 0.9834 -0.1810 -8.6506
0.9988 -0.0389 0.0953 -19.5515 -0.0485 0.1808 0.9823 0.0058 -0.0020 0.9823 -0.1809 -8.6383
0.9981 -0.0498 0.1220 -15.3947 -0.0620 0.1805 0.9816 0.0057 -0.0008 0.9816 -0.1805 -8.6251
0.9993 -0.0300 0.0734 -13.2747 -0.0373 0.1806 0.9828 0.0059 -0.0005 0.9828 -0.1807 -8.6184
0.9995 0.0262 -0.0641 -9.1603 0.0326 0.1808 0.9830 0.0063 -0.0002 0.9830 -0.1808 -8.6053
0.9976 0.0558 -0.1369 -5.3074 0.0696 0.1808 0.9811 0.0065 -0.0001 0.9811 -0.1807 -8.5931
0.9967 0.0653 -0.1601 -1.7363 0.0814 0.1809 0.9801 0.0066 -0.0001 0.9801 -0.1809 -8.5817
0.9966 0.0657 -0.1612 1.5632 0.0820 0.1812 0.9800 0.0066 -0.0001 0.9800 -0.1812 -8.5712
0.9969 0.0628 -0.1541 4.6082 0.0784 0.1815 0.9803 0.0066 -0.0001 0.9803 -0.1815 -8.5615
0.9985 0.0434 -0.1065 7.4471 0.0542 0.1820 0.9818 0.0064 -0.0001 0.9818 -0.1820 -8.5525
1.0000 -0.0054 0.0133 10.3121 -0.0068 0.1822 0.9832 0.0061 -0.0001 0.9832 -0.1822 -8.5433
0.9999 0.0124 -0.0304 13.1984 0.0154 0.1822 0.9831 0.0062 -0.0001 0.9831 -0.1822 -8.5341
0.9990 0.0351 -0.0861 15.9199 0.0438 0.1822 0.9823 0.0063 -0.0001 0.9823 -0.1822 -8.5253
1.0000 0.0059 -0.0145 18.5596 0.0074 0.1824 0.9832 0.0061 -0.0001 0.9832 -0.1824 -8.5169
0.9991 -0.0333 0.0819 21.3509 -0.0416 0.1821 0.9824 0.0058 -0.0001 0.9824 -0.1821 -8.5080
0.9978 -0.0529 0.1299 24.3728 -0.0660 0.1817 0.9811 0.0057 -0.0001 0.9811 -0.1817 -8.4983
0.9971 -0.0607 0.1488 27.6420 -0.0757 0.1813 0.9805 0.0056 -0.0001 0.9805 -0.1813 -8.4878
0.9969 -0.0633 0.1552 31.1611 -0.0789 0.1810 0.9803 0.0056 -0.0001 0.9803 -0.1810 -8.4766
0.9968 -0.0640 0.1568 34.9295 -0.0797 0.1807 0.9803 0.0056 -0.0001 0.9803 -0.1807 -8.4646
0.9968 -0.0639 0.1566 38.9454 -0.0796 0.1804 0.9804 0.0056 -0.0000 0.9804 -0.1804 -8.4518
0.9990 -0.0365 0.0895 43.1536 -0.0455 0.1806 0.9825 0.0058 -0.0000 0.9825 -0.1806 -8.4384
0.9996 0.0237 -0.0582 47.2546 0.0296 0.1808 0.9831 0.0063 -0.0001 0.9831 -0.1808 -8.4254
0.9920 -0.0687 0.0878 51.1212 0.0506 0.4903 -0.8701 0.0064 -0.1159 -0.8672 -0.4954 -8.3500
0.9453 0.0091 0.0356 54.8720 0.0342 -0.8446 -0.5343 0.0063 -0.3244 -0.5437 0.8387 -7.9952
0.8414 0.0083 0.0495 58.3356 0.0497 -0.8397 -0.5408 0.0064 -0.5380 -0.5633 0.8252 -7.1461
0.8917 -0.0028 0.0047 61.5548 -0.0025 -0.1506 0.9886 0.0061 -0.4527 0.9888 0.1495 -5.7531
0.9451 -0.0131 -0.0060 64.6007 0.0174 0.9841 0.1769 0.0062 -0.3263 0.1825 -0.9831 -4.0332
0.9991 -0.0053 0.0131 70.4767 -0.0067 0.1960 0.9806 0.0061 -0.0430 0.9805 -0.1963 -0.3746
0.9625 -0.0612 0.0841 89.8416 0.0469 0.4059 -0.9127 0.0064 -0.2670 -0.9076 -0.4174 18.3488
0.9952 0.0126 -0.0235 91.9011 -0.0118 0.0729 -0.9973 0.0060 -0.0968 -0.9974 -0.0717 22.8099
0.9980 -0.0147 -0.0221 94.0124 -0.0281 -0.9188 -0.3937 0.0059 -0.0563 -0.3922 0.9194 27.6151
0.9745 -0.0177 0.0877 95.8227 0.0521 -0.5235 -0.8504 0.0064 -0.2183 -0.8564 0.5138 32.3440
0.9764 0.1001 -0.1119 96.8494 0.0719 -0.6161 0.7844 0.0065 -0.2036 0.7753 0.6277 36.7160
0.9947 0.0789 -0.1270 97.4887 0.0654 -0.2344 0.9699 0.0065 -0.0787 0.9687 0.2394 40.6414
0.9982 -0.0095 0.0310 98.0459 -0.0166 0.3622 0.9320 0.0060 -0.0584 0.9316 -0.3631 44.4206
0.9985 -0.0247 0.0004 98.7335 0.0246 0.9997 -0.0076 0.0062 -0.0496 -0.0063 -0.9997 49.7555
0.9930 0.0227 0.0507 99.0804 0.0546 -0.8837 -0.4648 0.0064 -0.1044 -0.4699 0.8811 53.3670
0.9969 0.0688 -0.1015 99.2475 0.0539 -0.3334 0.9412 0.0064 -0.0570 0.9402 0.3363 56.5771
0.9988 0.0407 -0.0951 99.3764 0.0480 0.1416 0.9888 0.0064 -0.0072 0.9888 -0.1412 60.2951
0.9990 0.0370 -0.0867 99.4566 0.0438 0.1447 0.9885 0.0063 -0.0016 0.9885 -0.1446 62.7021
0.9992 0.0337 -0.0792 99.5268 0.0400 0.1463 0.9884 0.0063 -0.0003 0.9884 -0.1463 64.8141
