1.0000 0.0000 -0.0000 0.0000 -0.0000 -0.8939 -0.4483 0.0023 0.0000 -0.4483 0.8939 0.0000
1.0000 0.0000 -0.0000 0.0000 -0.0000 -0.8939 -0.4483 0.0037 0.0000 -0.4483 0.8939 0.0000
1.0000 0.0000 -0.0000 0.0000 -0.0000 -0.8939 -0.4483 0.0042 0.0000 -0.4483 0.8939 0.0000
1.0000 0.0000 -0.0000 0.0000 -0.0000 -0.8939 -0.4483 0.0046 0.0000 -0.4483 0.8939 0.0000
1.0000 0.0000 -0.0000 0.0000 -0.0000 -0.8939 -0.4483 0.0047 0.0000 -0.4483 0.8939 0.0000
1.0000 0.0000 -0.0000 0.0000 -0.0000 -0.8939 -0.4483 0.0048 0.0000 -0.4483 0.8939 0.0000
1.0000 0.0000 -0.0000 0.0000 -0.0000 -0.8939 -0.4483 0.0048 0.0000 -0.4483 0.8939 0.0000
1.0000 0.0000 -0.0000 0.0000 -0.0000 -0.8939 -0.4483 0.0048 0.0000 -0.4483 0.8939 0.0000
1.0000 0.0000 -0.0000 0.0000 -0.0000 -0.8939 -0.4483 0.0048 0.0000 -0.4483 0.8939 0.0000
1.0000 0.0000 -0.0000 0.0000 -0.0000 -0.8939 -0.4483 0.0048 0.0000 -0.4483 0.8939 0.0000
1.0000 0.0000 -0.0000 0.0000 -0.0000 -0.8939 -0.4483 0.0048 0.0000 -0.4483 0.8939 0.0000
1.0000 0.0000 -0.0000 0.0000 -0.0000 -0.8939 -0.4483 0.0048 0.0000 -0.4483 0.8939 0.0000
1.0000 0.0000 -0.0000 0.0000 -0.0000 -0.8939 -0.4483 0.0048 0.0000 -0.4483 0.8939 0.0000
1.0000 0.0000 -0.0000 0.0000 -0.0000 -0.8939 -0.4483 0.0048 0.0000 -0.4483 0.8939 0.0000
1.0000 0.0000 -0.0000 0.0000 -0.0000 -0.8939 -0.4483 0.0048 0.0000 -0.4483 0.8939 0.0000
1.0000 0.0000 -0.0000 0.0000 -0.0000 -0.8939 -0.4483 0.0048 0.0000 -0.4483 0.8939 0.0000
1.0000 0.0000 -0.0000 0.0000 -0.0000 -0.8939 -0.4483 0.0048 0.0000 -0.4483 0.8939 0.0000
1.0000 0.0000 -0.0000 0.0000 -0.0000 -0.8939 -0.4483 0.0048 0.0000 -0.4483 0.8939 0.0000
1.0000 0.0000 -0.0000 0.0000 -0.0000 -0.8939 -0.4483 0.0048 0.0000 -0.4483 0.8939 0.0000
1.0000 0.0000 -0.0000 0.0000 -0.0000 -0.8939 -0.4483 0.0048 0.0000 -0.4483 0.8939 0.0000
1.0000 0.0000 -0.0000 0.0000 -0.0000 -0.8939 -0.4483 0.0048 0.0000 -0.4483 0.8939 0.0000
1.0000 0.0000 -0.0000 0.0000 -0.0000 -0.8939 -0.4483 0.0048 0.0000 -0.4483 0.8939 0.0000
1.0000 0.0000 -0.0000 0.0000 -0.0000 -0.8939 -0.4483 0.0048 0.0000 -0.4483 0.8939 0.0000
1.0000 0.0000 -0.0000 0.0000 -0.0000 -0.8939 -0.4483 0.0048 0.0000 -0.4483 0.8939 0.0000
1.0000 0.0000 -0.0000 0.0000 -0.0000 -0.8939 -0.4483 0.0048 0.0000 -0.4483 0.8939 0.0000
1.0000 0.0000 -0.0000 0.0000 -0.0000 -0.8939 -0.4483 0.0048 0.0000 -0.4483 0.8939 0.0000
1.0000 0.0000 -0.0000 0.0000 -0.0000 -0.8939 -0.4483 0.0048 0.0000 -0.4483 0.8939 0.0000
1.0000 0.0000 -0.0000 0.0000 -0.0000 -0.8939 -0.4483 0.0048 0.0000 -0.4483 0.8939 0.0000
1.0000 0.0000 -0.0000 0.0000 -0.0000 -0.8939 -0.4483 0.0048 0.0000 -0.4483 0.8939 0.0000
1.0000 0.0000 -0.0000 0.0000 -0.0000 -0.8939 -0.4483 0.0048 0.0000 -0.4483 0.8939 0.0000
1.0000 0.0000 -0.0000 0.0000 -0.0000 -0.8939 -0.4483 0.0048 0.0000 -0.4483 0.8939 0.0000
1.0000 0.0000 -0.0000 0.0000 -0.0000 -0.8939 -0.4483 0.0048 0.0000 -0.4483 0.8939 0.0000
1.0000 0.0000 -0.0000 0.0000 -0.0000 -0.8939 -0.4483 0.0048 0.0000 -0.4483 0.8939 0.0000
1.0000 0.0000 -0.0000 0.0000 -0.0000 -0.8939 -0.4483 0.0048 0.0000 -0.4483 0.8939 0.0000
1.0000 0.0000 -0.0000 0.0000 -0.0000 -0.8939 -0.4483 0.0048 0.0000 -0.4483 0.8939 0.0000
1.0000 0.0000 -0.0000 0.0000 -0.0000 -0.8939 -0.4483 0.0048 0.0000 -0.4483 0.8939 0.0000
1.0000 0.0000 -0.0000 0.0000 -0.0000 -0.8939 -0.4483 0.0048 0.0000 -0.4483 0.8939 0.0000
1.0000 0.0000 -0.0000 0.0000 -0.0000 -0.8939 -0.4483 0.0048 0.0000 -0.4483 0.8939 0.0000
1.0000 0.0000 -0.0000 0.0000 -0.0000 -0.8939 -0.4483 0.0048 0.0000 -0.4483 0.8939 0.0000
1.0000 0.0000 -0.0000 0.0000 -0.0000 -0.8939 -0.4483 0.0048 0.0000 -0.4483 0.8939 0.0000
1.0000 0.0000 -0.0000 0.0000 -0.0000 -0.8939 -0.4483 0.0048 0.0000 -0.4483 0.8939 0.0000
1.0000 0.0000 -0.0000 0.0000 -0.0000 -0.8939 -0.4483 0.0048 0.0000 -0.4483 0.8939 0.0000
1.0000 0.0000 -0.0000 0.0000 -0.0000 -0.8939 -0.4483 0.0048 0.0000 -0.4483 0.8939 0.0000
1.0000 0.0000 -0.0000 0.0000 -0.0000 -0.8939 -0.4483 0.0048 0.0000 -0.4483 0.8939 0.0000
1.0000 0.0000 -0.0000 0.0000 -0.0000 -0.8939 -0.4483 0.0048 0.0000 -0.4483 0.8939 0.0000
1.0000 0.0000 -0.0000 0.0000 -0.0000 -0.8939 -0.4483 0.0048 0.0000 -0.4483 0.8939 0.0000
1.0000 0.0000 -0.0000 0.0000 -0.0000 -0.8939 -0.4483 0.0048 0.0000 -0.4483 0.8939 0.0000
1.0000 0.0000 -0.0000 0.0000 -0.0000 -0.8939 -0.4483 0.0048 0.0000 -0.4483 0.8939 0.0000
1.0000 0.0000 -0.0000 0.0000 -0.0000 -0.8939 -0.4483 0.0048 0.0000 -0.4483 0.8939 0.0000
1.0000 0.0000 -0.0000 0.0000 -0.0000 -0.8939 -0.4483 0.0048 0.0000 -0.4483 0.8939 0.0000
1.0000 0.0000 -0.0000 0.0000 -0.0000 -0.8939 -0.4483 0.0048 0.0000 -0.4483 0.8939 0.0000
1.0000 0.0000 -0.0000 0.0000 -0.0000 -0.8939 -0.4483 0.0048 0.0000 -0.4483 0.8939 0.0000
1.0000 0.0000 -0.0000 0.0000 -0.0000 -0.8939 -0.4483 0.0048 0.0000 -0.4483 0.8939 0.0000
1.0000 0.0000 -0.0000 0.0000 -0.0000 -0.8939 -0.4483 0.0048 0.0000 -0.4483 0.8939 0.0000
1.0000 0.0000 -0.0000 0.0000 -0.0000 -0.8939 -0.4483 0.0048 0.0000 -0.4483 0.8939 0.0000
1.0000 0.0000 -0.0000 0.0000 -0.0000 -0.8939 -0.4483 0.0048 0.0000 -0.4483 0.8939 0.0000
1.0000 0.0000 -0.0000 0.0000 -0.0000 -0.8939 -0.4483 0.0048 0.0000 -0.4483 0.8939 0.0000
1.0000 0.0000 -0.0000 0.0000 -0.0000 -0.8939 -0.4483 0.0048 0.0000 -0.4483 0.8939 0.0000
1.0000 0.0000 -0.0000 0.0000 -0.0000 -0.8939 -0.4483 0.0048 0.0000 -0.4483 0.8939 0.0000
1.0000 0.0000 -0.0000 0.0000 -0.0000 -0.8939 -0.4483 0.0048 0.0000 -0.4483 0.8939 0.0000
1.0000 0.0000 -0.0000 0.0000 -0.0000 -0.8939 -0.4483 0.0048 0.0000 -0.4483 0.8939 0.0000
1.0000 0.0000 -0.0000 0.0000 -0.0000 -0.8939 -0.4483 0.0048 0.0000 -0.4483 0.8939 0.0000
1.0000 0.0000 -0.0000 0.0000 -0.0000 -0.8939 -0.4483 0.0048 0.0000 -0.4483 0.8939 0.0000
1.0000 0.0000 -0.0000 0.0000 -0.0000 -0.8939 -0.4483 0.0048 0.0000 -0.4483 0.8939 0.0000
1.0000 0.0000 -0.0000 0.0000 -0.0000 -0.8939 -0.4483 0.0048 0.0000 -0.4483 0.8939 0.0000
1.0000 0.0000 -0.0000 0.0000 -0.0000 -0.8939 -0.4483 0.0048 0.0000 -0.4483 0.8939 0.0000
1.0000 0.0000 -0.0000 0.0000 -0.0000 -0.8939 -0.4483 0.0048 0.0000 -0.4483 0.8939 0.0000
1.0000 0.0000 -0.0000 0.0000 -0.0000 -0.8939 -0.4483 0.0048 0.0000 -0.4483 0.8939 0.0000
1.0000 0.0000 -0.0000 0.0000 -0.0000 -0.8939 -0.4483 0.0048 0.0000 -0.4483 0.8939 0.0000
1.0000 0.0000 -0.0000 0.0000 -0.0000 -0.8939 -0.4483 0.0048 0.0000 -0.4483 0.8939 0.0000
1.0000 0.0000 -0.0000 0.0000 -0.0000 -0.8939 -0.4483 0.0048 0.0000 -0.4483 0.8939 0.0000
1.0000 0.0000 -0.0000 0.0000 -0.0000 -0.8939 -0.4483 0.0048 0.0000 -0.4483 0.8939 0.0000
1.0000 0.0000 -0.0000 0.0000 -0.0000 -0.8939 -0.4483 0.0048 0.0000 -0.4483 0.8939 0.0000
1.0000 0.0000 -0.0000 0.0000 -0.0000 -0.8939 -0.4483 0.0048 0.0000 -0.4483 0.8939 0.0000
1.0000 0.0000 -0.0000 0.0000 -0.0000 -0.8939 -0.4483 0.0048 0.0000 -0.4483 0.8939 0.0000
1.0000 0.0000 -0.0000 0.0000 -0.0000 -0.8939 -0.4483 0.0048 0.0000 -0.4483 0.8939 0.0000
1.0000 0.0000 -0.0000 0.0000 -0.0000 -0.8939 -0.4483 0.0048 0.0000 -0.4483 0.8939 0.0000
1.0000 0.0000 -0.0000 0.0000 -0.0000 -0.8939 -0.4483 0.0048 0.0000 -0.4483 0.8939 0.0000
1.0000 0.0000 -0.0000 0.0000 -0.0000 -0.8939 -0.4483 0.0048 0.0000 -0.4483 0.8939 0.0000
1.0000 0.0000 -0.0000 0.0000 -0.0000 -0.8939 -0.4483 0.0048 0.0000 -0.4483 0.8939 0.0000
1.0000 0.0000 -0.0000 0.0000 -0.0000 -0.8939 -0.4483 0.0048 0.0000 -0.4483 0.8939 0.0000
1.0000 0.0000 -0.0000 0.0000 -0.0000 -0.8939 -0.4483 0.0048 0.0000 -0.4483 0.8939 0.0000
1.0000 0.0000 -0.0000 0.0000 -0.0000 -0.8939 -0.4483 0.0048 0.0000 -0.4483 0.8939 0.0000
1.0000 0.0000 -0.0000 0.0000 -0.0000 -0.8939 -0.4483 0.0048 0.0000 -0.4483 0.8939 0.0000
1.0000 0.0000 -0.0000 0.0000 -0.0000 -0.8939 -0.4483 0.0048 0.0000 -0.4483 0.8939 0.0000
1.0000 0.0000 -0.0000 0.0000 -0.0000 -0.8939 -0.4483 0.0048 0.0000 -0.4483 0.8939 0.0000
1.0000 0.0000 -0.0000 0.0000 -0.0000 -0.8939 -0.4483 0.0048 0.0000 -0.4483 0.8939 0.0000
1.0000 0.0000 -0.0000 0.0000 -0.0000 -0.8939 -0.4483 0.0048 0.0000 -0.4483 0.8939 0.0000
1.0000 0.0000 -0.0000 0.0000 -0.0000 -0.8939 -0.4483 0.0048 0.0000 -0.4483 0.8939 0.0000
