0.013547
0.065614
0.098921
0.195352
0.271559
0.361958
0.437523
0.504943
0.589533
0.668907
0.726079
0.817547
0.881563
0.957034
1.042715
1.124326
1.201573
1.296731
1.352909
1.437559
1.504928
1.583411
1.679602
1.753550
1.800865
1.889951
1.943313
2.024866
2.117941
2.186865
2.261313
2.331950
2.407367
2.468893
2.533921
2.693563
2.748234
2.791889
2.874244
2.968941
3.024569
3.136574
3.189591
3.276716
3.349438
3.432936
3.513568
3.579944
3.669568
3.797542
3.889564
3.970444
4.037047
4.109058
4.228348
4.345619
4.440062
4.553205
4.657595
4.714871
4.809333
4.920443
5.017770
5.127778
5.217134
5.309924
5.381726
5.461421
5.593599
5.702250
5.818599
5.938336
6.051488
6.197579
6.303916
6.468547
6.581756
6.721631
6.929552
7.137566
7.319177
7.401597
7.518343
7.701554
7.816214
7.939357
8.079911
8.192051
8.300077
